,analysis_id,yearmon,country_name,unique_name,population,estimated_population,p3plus,p3plus_percentage,overall_phase,phase1_percentage,phase2_percentage,phase3_percentage,phase4_percentage,phase5_percentage,phase1_percentage_projected,phase2_percentage_projected,phase3_percentage_projected,phase4_percentage_projected,phase5_percentage_projected,phase1_percentage_second_projected,phase2_percentage_second_projected,phase3_percentage_second_projected,phase4_percentage_second_projected,phase5_percentage_second_projected,district,geometry,region,adm1_name,Unnamed: 0,latitude,longitude,timestamp,Demonstrations,Political violence,Political violence; Demonstrations,Strategic developments,fatalities_total,Political violence_RSI,Political violence_RSI_rolling_mean_6,Political violence_rolling_mean,Political violence_rolling_std,Political violence_deviation,Political violence_pct_dev,Political violence_zscore,Political violence_below_1sd,Political violence_below_2sd,Political violence_above_1sd,Political violence_above_2sd,Demonstrations_RSI,Demonstrations_RSI_rolling_mean_6,Demonstrations_rolling_mean,Demonstrations_rolling_std,Demonstrations_deviation,Demonstrations_pct_dev,Demonstrations_zscore,Demonstrations_below_1sd,Demonstrations_below_2sd,Demonstrations_above_1sd,Demonstrations_above_2sd,Strategic developments_RSI,Strategic developments_RSI_rolling_mean_6,Strategic developments_rolling_mean,Strategic developments_rolling_std,Strategic developments_deviation,Strategic developments_pct_dev,Strategic developments_zscore,Strategic developments_below_1sd,Strategic developments_below_2sd,Strategic developments_above_1sd,Strategic developments_above_2sd,Political violence; Demonstrations_RSI,Political violence; Demonstrations_RSI_rolling_mean_6,Political violence; Demonstrations_rolling_mean,Political violence; Demonstrations_rolling_std,Political violence; Demonstrations_deviation,Political violence; Demonstrations_pct_dev,Political violence; Demonstrations_zscore,Political violence; Demonstrations_below_1sd,Political violence; Demonstrations_below_2sd,Political violence; Demonstrations_above_1sd,Political violence; Demonstrations_above_2sd,fatalities_total_RSI,fatalities_total_RSI_rolling_mean_6,fatalities_total_rolling_mean,fatalities_total_rolling_std,fatalities_total_deviation,fatalities_total_pct_dev,fatalities_total_zscore,fatalities_total_below_1sd,fatalities_total_below_2sd,fatalities_total_above_1sd,fatalities_total_above_2sd,inflation_food_price_index,inflation_food_price_index_RSI,inflation_food_price_index_RSI_rolling_mean_6,inflation_food_price_index_rolling_mean,inflation_food_price_index_rolling_std,inflation_food_price_index_deviation,inflation_food_price_index_pct_dev,inflation_food_price_index_zscore,inflation_food_price_index_below_1sd,inflation_food_price_index_below_2sd,inflation_food_price_index_above_1sd,inflation_food_price_index_above_2sd,zscore_anomaly,anomaly_above_1sd,anomaly_below_1sd,anomaly_above_2sd,anomaly_below_2sd,percent_deviation,percent_deviation_rolling_mean_6,zscore_anomaly
0,24227781,2021-07-01,Kenya,Kenya_2021-07,54986000,459785,160925.0,0.35,3.0,0.3,0.35,0.25,0.1,0.0,0.25,0.4,0.25,0.1,0.0,,,,,,Marsabit,"POLYGON ((36.641506825 4.445211417, 36.648533641 4.444113345, 36.668858772 4.445615233, 36.700784635 4.445281917, 36.706007066 4.447512844, 36.765052176 4.449195395, 36.790126706 4.453547094, 36.822991004 4.454268928, 36.838917689 4.448575477, 36.864556786 4.43650867, 36.906015763 4.42669185, 36.917002311 4.419454059, 36.941542753 4.408239767, 36.94351499 4.406355463, 36.943545503 4.400930944, 36.950511285 4.401619431, 36.966418898 4.399158664, 36.971561213 4.396198226, 36.983490007 4.385860301, 36.988800173 4.383885402, 36.99576214 4.384862351, 37.003578609 4.378346436, 37.007198833 4.379468335, 37.010288805 4.382668116, 37.015591353 4.39118132, 37.026829672 4.380551119, 37.031548551 4.381277752, 37.03325375 4.375694935, 37.039380276 4.372057921, 37.038647836 4.369226225, 37.051591354 4.353355548, 37.060784967 4.356543879, 37.072622212 4.35144786, 37.078538923 4.345549876, 37.098661831 4.313131478, 37.11209746 4.301989197, 37.117296997 4.299497451, 37.123164124 4.300633174, 37.132815501 4.295457534, 37.174118049 4.266369065, 37.189895953 4.257897799, 37.22620878 4.23527661, 37.241929463 4.227264499, 37.31157959 4.180315197, 37.336791426 4.164697215, 37.373764205 4.138901995, 37.39081243 4.13106916, 37.40290526 4.122620309, 37.413247112 4.118137455, 37.451764877 4.094880701, 37.58511026 4.000499138, 37.603550874 3.98981363, 37.619073182 3.977358733, 37.63694158 3.966779552, 37.682787517 3.933018254, 37.710181401 3.915487608, 37.725413787 3.903707619, 37.77649741 3.87036304, 37.783676814 3.867126299, 37.809499012 3.85105394, 37.837388814 3.83109378, 37.843980744 3.828769153, 37.877970367 3.804392422, 37.913138758 3.782746782, 37.921340518 3.776000104, 37.973763129 3.746683986, 37.999158078 3.737523272, 38.006997427 3.723212935, 38.012624213 3.715675255, 38.028562327 3.698650986, 38.041395218 3.686018969, 38.048807323 3.682607722, 38.070471416 3.667967431, 38.095721393 3.64794792, 38.130332808 3.606949601, 38.137710585 3.609851376, 38.147506926 3.608684647, 38.173485549 3.615837044, 38.189309237 3.617651477, 38.233709399 3.615238846, 38.245279609 3.612760925, 38.297591614 3.611029867, 38.331051 3.608522364, 38.346867057 3.608732855, 38.366577996 3.60738088, 38.374535614 3.605133732, 38.445005942 3.601090671, 38.466799754 3.606567848, 38.498351766 3.618645068, 38.520778831 3.625053427, 38.522655714 3.639176132, 38.516658895 3.646012204, 38.516727564 3.649857089, 38.519542871 3.653296457, 38.522575615 3.651289618, 38.524757667 3.65243059, 38.530254756 3.651049544, 38.536617801 3.652011713, 38.539478881 3.6513256, 38.542160663 3.646378598, 38.551251264 3.63936277, 38.551976065 3.632759141, 38.556599566 3.626727187, 38.559990886 3.611512376, 38.565777899 3.611442758, 38.567662395 3.608919551, 38.575272866 3.604834115, 38.603464049 3.604792607, 38.612192258 3.610296735, 38.614652787 3.609492615, 38.61504189 3.605240784, 38.617212495 3.602771931, 38.651232647 3.596868923, 38.665602898 3.591799135, 38.669062905 3.599779747, 38.67648265 3.608376854, 38.67336599 3.620272446, 38.682601562 3.623532532, 38.684604318 3.6231263, 38.689353709 3.619907205, 38.690654542 3.614389003, 38.692596261 3.612661806, 38.696296583 3.603534731, 38.703083057 3.593069762, 38.707710374 3.588529704, 38.715221647 3.569922485, 38.730446406 3.564101028, 38.844840011 3.531006497, 38.905582641 3.510658925, 38.959802029 3.514154983, 38.958669045 3.519094592, 38.959657076 3.523916669, 38.965974346 3.528440505, 38.968839242 3.528558033, 38.971414212 3.526486351, 38.976575603 3.527572249, 38.979604532 3.525726807, 38.981542434 3.522279807, 38.989900601 3.519511521, 39.000669707 3.518181727, 39.002416878 3.523429105, 39.006319392 3.523040036, 39.009016435 3.52102247, 39.014467739 3.512273971, 39.019518496 3.508256959, 39.022955612 3.512463728, 39.023524021 3.521338811, 39.028803669 3.52233388, 39.033446248 3.521130442, 39.036086074 3.523383063, 39.043540143 3.52461319, 39.047156547 3.522948215, 39.054786089 3.515818913, 39.056964326 3.516859042, 39.060691365 3.52187994, 39.070594521 3.524837736, 39.07571395 3.52773236, 39.080470982 3.536959792, 39.0855103 3.539483469, 39.089645515 3.539057925, 39.09532952 3.530363065, 39.101009715 3.526228045, 39.102901839 3.522889517, 39.106689907 3.519903577, 39.122406771 3.515097696, 39.129692985 3.509985243, 39.140076799 3.509314142, 39.150800126 3.506915133, 39.150060054 3.501088923, 39.151494407 3.498844881, 39.162335992 3.496165276, 39.164918592 3.493631579, 39.173524718 3.489676548, 39.180406568 3.488128146, 39.189867208 3.488904361, 39.192686315 3.477206166, 39.228186602 3.478609344, 39.234381791 3.475106794, 39.240405318 3.474200638, 39.257899871 3.474295504, 39.263465622 3.470439887, 39.268283681 3.469759972, 39.28060922 3.475320356, 39.291965803 3.477126211, 39.295692837 3.476555006, 39.298504323 3.474319545, 39.302174136 3.474788947, 39.304928403 3.475882715, 39.307793304 3.482060797, 39.316220146 3.489394867, 39.319600042 3.496549905, 39.325028468 3.499967812, 39.322014778 3.479631508, 39.316986896 3.468595829, 39.307716986 3.457471231, 39.302044409 3.448281469, 39.298206739 3.439443819, 39.297005077 3.430750159, 39.302368638 3.418535116, 39.308674452 3.41058096, 39.310024877 3.405875935, 39.31818464 3.362610979, 39.322254967 3.321790085, 39.327629957 3.291327346, 39.331311205 3.281175403, 39.339844841 3.266453129, 39.341202895 3.261106099, 39.346688458 3.164935402, 39.34482303 3.160475932, 39.345967443 3.136971801, 39.344792435 3.066867553, 39.343033822 3.064153871, 39.330590024 3.055825688, 39.283866654 3.028300064, 39.263434707 3.005352852, 39.244189159 2.986973819, 39.233561198 2.984578644, 39.207468136 2.973039968, 39.202341077 2.968761683, 39.196351875 2.959380969, 39.188462921 2.95786238, 39.162984046 2.956952674, 39.150174034 2.954511728, 39.147240471 2.952304642, 39.13935151 2.940797897, 39.12685812 2.934556888, 39.119075969 2.918318184, 39.111972835 2.885188273, 39.066947057 2.882713023, 39.070094188 2.806020186, 39.065970394 2.773188513, 39.064356719 2.738510925, 39.061423155 2.733770386, 39.051844251 2.725682747, 39.049948305 2.720733847, 39.048040906 2.703888181, 39.036672869 2.688834081, 39.031961613 2.674005978, 39.015554242 2.63337561, 38.991818683 2.581028713, 38.984242534 2.569819015, 38.975930137 2.563332217, 38.956066606 2.558156614, 38.945495864 2.553424663, 38.918677999 2.549324716, 38.912860466 2.545569716, 38.900935482 2.544284283, 38.895568093 2.541397766, 38.889292789 2.539958801, 38.892569678 2.537443941, 38.895056906 2.529980181, 38.897994263 2.500975274, 38.904178002 2.486002697, 38.904311514 2.478276463, 38.919051773 2.434932401, 38.93550487 2.397767372, 38.935096682 2.387281685, 38.938976292 2.361732596, 38.938331592 2.357344647, 38.933734783 2.346867785, 38.932796343 2.337404349, 38.933048113 2.330030945, 38.938110308 2.311927733, 38.937816567 2.307205074, 38.93058756 2.290295528, 38.928230023 2.279257715, 38.93192271 2.255328065, 38.934192496 2.246706171, 38.937061203 2.241259974, 38.938217069 2.22369936, 38.940784403 2.208337248, 38.940227429 2.178888458, 38.93785081 2.153501966, 38.943607297 2.140718364, 38.950847725 2.117512491, 38.957493053 2.102024029, 38.961681672 2.096867246, 38.962501847 2.09369155, 38.38692091 1.760497877, 38.342913591 1.575098349, 38.222179751 1.479037528, 37.947569295 1.264176954, 37.952955798 1.385302212, 37.853420715 1.456217418, 37.85110896 1.452444301, 37.850220114 1.444366199, 37.846725778 1.438792465, 37.843971505 1.423079086, 37.832550068 1.4227296, 37.827606118 1.418349046, 37.818278994 1.420668896, 37.811095771 1.416033973, 37.801215503 1.416444974, 37.794554904 1.411412285, 37.788107935 1.412847083, 37.783873536 1.416779572, 37.781985222 1.416290142, 37.779127953 1.409866521, 37.773863563 1.408534119, 37.764696659 1.412011627, 37.760397408 1.411448534, 37.756979368 1.408868716, 37.748918749 1.410854332, 37.72518703 1.402583256, 37.721391329 1.403006294, 37.717458296 1.405789944, 37.711778096 1.405316489, 37.685177666 1.396962094, 37.679997201 1.398225484, 37.675655988 1.401289252, 37.67324505 1.401152174, 37.666588265 1.395658185, 37.661770204 1.395429206, 37.660351107 1.39386365, 37.657364138 1.394178574, 37.654739574 1.397722593, 37.650604358 1.397964449, 37.644050573 1.393510589, 37.641170416 1.389438759, 37.633464568 1.385210423, 37.630923927 1.381545896, 37.623065489 1.380709123, 37.622783194 1.37540883, 37.621303061 1.374060335, 37.61733188 1.375170435, 37.608054346 1.37282246, 37.604567643 1.376646239, 37.599204073 1.389097508, 37.595736439 1.38104575, 37.590166865 1.375796595, 37.587763553 1.364995994, 37.579569415 1.363399329, 37.581469175 1.36797692, 37.579363422 1.376721701, 37.572843972 1.379530623, 37.568743091 1.387152671, 37.562345714 1.389328409, 37.556863884 1.395936553, 37.501889194 1.498616563, 37.471065829 1.551584234, 37.458614408 1.566877447, 37.453922237 1.575239722, 37.443412535 1.5860122, 37.351274327 1.739896853, 37.306527019 1.762438089, 37.267765136 1.875965476, 37.249732693 1.878379977, 37.244998557 1.880238051, 37.24284321 1.881773095, 37.237147755 1.892175702, 37.23081523 1.898318499, 37.222678316 1.902831491, 37.216578492 1.909146054, 37.207648105 1.914245862, 37.191378093 1.92711458, 37.18689955 1.93473282, 37.179052566 1.954735706, 37.173734769 1.955968701, 37.154248899 1.964628032, 37.132558085 1.967741518, 37.120427101 1.973578216, 37.113270582 1.974320471, 37.10152489 1.979171752, 37.085891939 1.98069083, 37.014998145 1.980254121, 37.009169168 1.981612395, 37.003519486 1.984923862, 36.994158025 1.98223617, 36.985815116 1.993410474, 36.984457059 2.000741563, 36.981946937 2.000910112, 36.970056284 2.007975036, 36.947781815 2.024140085, 36.942532684 2.025381186, 36.921467487 2.017524321, 36.915890285 2.017833526, 36.913803603 2.019150913, 36.913040652 2.026898126, 36.919060386 2.061543043, 36.91616498 2.079829585, 36.917568828 2.098700439, 36.916550284 2.101221734, 36.913387835 2.101344034, 36.909676059 2.10347269, 36.912899555 2.123186756, 36.912476117 2.127851486, 36.900764769 2.15439828, 36.893501456 2.192848992, 36.862491177 2.255910242, 36.841376402 2.274737963, 36.755711928 2.508838776, 36.753739694 2.516980543, 36.744012014 2.515019965, 36.739525837 2.515572574, 36.728386689 2.512380195, 36.723900512 2.512878449, 36.711918298 2.508509099, 36.705028812 2.508506005, 36.703033685 2.511006562, 36.698925173 2.512771186, 36.695827574 2.512602879, 36.694126202 2.541970405, 36.694915871 2.558134977, 36.703453353 2.57851728, 36.69962333 2.596463403, 36.699753051 2.625897444, 36.692543143 2.65452213, 36.696270187 2.666344283, 36.696140488 2.671135128, 36.694667991 2.681211735, 36.688701685 2.688450216, 36.693382422 2.69792391, 36.690052125 2.701623849, 36.687221567 2.710468416, 36.692329555 2.714410562, 36.699585259 2.71324932, 36.704353731 2.716901336, 36.7061772 2.725646487, 36.703468722 2.745221586, 36.705460039 2.750333076, 36.70689822 2.765233427, 36.70591783 2.777109939, 36.701210399 2.780725724, 36.703434422 2.79311479, 36.69981421 2.808403018, 36.695576001 2.819070617, 36.696373293 2.823528898, 36.699001674 2.824203085, 36.701607165 2.822861379, 36.705025206 2.824757356, 36.70814952 2.842292005, 36.701187565 2.858278504, 36.678878771 2.882984184, 36.667602295 2.887833208, 36.666255681 2.889538947, 36.657447363 2.891021313, 36.619631482 2.885129809, 36.57702425 2.892153046, 36.567731457 2.895188098, 36.524803774 2.889102066, 36.517582418 2.910977714, 36.466704769 2.944594737, 36.457534054 2.954895209, 36.449751911 2.956739224, 36.446631427 2.961820442, 36.447028167 2.965924703, 36.440974124 2.975237728, 36.43361542 2.97570857, 36.41880266 2.998151137, 36.414167707 2.999866415, 36.404821516 3.014620879, 36.3978977 3.019674447, 36.39505188 3.024529903, 36.400121721 3.027506538, 36.401666704 3.026227054, 36.403562649 3.027026878, 36.405706556 3.030701306, 36.405489115 3.032951308, 36.403223142 3.038901726, 36.397455205 3.045684156, 36.397859581 3.057850087, 36.395914054 3.070028179, 36.394384332 3.074760144, 36.386400013 3.084871806, 36.391958141 3.082960325, 36.393178871 3.085783196, 36.378545417 3.122765192, 36.36945481 3.131002569, 36.364281981 3.141228899, 36.355645333 3.148717229, 36.342900182 3.172190634, 36.338673414 3.17717745, 36.334263534 3.179099896, 36.329464549 3.184717752, 36.322754358 3.186137179, 36.313377635 3.183130271, 36.308994454 3.179467764, 36.304687571 3.179890209, 36.303203624 3.181684633, 36.313373822 3.185696865, 36.303077737 3.182154277, 36.299640631 3.19254677, 36.298057512 3.2090444, 36.299129479 3.227898355, 36.297370871 3.232113951, 36.29182419 3.237449068, 36.291614379 3.240683654, 36.288932594 3.244553335, 36.286914586 3.254488342, 36.279433815 3.262998924, 36.270442391 3.267773093, 36.268863078 3.274013166, 36.252211587 3.285922837, 36.245318295 3.297027907, 36.235922503 3.301348166, 36.230219419 3.309681856, 36.220884664 3.314625765, 36.214525438 3.323165194, 36.224211158 3.325334132, 36.228487527 3.330677824, 36.235861494 3.335018096, 36.252688474 3.334929874, 36.256049297 3.340677652, 36.254588243 3.347550435, 36.254199147 3.361339387, 36.257624823 3.368813406, 36.256919105 3.388194942, 36.253848215 3.394087194, 36.254206807 3.397205919, 36.248206168 3.402999239, 36.237662129 3.407839685, 36.236304072 3.411594935, 36.237032701 3.419784152, 36.231882755 3.423329614, 36.230868028 3.426850757, 36.233031012 3.434682613, 36.232756351 3.437040372, 36.229391722 3.44184696, 36.230520902 3.449278308, 36.22812141 3.452117872, 36.229239143 3.457018861, 36.222651027 3.460686385, 36.218893477 3.46716343, 36.218965961 3.47044379, 36.220869536 3.472112099, 36.221247204 3.478050122, 36.217989388 3.481637064, 36.217485839 3.484002929, 36.220957291 3.489462246, 36.221491362 3.492635564, 36.217867333 3.502799915, 36.218473888 3.509145122, 36.212301585 3.515578542, 36.21153482 3.522552407, 36.209997468 3.52533094, 36.206152174 3.526159615, 36.204557599 3.528413911, 36.206060622 3.530252913, 36.206842658 3.537800363, 36.208704274 3.542694678, 36.20789555 3.552966544, 36.210577344 3.560619364, 36.210844385 3.567939621, 36.208803484 3.573255904, 36.210031847 3.577976427, 36.20901712 3.5821391, 36.213343089 3.596529054, 36.212351255 3.605182912, 36.221274032 3.621105287, 36.221136705 3.627511764, 36.218699069 3.633811441, 36.220610275 3.637549524, 36.217329576 3.647253291, 36.218893647 3.661372905, 36.217531775 3.664956271, 36.225199481 3.670157876, 36.230177761 3.666676303, 36.238577903 3.670036996, 36.241442799 3.668636165, 36.245425429 3.672534212, 36.246131166 3.675645071, 36.244376373 3.681016186, 36.245021073 3.683430922, 36.24755027 3.683999261, 36.248965548 3.679720249, 36.256446329 3.683086903, 36.257556431 3.686307424, 36.252318752 3.695797589, 36.251841912 3.703576764, 36.248164466 3.703077323, 36.250712741 3.707449784, 36.257228385 3.712892173, 36.266257963 3.715152419, 36.269260195 3.718306426, 36.273258088 3.725204954, 36.274791636 3.733559621, 36.280078927 3.745522682, 36.274146957 3.753863291, 36.27573391 3.760718195, 36.275234178 3.76423171, 36.263034528 3.77064559, 36.252681221 3.767639873, 36.257892214 3.77637669, 36.256591379 3.779960057, 36.257579408 3.782547631, 36.252295942 3.782458475, 36.252421832 3.785052487, 36.24803103 3.790785733, 36.245055527 3.815716957, 36.2393143 3.82797016, 36.236563857 3.840205481, 36.2416833 3.853560075, 36.24094705 3.855581932, 36.236712651 3.858541175, 36.237414572 3.860847678, 36.227602979 3.87462306, 36.227023143 3.885058233, 36.224814392 3.890725918, 36.213564628 3.903935821, 36.212431643 3.90722119, 36.20682774 3.911521663, 36.206263155 3.914004821, 36.195528385 3.925824146, 36.191168107 3.9387041, 36.187627998 3.942243127, 36.179021864 3.944590406, 36.181673135 3.946478995, 36.189886349 3.945919466, 36.196958947 3.947904364, 36.211661119 3.970544568, 36.211397904 3.975622216, 36.205107343 3.981076777, 36.209013685 3.992123201, 36.207430558 3.997665966, 36.205015806 3.998931864, 36.213137491 4.02463168, 36.216109219 4.041693375, 36.21861553 4.044683842, 36.218272206 4.05057419, 36.220286412 4.054566408, 36.219679869 4.061332633, 36.216696724 4.071578523, 36.217936529 4.074600937, 36.225989529 4.080204246, 36.22412411 4.087363352, 36.224967181 4.092535167, 36.231730789 4.10128772, 36.236396277 4.117207963, 36.242969146 4.125345448, 36.246562676 4.135921753, 36.245799746 4.161167196, 36.241531025 4.174679624, 36.237704807 4.177783576, 36.233199555 4.177333961, 36.22121353 4.181123079, 36.207198056 4.196118356, 36.209841698 4.197889654, 36.210551249 4.200584987, 36.209090195 4.205703403, 36.211524025 4.20817893, 36.215022183 4.215637461, 36.215335 4.220364426, 36.218959042 4.224190718, 36.22175528 4.231267335, 36.222491538 4.236673735, 36.220149278 4.249207776, 36.22024847 4.256599559, 36.222770045 4.264027576, 36.222388574 4.270739924, 36.217799411 4.283211508, 36.214030417 4.288221695, 36.199568612 4.301840462, 36.188799516 4.319683171, 36.18710576 4.324700508, 36.187399505 4.330927477, 36.19570047 4.341024599, 36.197031838 4.351149859, 36.213301871 4.360056887, 36.218451833 4.372672454, 36.217933027 4.376664676, 36.210520936 4.394935548, 36.214633277 4.405676827, 36.215617508 4.423545273, 36.21696413 4.428239816, 36.216304179 4.433333917, 36.182097064 4.423481419, 36.181208233 4.434474454, 36.173578689 4.443400104, 36.172640258 4.446775828, 36.173513846 4.450438583, 36.195700588 4.450234489, 36.213424039 4.448476519, 36.228854818 4.454300101, 36.235530676 4.453719832, 36.25040067 4.448136999, 36.338792863 4.448959376, 36.362387255 4.44736351, 36.407195623 4.447830245, 36.429702802 4.445360412, 36.456276537 4.446437944, 36.49804834 4.445397526, 36.50609752 4.446608582, 36.520612742 4.444190251, 36.530336607 4.444096788, 36.556368648 4.449145564, 36.597034168 4.452289518, 36.603736735 4.456433354, 36.625267333 4.455969883, 36.633224954 4.453275018, 36.641506825 4.445211417))",Marsabit,Marsabit,1068803490,317.6822000000002,4658.451700000004,206807086572,0.0,11.0,0.0,0.0,11.0,65.71428571428572,52.32224579916268,3.1666666666666665,5.792924219640091,7.833333333333334,2.473684210526316,1.352224375174031,0,0,1,0,,,0.0,8.788225421601363e-09,0.0,0.0,0.0,0,0,0,0,,,0.0,0.0,0.0,0.0,,0,0,0,0,,,0.0,0.0,0.0,0.0,,0,0,0,0,65.71428571428572,52.32224579916268,3.1666666666666665,5.792924219640091,7.833333333333334,2.473684210526316,1.352224375174031,0,0,1,0,15.65,67.01863354037272,49.66448149433731,7.118333333333304,10.18341724448932,8.531666666666696,1.198548349332718,0.8377999704650759,0.0,0.0,0.0,0.0,0.22382115186709986,0.0,0.0,0.0,0.0,0.4801112656467315,0.2270089420490442,0.22382115186709986
1,24227781,2021-07-01,Kenya,Kenya_2021-07,54986000,841353,168271.0,0.2,3.0,0.35,0.45,0.15,0.05,0.0,0.3,0.35,0.25,0.1,0.0,,,,,,Garissa,"POLYGON ((39.598397398 0.708115053, 39.602776756 0.698732927, 39.611745285 0.687106587, 39.628625654 0.6702864039999999, 39.635198508 0.66707394, 39.638185475 0.662161168, 39.647718591 0.652606561, 39.658533468 0.623067528, 39.664263256 0.612608801, 39.674654697 0.6030270760000001, 39.675120098 0.598232252, 39.677527219 0.5928762990000001, 39.692271315 0.575522944, 39.698870872 0.570817875, 39.701941763 0.564457674, 39.712306501 0.5537814089999999, 39.715442243 0.547719801, 39.719470643 0.543295505, 39.724509958 0.540589934, 39.73093022 0.530176563, 39.733535709 0.5235450659999999, 39.764542183 0.508415539, 39.77246928 0.498888648, 39.780796929 0.492012317, 39.796712162 0.486220663, 39.800198863 0.480548149, 39.809873128 0.482862866, 39.820188274 0.480437173, 39.826597093 0.477514422, 39.832170476 0.478201244, 39.850920085 0.473784307, 39.864081051 0.465062036, 39.871046826 0.458846364, 39.876612579 0.456475563, 39.8859397 0.461277955, 39.899981879 0.461701346, 39.907157467 0.459637898, 39.939827179 0.428723051, 39.958695044 0.416644207, 39.97161568 0.410120406, 40.008329052 0.396646431, 40.022775597 0.39434697, 40.049314972 0.392525433, 40.057963061 0.389846772, 40.085871937 0.371733678, 40.122280126 0.34431189, 40.151241879 0.329926048, 40.174202995 0.313542052, 40.220956845 0.261264024, 40.237432847 0.246979981, 40.252833083 0.238611733, 40.271178324 0.231328729, 40.294913839 0.219133865, 40.309276457 0.207790213, 40.321052659 0.201294963, 40.338879091 0.196617297, 40.358548058 0.194779582, 40.368134581 0.195656123, 40.378861721 0.193792021, 40.392259202 0.18546983, 40.403776 0.180358699, 40.408922128 0.179951278, 40.422529422 0.186561762, 40.435511092 0.185511517, 40.450163633 0.182236223, 40.464419437 0.18190944, 40.473037008 0.183093528, 40.480998438 0.185616216, 40.490829107 0.192425702, 40.498431948 0.194270046, 40.501495211 0.192406659, 40.501270139 0.189530621, 40.504928506 0.188951465, 40.507736178 0.190723873, 40.510952031 0.196005382, 40.513832185 0.204280519, 40.520939106 0.209317417, 40.523876481 0.216959401, 40.526859634 0.220920414, 40.535450501 0.22544154, 40.546490452 0.223920953, 40.560944624 0.216358653, 40.56368363 0.213817012, 40.570889735 0.21276717, 40.577130703 0.214530072, 40.586621856 0.212096275, 40.595342426 0.22196216, 40.598546835 0.222820971, 40.603921849 0.221825558, 40.614294215 0.228760947, 40.622301422 0.227882781, 40.631170767 0.229066482, 40.644324102 0.226849268, 40.650912214 0.229941398, 40.660998472 0.238133631, 40.669593154 0.243115519, 40.680774252 0.254074739, 40.684623358 0.261191369, 40.685554162 0.267684413, 40.700408886 0.282431986, 40.705810604 0.292306454, 40.715420017 0.315907858, 40.736378376 0.3240251, 40.739762079 0.32654752, 40.746018306 0.336186393, 40.753125227 0.341918413, 40.769048087 0.349412068, 40.794580357 0.356370162, 40.811063987 0.359432402, 40.821142615 0.36355384, 40.848624234 0.371532811, 40.866374369 0.378961949, 40.885795374 0.388750593, 40.891925713 0.393161893, 40.922779592 0.423843989, 40.949524959 0.436658875, 40.959611217 0.443772257, 40.978620226 0.449879453, 40.994493493 0.460472092, 40.992486895 -0.118882529, 40.993593271 -0.832570842, 41.10793728 -0.986906804, 41.119442638 -1.012747888, 41.220694345 -1.138025753, 41.562314927 -1.590002546, 41.563352577 -1.661719074, 40.899036827 -1.71762199, 40.500122377 -1.905535448, 40.213343106 -2.039033969, 40.210203545 -2.033066661, 40.208513595 -2.022892127, 40.195020733 -2.003409637, 40.197332477 -1.98845608, 40.19684037 -1.984431347, 40.194089915 -1.977785085, 40.187940496 -1.968861897, 40.18530067 -1.961925983, 40.189134502 -1.933412655, 40.186815111 -1.916517716, 40.187249973 -1.872222761, 40.185388359 -1.862111401, 40.18066185 -1.852372776, 40.172723303 -1.842256293, 40.176179476 -1.818383476, 40.172742356 -1.799471937, 40.171597915 -1.780070373, 40.174306399 -1.76995603, 40.18321007 -1.751633563, 40.184865676 -1.739918863, 40.182511958 -1.733498243, 40.174127081 -1.719519373, 40.172334135 -1.713143452, 40.171857281 -1.69698885, 40.173802807 -1.679665865, 40.174180461 -1.659973931, 40.173127578 -1.646171352, 40.168332398 -1.622918487, 40.160134444 -1.604922987, 40.150952281 -1.594118847, 40.14033195 -1.584889438, 40.129082178 -1.567473959, 40.120838441 -1.536045274, 40.119388821 -1.522143044, 40.115558786 -1.513850293, 40.113418698 -1.512675474, 40.107044209 -1.502466252, 40.100334017 -1.488168642, 40.093269058 -1.487955042, 40.084991 -1.484702716, 40.052576883 -1.504655234, 40.046316839 -1.501211832, 40.045199109 -1.496101558, 40.050276572 -1.496379526, 40.051997033 -1.494053965, 40.049132137 -1.488564521, 40.050146864 -1.483516586, 40.047358264 -1.480460459, 40.045832353 -1.476354432, 40.049143573 -1.469206697, 40.043406154 -1.466052471, 40.047079779 -1.46203441, 40.048201316 -1.446086256, 40.044012693 -1.441302944, 40.046080299 -1.438859614, 40.045092272 -1.437702197, 40.038378271 -1.435425749, 40.035883402 -1.414169332, 40.026415128 -1.39464368, 40.022936055 -1.392519446, 40.023737156 -1.391062602, 40.028520881 -1.389296676, 40.028684915 -1.387496422, 40.024606921 -1.38184463, 40.023287007 -1.373161144, 40.018564319 -1.375967434, 40.016126678 -1.374186372, 40.018220986 -1.366930763, 40.01483728 -1.360808137, 40.020994319 -1.347209619, 40.025758968 -1.341961072, 40.018278197 -1.337197071, 40.018228601 -1.328106045, 40.013334245 -1.321350833, 40.012838323 -1.315733488, 40.011201784 -1.312323936, 40.011362004 -1.310813215, 40.018327778 -1.305907482, 40.013196906 -1.298175319, 40.01336094 -1.296664598, 40.019807905 -1.292564289, 40.020429712 -1.29082721, 40.01881606 -1.282026313, 40.026006906 -1.276821987, 40.026289198 -1.275257031, 40.022794865 -1.271160659, 40.022844456 -1.269251934, 40.017812771 -1.268765487, 40.015432352 -1.266694892, 40.021612281 -1.257203356, 40.022157791 -1.25204707, 40.018915234 -1.249804948, 40.010835545 -1.251418182, 40.009443153 -1.25032418, 40.014150581 -1.245491873, 40.009771219 -1.238618773, 40.014612162 -1.226938635, 40.011827377 -1.224868279, 40.005182043 -1.224454662, 40.003316618 -1.221560644, 40.005368964 -1.216856, 40.003385282 -1.214088689, 39.997216794 -1.215637794, 39.993909386 -1.213974619, 39.995126295 -1.204693113, 39.986703274 -1.197794148, 39.983525565 -1.187962303, 39.976884043 -1.17890966, 39.976353786 -1.168018498, 39.969811447 -1.155663938, 39.967484435 -1.153358045, 39.958855417 -1.149823933, 39.957710983 -1.142117157, 39.954243354 -1.14191023, 39.950329398 -1.143847444, 39.947487391 -1.14253662, 39.946259034 -1.140049425, 39.946262843 -1.12168595, 39.943409391 -1.116024024, 39.939869274 -1.088289882, 39.93473459 -1.089250384, 39.932464799 -1.086546249, 39.93057267 -1.079834661, 39.927425481 -1.075222158, 39.930977033 -1.070851746, 39.931080031 -1.068762078, 39.922195423 -1.061636515, 39.921955092 -1.060071559, 39.925396016 -1.056171623, 39.926590039 -1.052742759, 39.921810127 -1.046050125, 39.912750039 -1.038173612, 39.910121656 -1.024985018, 39.912730959 -1.017548344, 39.911857376 -1.016282218, 39.904231644 -1.016040009, 39.899341104 -1.01027903, 39.89797923 -1.011165867, 39.898734554 -1.006461699, 39.904224011 -1.002118046, 39.900767826 -0.997704425, 39.901416336 -0.993705853, 39.898093668 -0.991074309, 39.898307295 -0.989454998, 39.900405419 -0.986252075, 39.905494327 -0.987055829, 39.906516685 -0.9858252240000001, 39.902606542 -0.981827904, 39.897033158 -0.979287429, 39.892318099 -0.980727049, 39.891616178 -0.969681822, 39.894534478 -0.962932565, 39.892112097 -0.963023693, 39.888819949 -0.967746635, 39.884932696 -0.9706876800000001, 39.882147911 -0.969566678, 39.883582265 -0.964165736, 39.882079243 -0.958684096, 39.884226959 -0.9550741109999999, 39.890551852 -0.952973772, 39.891608543 -0.949490673, 39.89047937 -0.946605236, 39.886859149 -0.943177685, 39.886008454 -0.939369413, 39.874220805 -0.938413504, 39.873423516 -0.934252405, 39.877554914 -0.927258672, 39.872561375 -0.924654544, 39.87162294 -0.9185938380000001, 39.866534031 -0.912633558, 39.865145453 -0.90779416, 39.868960224 -0.903116334, 39.863959056 -0.89970708, 39.863589023 -0.89785265, 39.864786861 -0.896567809, 39.869292108 -0.896919563, 39.872538479 -0.893580694, 39.872969548 -0.890857664, 39.871252899 -0.887176279, 39.864722006 -0.881406299, 39.869795652 -0.871390884, 39.871683962 -0.860317822, 39.870745528 -0.858933988, 39.866057172 -0.857668578, 39.863356311 -0.853996371, 39.861464184 -0.854593854, 39.859713205 -0.862835416, 39.856669017 -0.864202087, 39.854448818 -0.861859599, 39.856344759 -0.856223358, 39.851973028 -0.852623863, 39.850656931 -0.848761415, 39.853292939 -0.846942505, 39.859682684 -0.8506229360000001, 39.860991151 -0.848985267, 39.85753115 -0.839650299, 39.859163871 -0.831182617, 39.858507729 -0.829518189, 39.849760453 -0.8218126650000001, 39.85549024 -0.813407442, 39.854261883 -0.812032667, 39.850565368 -0.811961029, 39.841356506 -0.813980313, 39.839079086 -0.8115835300000001, 39.842188123 -0.796728776, 39.848184945 -0.7915078209999999, 39.844766909 -0.79027823, 39.837843095 -0.79041531, 39.840124329 -0.788017572, 39.836027263 -0.787891759, 39.825765523 -0.784139571, 39.82285485 -0.781688613, 39.823251586 -0.776532086, 39.828184085 -0.764671358, 39.82985877 -0.764824767, 39.831342717 -0.763123804, 39.829740511 -0.759496535, 39.830091469 -0.755326077, 39.835569483 -0.754972235, 39.837236539 -0.754085339, 39.837610386 -0.7518236659999999, 39.835435965 -0.748784523, 39.82973288 -0.749138424, 39.823057026 -0.746335294, 39.821599782 -0.744553456, 39.820241722 -0.737334676, 39.821546374 -0.735642773, 39.824853782 -0.737107662, 39.826631464 -0.7218099650000001, 39.824170935 -0.718942706, 39.826368243 -0.714174825, 39.824849963 -0.713098582, 39.819776315 -0.713334715, 39.819291838 -0.7114260489999999, 39.822381803 -0.704269788, 39.82092456 -0.7033020760000001, 39.817785002 -0.705944171, 39.815820394 -0.705971646, 39.811887362 -0.7003545370000001, 39.810315673 -0.6899514289999999, 39.814077038 -0.681230091, 39.813310268 -0.679737548, 39.805474725 -0.680869637, 39.805188615 -0.6714975949999999, 39.802850159 -0.669218282, 39.798199951 -0.670892664, 39.794099069 -0.6704862579999999, 39.796372673 -0.663103996, 39.795804271 -0.659060306, 39.78476813 -0.643809694, 39.783341404 -0.640064716, 39.783459661 -0.635722374, 39.789776924 -0.628647108, 39.790848874 -0.62197968, 39.789620517 -0.62054149, 39.777462835 -0.61705136, 39.773033883 -0.613695744, 39.769856176 -0.6087025190000001, 39.768238712 -0.608775111, 39.764713862 -0.612701809, 39.763203212 -0.612141159, 39.760498537 -0.608007296, 39.755211261 -0.604832683, 39.75320469 -0.601331942, 39.752971988 -0.596591596, 39.751118008 -0.595859122, 39.744266677 -0.601613609, 39.736244209 -0.601316211, 39.727783041 -0.598413371, 39.718135481 -0.602114724, 39.713206793 -0.599980357, 39.710181678 -0.597881927, 39.713622602 -0.5915307319999999, 39.712440022 -0.5895768300000001, 39.706023574 -0.592897761, 39.705886241 -0.5863661, 39.699202758 -0.582630718, 39.701567916 -0.572941428, 39.700579888 -0.558656917, 39.696597264 -0.558476451, 39.690154113 -0.564402823, 39.687708844 -0.562810868, 39.687743176 -0.556451091, 39.68506139 -0.553999714, 39.676951182 -0.556126634, 39.675841082 -0.545605458, 39.681818831 -0.543858782, 39.683497331 -0.539434729, 39.66278311 -0.525351308, 39.656027146 -0.518222403, 39.654112129 -0.514469021, 39.654081609 -0.502961596, 39.645303815 -0.497579635, 39.643354466 -0.493961126, 39.644144121 -0.473877248, 39.643049281 -0.469489699, 39.643949567 -0.467806914, 39.642072698 -0.465283034, 39.634263857 -0.463420111, 39.633149943 -0.462162716, 39.633523791 -0.45983766, 39.630456713 -0.459068949, 39.627996184 -0.46089662, 39.626603792 -0.459983023, 39.625291508 -0.443056594, 39.627446854 -0.435221913, 39.626752565 -0.430363828, 39.628286102 -0.415137975, 39.625333467 -0.414360175, 39.619756269 -0.415826198, 39.617372035 -0.414234153, 39.618833093 -0.411266705, 39.618833093 -0.406752329, 39.617162222 -0.402093366, 39.612683678 -0.399144454, 39.614255364 -0.395996033, 39.611550689 -0.391581397, 39.611829167 -0.386370424, 39.607770248 -0.380173621, 39.610436774 -0.376844227, 39.610783918 -0.371913669, 39.609383896 -0.368973548, 39.610299441 -0.363925371, 39.609597522 -0.362242705, 39.604764204 -0.361329317, 39.605607269 -0.358389046, 39.601754348 -0.35298834, 39.601411017 -0.347876898, 39.598816972 -0.34675527, 39.59489157 -0.349487658, 39.59362888 -0.348365911, 39.592228858 -0.342087486, 39.582981847 -0.336017629, 39.576088551 -0.333964405, 39.572521737 -0.325795282, 39.569321142 -0.323470404, 39.570396908 -0.317146564, 39.565613182 -0.313220493, 39.56353413 -0.303884207, 39.557316048 -0.295688027, 39.553749235 -0.296258184, 39.551250559 -0.299469959, 39.548713735 -0.299388665, 39.543209016 -0.2931013, 39.539970274 -0.292278205, 39.537013825 -0.295779513, 39.534610518 -0.301886293, 39.530666042 -0.304365355, 39.526622383 -0.303958441, 39.526027278 -0.302520013, 39.531436625 -0.288107955, 39.529369018 -0.284263117, 39.524261036 -0.281956357, 39.523421786 -0.274972157, 39.519210275 -0.270276986, 39.515490871 -0.259167473, 39.512423793 -0.253884147, 39.510508776 -0.252816694, 39.504576804 -0.253414028, 39.502562603 -0.249451511, 39.491267059 -0.245842195, 39.489172748 -0.244132381, 39.487334027 -0.240341763, 39.484072396 -0.237899177, 39.485480047 -0.23082437, 39.48289363 -0.227214695, 39.476194888 -0.222157638, 39.471975748 -0.221171642, 39.465147303 -0.214838937, 39.461050237 -0.214839056, 39.45669758 -0.212758371, 39.448831517 -0.201992611, 39.439325101 -0.193669558, 39.437066755 -0.193181082, 39.425858951 -0.195642175, 39.420140605 -0.195316615, 39.41534925 -0.199197943, 39.411187332 -0.193760731, 39.402684202 -0.196067954, 39.397297742 -0.194349126, 39.393322747 -0.185844935, 39.386345526 -0.18136675, 39.38029148 -0.172717822, 39.374977501 -0.169406665, 39.367202992 -0.170320575, 39.36545964 -0.155962796, 39.363914657 -0.155818059, 39.358856268 -0.169244123, 39.35300059 -0.171117001, 39.349117151 -0.169606189, 39.347362354 -0.150028153, 39.338302267 -0.149340706, 39.339526809 -0.146264653, 39.32324917 -0.144808285, 39.269960598 -0.147423623, 39.267641216 -0.1464737, 39.240438065 -0.146663987, 39.239045673 -0.145994508, 39.239198263 -0.144483622, 39.237294691 -0.144393165, 39.216408806 -0.147451339, 39.183029536 -0.146917852, 39.178779878 -0.14361562, 39.168327398 -0.142086705, 39.145999527 -0.144755815, 39.143950994 -0.142294961, 39.144580431 -0.124598428, 39.143523738 -0.122761831, 39.133570994 -0.12457134, 39.131198204 -0.119287722, 39.130545878 -0.113461259, 39.123580101 -0.109914744, 39.117838866 -0.102767381, 39.11245622 -0.100822232, 39.109915581 -0.091838251, 39.098970994 -0.083433321, 39.096888128 -0.078312542, 39.087263453 -0.069717602, 39.081846474 -0.061014084, 39.079210466 -0.053595279, 39.07508288 -0.050872039, 39.059644491 -0.055649045, 39.045766343 -0.056128563, 39.037530247 -0.047976922, 39.032139971 -0.045561284, 39.029446741 -0.046348405, 39.017334834 -0.058535171, 39.011036642 -0.057639487, 39.008846962 -0.053332954, 39.001583632 -0.053902936, 38.990776378 -0.056834271, 38.98786952 -0.06687681199999999, 38.981006743 -0.082772978, 38.933623436 -0.101609469, 38.914915784 -0.09658816200000001, 38.900991859 -0.09072546200000001, 38.878339731 -0.086753624, 38.85776284 -0.08068281099999999, 38.822224405 -0.082772594, 38.808300479 -0.07273004600000001, 38.79562017 -0.07566131099999999, 38.776916333 -0.06980764, 38.771289541 -0.073779367, 38.760482286 -0.064931092, 38.764617501 -0.058344707, 38.765243124 -0.056580493, 38.76420169 -0.054653425, 38.752761182 -0.048908373, 38.754557941 -0.040313492, 38.751151348 -0.036377927, 38.751307753 -0.028778238, 38.749133332 -0.0205, 38.742785548 -0.015632574, 38.741778447 -0.005843454, 38.737639417 0.001837654, 38.73927977 0.004135654, 38.739516286 0.007302189, 38.738108635 0.022022049, 38.735278072 0.026292341, 38.732462769 0.036886649, 38.732508546 0.042396418, 38.730379903 0.047906176, 38.73144041 0.05730626, 38.728823475 0.065493993, 38.730833861 0.073772225, 38.728396221 0.083398466, 38.732512362 0.093884248, 38.730601161 0.103184794, 38.731219154 0.110386394, 38.730223498 0.116267087, 38.733504204 0.125974815, 38.733153246 0.136596261, 38.736052474 0.145770203, 38.753325772 0.165077234, 38.756476776 0.170125638, 38.757384693 0.175499722, 38.755809191 0.188428227, 38.707292907 0.373479241, 38.688673003 0.451402136, 38.678727889 0.475087236, 38.677503349 0.491308802, 38.675046635 0.496221306, 38.665784363 0.49942352, 38.661698741 0.506977735, 38.680341543 0.505766376, 38.696058413 0.50818271, 38.701891202 0.5048807870000001, 38.705278722 0.504528078, 38.710070079 0.510209979, 38.72263213 0.509360091, 38.723509528 0.510481988, 38.721491514 0.519610519, 38.72374986 0.522270496, 38.735728251 0.516580309, 38.738017115 0.516598486, 38.745417778 0.521212903, 38.75221952 0.521493675, 38.755092045 0.519521473, 38.756236476 0.514337405, 38.765342341 0.509063221, 38.766975065 0.509805172, 38.76883286 0.514184113, 38.77576812 0.515677135, 38.784069069 0.522444816, 38.793407638 0.537698845, 38.801475886 0.541182305, 38.803200165 0.546122195, 38.808411147 0.54946077, 38.8104902 0.557512937, 38.815704996 0.562461945, 38.816059771 0.565574222, 38.821610268 0.570812823, 38.825192342 0.577191262, 38.83274941 0.582312273, 38.838273203 0.583126637, 38.841935388 0.598633846, 38.843304893 0.600461399, 38.858014662 0.605754532, 38.891378676 0.604162987, 38.894529679 0.605809656, 38.902834442 0.605601713, 38.9241514 0.608216749, 38.934199515 0.610885844, 38.939624124 0.614631482, 38.946479272 0.6133196990000001, 38.953345866 0.615074958, 38.962924763 0.612749868, 38.980098875 0.614052766, 38.992477817 0.619544544, 39.012928821 0.62471055, 39.013825293 0.62647475, 39.012402383 0.631486994, 39.013596408 0.636833947, 39.016304898 0.639077683, 39.022229242 0.639855751, 39.025128471 0.642977027, 39.023423269 0.653245753, 39.026993899 0.662121165, 39.028706732 0.663659245, 39.034718816 0.663894423, 39.040662235 0.668571837, 39.047803492 0.674714917, 39.049520142 0.6814280069999999, 39.051351233 0.682975086, 39.057817275 0.684693989, 39.061143758 0.682079246, 39.067487726 0.681237762, 39.072698707 0.677564476, 39.086931627 0.674687197, 39.090330592 0.6781341829999999, 39.096361749 0.678070708, 39.098108916 0.6814362819999999, 39.097902919 0.6848290339999999, 39.100649556 0.687479832, 39.118903249 0.689605558, 39.125651584 0.6872439930000001, 39.132773766 0.686863808, 39.136653392 0.689894552, 39.141612598 0.690563911, 39.148318973 0.704758921, 39.154456944 0.705934874, 39.156734364 0.708784675, 39.164043471 0.711960067, 39.167160142 0.716691657, 39.173778775 0.718690855, 39.176372822 0.720871177, 39.176895449 0.738947594, 39.180580523 0.750193213, 39.183487381 0.753251075, 39.189293469 0.767093198, 39.20538419 0.794514669, 39.214806683 0.801661521, 39.225274425 0.815068985, 39.236348718 0.841866333, 39.241307928 0.859300032, 39.243871457 0.862231187, 39.248163078 0.864954101, 39.272539482 0.869530311, 39.27805946 0.871728393, 39.280825172 0.875193259, 39.285021427 0.891785535, 39.311347186 0.920915301, 39.337180837 0.935352222, 39.349460595 0.945266688, 39.362488049 0.952638766, 39.371605358 0.954990017, 39.401391113 0.968159199, 39.455625752 0.986879635, 39.460958806 0.99062438, 39.465788311 0.996124265, 39.463217152 0.988235638, 39.481859946 0.973504464, 39.487383736 0.966691245, 39.492674824 0.957109756, 39.49510483 0.939757288, 39.506335517 0.9162606639999999, 39.513636991 0.904154786, 39.546489799 0.815870228, 39.552368358 0.785806597, 39.559246392 0.772850476, 39.563209938 0.757479333, 39.56853536 0.7469208939999999, 39.57800744 0.737239518, 39.584206444 0.72204902, 39.598397398 0.708115053))",Garissa,Garissa,1714711038,-111.93959999999987,7930.9711,335591695687,0.0,0.0,0.0,0.0,0.0,46.666666666666664,44.72651222651225,0.6666666666666666,5.669649683731077,-0.6666666666666666,-1.0,-0.1175851602577229,0,0,0,0,,,0.0,0.0,0.0,0.0,,0,0,0,0,,,0.0,0.0,0.0,0.0,,0,0,0,0,0.0,41.666666666666664,0.0,0.408248290463863,0.0,0.0,0.0,0,0,0,0,41.1764705882353,44.113620210957,0.6666666666666666,5.65621371795554,-0.6666666666666666,-1.0,-0.11786447611594773,0,0,0,0,94.5,68.55172413793105,51.584483355978485,41.58333333333338,55.16832550430794,52.91666666666662,1.2725450901803583,0.9591856592155313,0.0,0.0,0.0,0.0,0.3377119444843516,0.0,0.0,0.0,0.0,0.7575432684944099,0.5106734926146455,0.3377119444843516
2,24227781,2021-07-01,Kenya,Kenya_2021-07,54986000,1136187,113619.0,0.1,2.0,0.5,0.4,0.1,0.0,0.0,0.45,0.4,0.15,0.0,0.0,,,,,,Kitui,"POLYGON ((38.324812166 -0.066772822, 38.323572365 -0.069767263, 38.326811108 -0.06915213100000001, 38.332083127 -0.07100677900000001, 38.338644539 -0.065226012, 38.346586899 -0.06535276399999999, 38.363444388 -0.076489549, 38.368891886 -0.08151964, 38.378913299 -0.084803778, 38.381293719 -0.08937245100000001, 38.38279674 -0.08977958900000001, 38.386676365 -0.088947344, 38.391017579 -0.084414952, 38.393626884 -0.07632713300000001, 38.396697778 -0.076155286, 38.405406908 -0.078833268, 38.416816898 -0.07583891, 38.41923165 -0.072862528, 38.425602324 -0.073468742, 38.666978385 -0.483525421, 38.678460858 -0.505139663, 38.756991819 -0.636898084, 38.825688293 -0.756623457, 38.969570196 -1.060951037, 38.986893181 -1.36751855, 38.987900341 -1.527175588, 39.000306047 -1.673922101, 38.994004046 -1.686407306, 38.978546585 -1.692749385, 38.962886938 -1.692749154, 38.959835125 -1.705234238, 38.997052126 -1.848913748, 39.000306176 -1.945719078, 38.972237098 -2.002001606, 38.935004954 -2.095530425, 38.933776597 -2.096055137, 38.800187173 -2.35409497, 38.798600228 -2.356048871, 38.793877538 -2.35613875, 38.792542367 -2.357260407, 38.790818094 -2.365203551, 38.78830416 -2.36795346, 38.771454302 -2.368330614, 38.763157171 -2.37153205, 38.758800701 -2.376317153, 38.740455454 -2.37897362, 38.736720793 -2.38453685, 38.735149111 -2.392877879, 38.726520096 -2.398874517, 38.72454023 -2.402031369, 38.719741245 -2.403966438, 38.716647467 -2.409475552, 38.706118693 -2.414802058, 38.705382444 -2.418203504, 38.701018344 -2.421486708, 38.6880443 -2.427038501, 38.67860655 -2.428483906, 38.669493056 -2.43179286, 38.647336848 -2.432755282, 38.639100748 -2.429839933, 38.635553009 -2.431096524, 38.633328992 -2.426283056, 38.628056974 -2.425702563, 38.625020414 -2.426941036, 39.000955324 -2.942353366, 39.0547704 -3.019414821, 39.066596217 -3.041715155, 39.0633117 -3.045551437, 39.060114919 -3.044981433, 39.053149135 -3.037608544, 39.04579425 -3.035808416, 39.044111933 -3.033944871, 39.042944606 -3.025648905, 39.035166284 -3.028209292, 39.026003194 -3.025052211, 39.011659648 -3.02967545, 39.006036671 -3.03014605, 39.001535237 -3.028970042, 38.993665359 -3.029910762, 38.991021722 -3.031466779, 38.982724598 -3.043725621, 38.977895095 -3.045426347, 38.95679558 -3.045081881, 38.937530967 -3.04061172, 38.932316176 -3.046093895, 38.927841446 -3.046138717, 38.917278339 -3.049096514, 38.907718513 -3.047213902, 38.899558708 -3.043313977, 38.894218025 -3.043385739, 38.861979384 -3.063285453, 38.849344854 -3.065011694, 38.844465753 -3.059411044, 38.84029239 -3.059066564, 38.836069439 -3.064186614, 38.827867676 -3.065515205, 38.818460447 -3.071231251, 38.808286446 -3.073111256, 38.80006942 -3.070594747, 38.797906438 -3.064523738, 38.800263968 -3.062950079, 38.809171465 -3.062571736, 38.810262488 -3.059676884, 38.808622134 -3.05771345, 38.79258482 -3.054299622, 38.782910552 -3.053736775, 38.773983978 -3.050378488, 38.765972952 -3.049879291, 38.756672533 -3.051397171, 38.736812817 -3.048859215, 38.725605005 -3.042306414, 38.705462992 -3.036827835, 38.696109168 -3.039665955, 38.668921273 -3.042408016, 38.664274879 -3.043826957, 38.659281331 -3.032525764, 38.653166245 -3.029122179, 38.647306745 -3.020887722, 38.64217587 -3.017167784, 38.62915986 -3.017036676, 38.610311056 -3.012190085, 38.60689683 -3.008660624, 38.610364455 -3.00117997, 38.608590584 -3.000817609, 38.601617179 -3.003710082, 38.594277553 -3.004023818, 38.582493707 -2.993480016, 38.559357099 -2.991869426, 38.54979727 -2.986519096, 38.543060376 -2.984426454, 38.53676218 -2.979520493, 38.529800218 -2.981498714, 38.520186986 -2.980173713, 38.513759094 -2.98520079, 38.511985227 -2.988972466, 38.501391598 -2.98849735, 38.499453677 -2.96856643, 38.500910915 -2.961148952, 38.498740306 -2.957981615, 38.494555499 -2.958667247, 38.492457373 -2.957788757, 38.493857391 -2.953130245, 38.489092733 -2.946587212, 38.487990257 -2.939123249, 38.485796761 -2.938136049, 38.477888735 -2.939534729, 38.476717598 -2.938584242, 38.473600918 -2.92593539, 38.466383354 -2.911502618, 38.462198542 -2.906316776, 38.461530952 -2.899676235, 38.458059505 -2.897186899, 38.454397321 -2.896985933, 38.451082281 -2.895129779, 38.451349312 -2.891475156, 38.455587523 -2.88672772, 38.455488337 -2.884293928, 38.454031092 -2.88216743, 38.44611925 -2.882570565, 38.443876161 -2.881275834, 38.446664756 -2.873723184, 38.446348128 -2.871280571, 38.439210681 -2.866536481, 38.439721855 -2.85897382, 38.432656892 -2.857106702, 38.428403414 -2.851830508, 38.43227922 -2.844459277, 38.432180033 -2.840813476, 38.427228447 -2.829412154, 38.42665241 -2.821242774, 38.41965611 -2.816716102, 38.41894656 -2.813241708, 38.422524814 -2.807372377, 38.424092679 -2.797756404, 38.431844298 -2.793824997, 38.433251948 -2.791048389, 38.427304707 -2.779719063, 38.420029918 -2.760527652, 38.414517563 -2.752998132, 38.411816694 -2.740277044, 38.405716863 -2.731200329, 38.398556517 -2.711167615, 38.391583099 -2.696988018, 38.387230431 -2.681561365, 38.382790028 -2.673697612, 38.38238947 -2.664994699, 38.373726113 -2.658711996, 38.36776743 -2.652005422, 38.368015386 -2.644533113, 38.363574986 -2.640993639, 38.36202618 -2.630987173, 38.350318617 -2.601335626, 38.347453714 -2.590496441, 38.339911903 -2.587860016, 38.335738529 -2.571782062, 38.332072526 -2.565221384, 38.337962536 -2.561253027, 38.33895056 -2.557589821, 38.333701427 -2.553262923, 38.325598844 -2.551376971, 38.323039129 -2.549358229, 38.324191187 -2.543505586, 38.319952969 -2.538012212, 38.322196054 -2.533255002, 38.321906129 -2.530631207, 38.31836983 -2.526368436, 38.31734365 -2.517004925, 38.312746844 -2.513293328, 38.313952309 -2.50781187, 38.313185537 -2.504690302, 38.302168465 -2.499953365, 38.297632692 -2.490687361, 38.289156259 -2.484775363, 38.283533263 -2.455624681, 38.274202305 -2.425721144, 38.251046621 -2.422433666, 38.245492304 -2.414478844, 38.236428397 -2.411298398, 38.232766209 -2.404122656, 38.223645081 -2.40224481, 38.212280841 -2.358309473, 38.199501344 -2.356936315, 38.197544362 -2.351380716, 38.187542016 -2.341812903, 38.175136369 -2.341208575, 38.15979334 -2.334441928, 38.153758365 -2.331308444, 38.149417147 -2.325045762, 38.14715117 -2.32397703, 38.128210814 -2.324182539, 38.118803574 -2.316089449, 38.116385 -2.30403849, 38.111048129 -2.303094441, 38.110369098 -2.301818542, 38.112287927 -2.296654388, 38.111795819 -2.29209481, 38.113184395 -2.28931844, 38.112322255 -2.287237474, 38.104700333 -2.285124806, 38.102121544 -2.282907002, 38.099203237 -2.274501369, 38.092390049 -2.275365561, 38.088498978 -2.273752809, 38.086225367 -2.265709539, 38.083715244 -2.262641373, 38.077069907 -2.26368627, 38.077176716 -2.256413497, 38.073014794 -2.25246684, 38.072587533 -2.241747087, 38.069585297 -2.227371043, 38.068768935 -2.225950198, 38.065213564 -2.225649581, 38.063805911 -2.223215312, 38.064835899 -2.221035887, 38.07122183 -2.217303781, 38.070691576 -2.215874353, 38.062951396 -2.212802853, 38.060628196 -2.208956797, 38.055855905 -2.195583689, 38.055226463 -2.188735501, 38.048710824 -2.18244445, 38.051804603 -2.176765597, 38.049504291 -2.171318468, 38.044587045 -2.168782643, 38.038548256 -2.169077305, 38.028992243 -2.164819542, 38.026321899 -2.161877965, 38.024086435 -2.152097973, 38.02177468 -2.148984511, 38.010303655 -2.154241883, 37.989932759 -2.159764358, 37.984515781 -2.163514821, 37.97548621 -2.16554406, 37.969607644 -2.169945347, 37.966082791 -2.168839187, 37.966166711 -2.158536389, 37.963835876 -2.145744014, 37.958449411 -2.139562148, 37.955176333 -2.138049283, 37.954592671 -2.135561373, 37.955531099 -2.122590437, 37.958220511 -2.115328628, 37.957083705 -2.109448093, 37.960291928 -2.104601721, 37.958685904 -2.097029521, 37.961299015 -2.079491615, 37.959940949 -2.067224665, 37.955656953 -2.060329037, 37.956252053 -2.051935083, 37.952269422 -2.04004647, 37.948775087 -2.038027012, 37.945036609 -2.040141117, 37.940115547 -2.036347749, 37.939745513 -2.03471926, 37.94317881 -2.03265927, 37.943113957 -2.029239944, 37.944853492 -2.02558651, 37.943800613 -2.023686249, 37.939642508 -2.021946908, 37.942274698 -2.013961087, 37.937098047 -2.010484309, 37.938749841 -2.004569443, 37.934359034 -2.00264892, 37.929094642 -1.997697538, 37.931188952 -1.993465634, 37.926103854 -1.989165553, 37.917574003 -1.961001108, 37.914678587 -1.957172932, 37.917429037 -1.950073948, 37.915601756 -1.942962927, 37.909852886 -1.935985052, 37.910062697 -1.932683493, 37.91236682 -1.930604552, 37.912813148 -1.928433828, 37.911127015 -1.923294945, 37.913919428 -1.919524697, 37.91345021 -1.916159367, 37.91875656 -1.912264197, 37.91946992 -1.906005086, 37.917345089 -1.904384584, 37.908151482 -1.906513473, 37.906347093 -1.905146387, 37.907697518 -1.894808184, 37.90217753 -1.875890438, 37.899640702 -1.871302729, 37.902234747 -1.865397636, 37.898290268 -1.862563933, 37.892655844 -1.861040698, 37.888707553 -1.862268444, 37.887658489 -1.860567125, 37.885583248 -1.853139513, 37.888020886 -1.846501587, 37.893903268 -1.844289142, 37.893376828 -1.841348993, 37.888768577 -1.836045498, 37.882844231 -1.835064855, 37.880387515 -1.83272952, 37.879853447 -1.834456944, 37.877858317 -1.829715826, 37.869210218 -1.819606609, 37.848888902 -1.799657682, 37.839657138 -1.780964029, 37.8412746 -1.776985064, 37.840423905 -1.774687037, 37.843048468 -1.769686541, 37.84707687 -1.769119274, 37.851135792 -1.771799211, 37.853531469 -1.769539326, 37.852840994 -1.767413183, 37.855599076 -1.766040016, 37.854603418 -1.762737861, 37.8568198 -1.757067708, 37.854626302 -1.75243506, 37.855179443 -1.748265497, 37.854042637 -1.74204155, 37.851749955 -1.73754455, 37.851906359 -1.734179816, 37.849651825 -1.728633631, 37.84572642 -1.725275335, 37.8461613 -1.714430181, 37.843658806 -1.71247485, 37.835468484 -1.711909019, 37.838737743 -1.703580262, 37.837272866 -1.69698525, 37.838592776 -1.692780046, 37.833625939 -1.691872471, 37.831722364 -1.687158649, 37.832824833 -1.683912039, 37.832054248 -1.683359793, 37.826240531 -1.685129178, 37.820964697 -1.682982296, 37.820880769 -1.677754013, 37.823650294 -1.672509398, 37.821926013 -1.666909335, 37.816097036 -1.665033392, 37.811488786 -1.66143062, 37.809253326 -1.656761855, 37.804835816 -1.65537534, 37.807288715 -1.652138623, 37.806472352 -1.650736015, 37.80226847 -1.650905398, 37.801688624 -1.649647735, 37.804965514 -1.646040668, 37.802051022 -1.637292097, 37.798350689 -1.633979335, 37.796904887 -1.629256811, 37.793711921 -1.628739371, 37.792163119 -1.621737415, 37.788954892 -1.618225948, 37.788119455 -1.615222385, 37.785410964 -1.614171532, 37.783713386 -1.60711534, 37.776591197 -1.596528134, 37.777182486 -1.593534583, 37.773428745 -1.589326282, 37.773428744 -1.58593437, 37.767492953 -1.584474548, 37.761362607 -1.57902575, 37.757898788 -1.571624717, 37.753740682 -1.568953957, 37.750696487 -1.556388531, 37.744695845 -1.55614072, 37.738374761 -1.550348033, 37.731119054 -1.539851417, 37.725328221 -1.527393031, 37.722039884 -1.525455461, 37.714444661 -1.51182011, 37.704808538 -1.509797315, 37.702946928 -1.510574133, 37.695908664 -1.500837526, 37.699784475 -1.497565645, 37.701817748 -1.493975981, 37.712861522 -1.490961447, 37.718282319 -1.495242936, 37.726682454 -1.496179475, 37.731744662 -1.498914006, 37.738016152 -1.498555812, 37.763407292 -1.490312154, 37.773318078 -1.489965044, 37.779990117 -1.482117489, 37.780802661 -1.474963195, 37.782309496 -1.472829303, 37.789950489 -1.467524014, 37.799624755 -1.457823637, 37.805427026 -1.453041748, 37.811473444 -1.45034941, 37.820651792 -1.449350285, 37.817783081 -1.44743119, 37.81921362 -1.444302229, 37.816764535 -1.443993386, 37.813937785 -1.441260166, 37.814662591 -1.436955074, 37.812804794 -1.431997251, 37.813731783 -1.429347468, 37.811118661 -1.427166137, 37.81111103 -1.422516799, 37.808707721 -1.421086418, 37.809451601 -1.418056631, 37.806243371 -1.40673933, 37.805636818 -1.396409231, 37.804019354 -1.395965217, 37.800292319 -1.398821692, 37.799392032 -1.398314621, 37.800021469 -1.394497885, 37.79845741 -1.390200541, 37.793727086 -1.38468952, 37.792376656 -1.384670806, 37.791014779 -1.378193679, 37.786131867 -1.377214346, 37.784628844 -1.373360301, 37.782290387 -1.374996302, 37.776289742 -1.362944978, 37.773302773 -1.362943429, 37.768728856 -1.359603489, 37.766611656 -1.359665711, 37.76602418 -1.357159801, 37.756880165 -1.359226468, 37.754110637 -1.357144667, 37.752790726 -1.359414326, 37.748895841 -1.360371134, 37.745870723 -1.358795688, 37.745802056 -1.353169519, 37.740301149 -1.350218047, 37.738763792 -1.344365043, 37.736219337 -1.343233135, 37.734964276 -1.344598197, 37.733587142 -1.34384677, 37.732686853 -1.337107763, 37.724908522 -1.324811486, 37.726274211 -1.322153001, 37.72509163 -1.319891091, 37.725877472 -1.316119769, 37.721879587 -1.313386072, 37.720384194 -1.308130133, 37.71806481 -1.306329045, 37.717763441 -1.301553118, 37.714600992 -1.301325331, 37.715157947 -1.293628325, 37.712266347 -1.29170029, 37.70932897 -1.291798272, 37.707650465 -1.281187698, 37.705941446 -1.280734625, 37.704259129 -1.27798412, 37.703751763 -1.274338672, 37.702485257 -1.272927005, 37.699856877 -1.27307946, 37.697995266 -1.270708722, 37.698826886 -1.267661054, 37.694931998 -1.259292485, 37.693902006 -1.252227947, 37.692597353 -1.251024281, 37.689389127 -1.250950379, 37.690377153 -1.248762013, 37.687992918 -1.247277396, 37.689400569 -1.244229967, 37.687687734 -1.240810162, 37.685089871 -1.237091407, 37.676163295 -1.233152495, 37.6745382 -1.229895515, 37.667221459 -1.222954469, 37.666984942 -1.219055962, 37.663715679 -1.217154985, 37.660496007 -1.210885263, 37.65753574 -1.20848699, 37.655536796 -1.202661163, 37.650299109 -1.199339102, 37.640327279 -1.172842108, 37.626693265 -1.151300078, 37.621077915 -1.146304708, 37.612704482 -1.143080748, 37.606089662 -1.143963891, 37.602812767 -1.134375086, 37.59911625 -1.133079876, 37.597628484 -1.12064294, 37.597491143 -1.088860202, 37.734445387 -1.08322267, 37.794638736 -1.127343033, 37.797892738 -1.123970548, 37.798728173 -1.120714521, 37.802195803 -1.119856648, 37.803069385 -1.113697184, 37.80535062 -1.111273996, 37.808585546 -1.101904276, 37.808745765 -1.094966684, 37.819469094 -1.082578735, 37.819175356 -1.079684119, 37.820895819 -1.079096827, 37.821368851 -1.076681865, 37.821132334 -1.07331689, 37.826850681 -1.072523146, 37.828540627 -1.073554928, 37.832454585 -1.070345387, 37.832534695 -1.068518193, 37.835571255 -1.065570532, 37.836811056 -1.060957906, 37.840900493 -1.054862808, 37.844505455 -1.053389751, 37.846767616 -1.050414555, 37.846485322 -1.047565234, 37.848613966 -1.0443458, 37.846973609 -1.03170873, 37.849304436 -1.029059185, 37.849384543 -1.016350357, 37.851539888 -1.005767911, 37.849483724 -1.005124954, 37.848167625 -0.997227814, 37.8494265 -0.996314693, 37.852218916 -0.996912652, 37.851482663 -0.99408115, 37.852611836 -0.992118666, 37.856361759 -0.989107829, 37.860397791 -0.988050894, 37.862083921 -0.985374053, 37.867004981 -0.985411897, 37.86428886 -0.981340493, 37.869652433 -0.98001262, 37.870190316 -0.978429842, 37.868572851 -0.975570866, 37.86409049 -0.97631109, 37.8655134 -0.971653168, 37.859718756 -0.968756645, 37.851017254 -0.968636078, 37.849739305 -0.967260766, 37.847957805 -0.968047059, 37.846794298 -0.967051692, 37.846779039 -0.965902917, 37.852592755 -0.963363092, 37.852550792 -0.961581134, 37.854389515 -0.964955703, 37.856026053 -0.965010534, 37.855926868 -0.961925974, 37.85137584 -0.955176537, 37.853115377 -0.953078583, 37.852711011 -0.9518572749999999, 37.848278241 -0.949115054, 37.850509884 -0.945750854, 37.848327832 -0.945207428, 37.848262981 -0.943063642, 37.852188385 -0.944231787, 37.853893588 -0.94128353, 37.852512639 -0.937746314, 37.8513148 -0.93936503, 37.850277181 -0.93839684, 37.852798746 -0.935693059, 37.848674974 -0.930915702, 37.843956097 -0.930235735, 37.846149591 -0.926564003, 37.842289039 -0.92582098, 37.844715235 -0.922465957, 37.839767472 -0.922690469, 37.840232872 -0.912785845, 37.835033334 -0.915398321, 37.834770114 -0.910848334, 37.838088968 -0.909953927, 37.838520037 -0.907638435, 37.833167908 -0.907935241, 37.830264863 -0.903565364, 37.826087684 -0.902442336, 37.821986801 -0.903010914, 37.820254893 -0.901897719, 37.820472334 -0.898994221, 37.824458774 -0.897150278, 37.825885499 -0.89389437, 37.824054407 -0.89260935, 37.823081638 -0.887190883, 37.821635838 -0.885598391, 37.823409708 -0.884812038, 37.82429855 -0.881194183, 37.827766179 -0.8782826379999999, 37.8257062 -0.875785429, 37.82926157 -0.874113192, 37.828090433 -0.868821254, 37.832584238 -0.8673753749999999, 37.833579894 -0.865593714, 37.830657776 -0.8632862690000001, 37.830940068 -0.8609526, 37.834892175 -0.859009067, 37.833133563 -0.856023561, 37.838252991 -0.853691381, 37.839752197 -0.850797299, 37.83875654 -0.8474230270000001, 37.843597489 -0.846990276, 37.846214424 -0.844214141, 37.844348999 -0.842974357, 37.842464499 -0.837772652, 37.85058234 -0.834672475, 37.847854774 -0.830257481, 37.849571423 -0.826893042, 37.849365424 -0.824369311, 37.8459512 -0.820352142, 37.847339776 -0.813297078, 37.856827122 -0.812458514, 37.861114929 -0.814485961, 37.867157532 -0.812117723, 37.871941261 -0.813991464, 37.879326664 -0.808403374, 37.885064085 -0.808404982, 37.885636301 -0.8045064750000001, 37.881581194 -0.800027829, 37.881428603 -0.7971150930000001, 37.885830851 -0.788622493, 37.885560002 -0.78491369, 37.894589573 -0.782310988, 37.892296891 -0.7705691569999999, 37.904958128 -0.760242328, 37.905763044 -0.756759942, 37.913873253 -0.742451704, 37.913186593 -0.73843525, 37.916513075 -0.731552307, 37.914372986 -0.726685252, 37.912496114 -0.710239726, 37.910508616 -0.709814128, 37.908784338 -0.71379381, 37.905991922 -0.711576956, 37.901631635 -0.712380951, 37.900216353 -0.711005698, 37.899564026 -0.7058766440000001, 37.904576637 -0.687135233, 37.902627286 -0.685253326, 37.90358098 -0.687442587, 37.897919854 -0.686889506, 37.895470768 -0.683116872, 37.896733458 -0.6797521949999999, 37.895890392 -0.676305628, 37.897805408 -0.67194606, 37.895470765 -0.66834537, 37.893403155 -0.654649873, 37.894208072 -0.647693922, 37.907830632 -0.641491601, 37.923707723 -0.626723314, 37.918923995 -0.6230135570000001, 37.90208939 -0.603887614, 37.902894307 -0.600025282, 37.88372506 -0.585258967, 37.888470637 -0.563333343, 37.888508784 -0.557480872, 37.886059697 -0.5481452999999999, 37.88303458 -0.542789769, 37.882920136 -0.53747095, 37.8931361 -0.512606364, 37.898839187 -0.504457234, 37.912000158 -0.476264058, 37.914525538 -0.468114272, 37.918847677 -0.464596155, 37.928758461 -0.452205015, 37.934038109 -0.442752984, 37.936563489 -0.435598149, 37.934911691 -0.432115315, 37.939210942 -0.430379128, 37.940527039 -0.428543023, 37.945867724 -0.430759967, 37.947271562 -0.430416436, 37.948133701 -0.428028442, 37.953363757 -0.428906607, 37.957720229 -0.423389262, 37.960928455 -0.421426746, 37.962210219 -0.416994466, 37.966349249 -0.414263149, 37.966417914 -0.402964912, 37.971060495 -0.400197448, 37.971136789 -0.384294837, 37.975661111 -0.380559451, 37.975035487 -0.37085314, 37.968874626 -0.366817971, 37.973753722 -0.361517656, 37.979262257 -0.35833413, 37.979678067 -0.356443581, 37.973227282 -0.349088582, 37.972918285 -0.346953705, 37.977675309 -0.339156687, 37.981360381 -0.329496058, 37.986781176 -0.327280364, 37.98694521 -0.321020621, 37.980563091 -0.314208422, 37.983065584 -0.311096892, 37.986239475 -0.300205925, 37.993296808 -0.291658163, 37.994654868 -0.284530088, 37.99427339 -0.278107459, 37.998816786 -0.26789497, 38.007258883 -0.268004215, 38.009219677 -0.269469821, 38.011138509 -0.268619637, 38.02263624 -0.270954439, 38.024932735 -0.26948916, 38.028232515 -0.27090059, 38.032959022 -0.276156741, 38.047630646 -0.278962198, 38.069622823 -0.277652264, 38.073689372 -0.276313753, 38.079453497 -0.277643979, 38.089677094 -0.277074864, 38.103971055 -0.282910767, 38.107782015 -0.278695517, 38.115411565 -0.279899243, 38.117643208 -0.276190439, 38.126337079 -0.270699972, 38.12969408 -0.264376874, 38.137666959 -0.25942006, 38.140390708 -0.247940476, 38.144716662 -0.242956231, 38.148020257 -0.24162663, 38.152754392 -0.243779952, 38.155317921 -0.241572811, 38.160975232 -0.240098608, 38.163382354 -0.237620051, 38.164652674 -0.234571503, 38.164381825 -0.226303099, 38.183566325 -0.191529799, 38.185797967 -0.174721664, 38.185050271 -0.16838009, 38.187251396 -0.155118128, 38.189570778 -0.153924101, 38.194480394 -0.153996648, 38.196414484 -0.149464464, 38.204398808 -0.148424396, 38.206569414 -0.146850394, 38.207992325 -0.131127696, 38.209518234 -0.129110379, 38.212688312 -0.128287238, 38.214527033 -0.117512943, 38.221878104 -0.107471534, 38.229854797 -0.102830871, 38.234817819 -0.09699598, 38.244156387 -0.09344089699999999, 38.250862761 -0.088212123, 38.25960241 -0.09138764100000001, 38.262139235 -0.09459018700000001, 38.272603162 -0.09717772700000001, 38.276875709 -0.089225847, 38.280206007 -0.08688283400000001, 38.288072073 -0.087624808, 38.290071014 -0.08009804199999999, 38.300729494 -0.071802438, 38.304269605 -0.06230349, 38.309415736 -0.056314657, 38.313154215 -0.056043298, 38.32170694 -0.062584157, 38.324812166 -0.066772822))",Kitui,Kitui,643231224,-79.69480000000001,2827.1692000000016,125185569537,0.0,1.0,0.0,0.0,1.0,66.66666666666666,52.77777777777777,0.16666666666666666,1.0134958870382644,0.8333333333333334,5.000000000000001,0.8222365221121721,0,0,0,0,,,0.0,0.0,0.0,0.0,,0,0,0,0,,,0.0,0.0,0.0,0.0,,0,0,0,0,,,0.0,0.0,0.0,0.0,,0,0,0,0,66.66666666666666,52.77777777777777,0.16666666666666666,1.0134958870382644,0.8333333333333334,5.000000000000001,0.8222365221121721,0,0,0,0,33.230000000000004,67.49773028842799,53.66856728680735,1.4041666666666819,20.167299546902477,31.82583333333332,22.665281899109537,1.5780909714420093,0.0,0.0,1.0,0.0,0.2200939821490634,0.0,0.0,0.0,0.0,0.4813425986626462,-0.21837143615288698,0.2200939821490634
3,24227781,2021-07-01,Kenya,Kenya_2021-07,54986000,1117840,55892.0,0.05,2.0,0.55,0.4,0.05,0.0,0.0,0.5,0.45,0.05,0.0,0.0,,,,,,Kajiado,"POLYGON ((36.66973394 -1.326282273, 36.675425587 -1.33062682, 36.679446361 -1.328750276, 36.68318103 -1.337585747, 36.685157084 -1.336900593, 36.686816513 -1.343917096, 36.689582227 -1.347110781, 36.689731004 -1.349687377, 36.694213368 -1.353786732, 36.69714693 -1.352297941, 36.702964464 -1.352276364, 36.706245173 -1.356256998, 36.71346273 -1.360440388, 36.719028491 -1.367216703, 36.728752358 -1.375108954, 36.741577638 -1.381720535, 36.744877419 -1.381461515, 36.749783222 -1.385109346, 36.753914625 -1.384589043, 36.758812798 -1.38574181, 36.761246624 -1.38474972, 36.764817255 -1.385765529, 36.767235824 -1.388760272, 36.772439179 -1.389063511, 36.780980462 -1.386485959, 36.783936914 -1.389255178, 36.78773643 -1.387287925, 36.790288516 -1.38841137, 36.793122894 -1.385484806, 36.795594869 -1.385541425, 36.796285344 -1.388245205, 36.801011851 -1.387435964, 36.803411346 -1.388767173, 36.805631545 -1.386753194, 36.806699683 -1.389384978, 36.809221249 -1.388013121, 36.809705725 -1.385617826, 36.812395143 -1.386614802, 36.815870402 -1.381971183, 36.820043767 -1.381333112, 36.822515743 -1.385159623, 36.829092418 -1.387697119, 36.832941527 -1.38739328, 36.836783007 -1.388825211, 36.837652775 -1.386855097, 36.840372711 -1.388258897, 36.844095932 -1.38657176, 36.845335734 -1.387567306, 36.845572252 -1.391798615, 36.847578824 -1.392632289, 36.850066059 -1.396404564, 36.857764278 -1.398816543, 36.864077734 -1.404174515, 36.87019282 -1.403836585, 36.871249514 -1.407779434, 36.87575095 -1.406246658, 36.879443653 -1.407569999, 36.881293819 -1.406116015, 36.895759452 -1.412051142, 36.895171977 -1.413569493, 36.891231313 -1.412996388, 36.878772278 -1.478062337, 36.884837775 -1.487045851, 36.8895948 -1.486128259, 36.898586224 -1.477339868, 36.906601067 -1.47236571, 36.909401111 -1.468634438, 36.919384378 -1.464376306, 36.924011699 -1.458793045, 36.932518649 -1.458611026, 36.937237526 -1.4555866, 36.943932458 -1.455249147, 36.951520048 -1.457914184, 36.949269332 -1.462532413, 36.978830036 -1.477658813, 36.971993963 -1.4928695, 36.975625633 -1.500666751, 36.969682215 -1.509693656, 36.96452464 -1.513413963, 36.965440188 -1.520422001, 36.964574238 -1.529236613, 36.963303918 -1.532408962, 36.959801954 -1.53202586, 36.958859705 -1.533616326, 36.957429166 -1.538895152, 36.957684758 -1.543578938, 36.964215658 -1.553377172, 36.968373765 -1.555994174, 36.974851255 -1.557284376, 36.976255091 -1.553795674, 36.979459503 -1.555290541, 36.998045102 -1.582849468, 36.991632466 -1.58741823, 37.000597193 -1.598891917, 37.007147162 -1.594910923, 37.082328805 -1.695287355, 37.085258556 -1.701411773, 37.112614328 -1.73571828, 37.119038412 -1.739422966, 37.124871204 -1.740613399, 37.125142054 -1.742657176, 37.133668079 -1.74543271, 37.134488255 -1.742223528, 37.142327617 -1.737990309, 37.147637785 -1.738818498, 37.149518471 -1.741623476, 37.148210009 -1.754670467, 37.150044919 -1.761418054, 37.159394936 -1.765749723, 37.159318641 -1.767449613, 37.153703295 -1.77536523, 37.153184487 -1.778719476, 37.154714212 -1.780023149, 37.161073443 -1.779477932, 37.161538847 -1.78137736, 37.151956137 -1.797192143, 37.153558344 -1.800096413, 37.153218831 -1.803821485, 37.147679779 -1.808599321, 37.143277531 -1.815928242, 37.14689394 -1.820887255, 37.14462415 -1.823688063, 37.144593634 -1.828950795, 37.145589292 -1.830986347, 37.149056923 -1.831867103, 37.149888545 -1.833450416, 37.149518513 -1.835267597, 37.144807265 -1.837016837, 37.142812139 -1.839808944, 37.143918425 -1.84189885, 37.148839486 -1.841931151, 37.151471682 -1.844547199, 37.156186746 -1.846351504, 37.158132284 -1.852791916, 37.163461529 -1.858855898, 37.163194499 -1.868956182, 37.164823411 -1.873542462, 37.161271857 -1.878430793, 37.161962334 -1.883612828, 37.160733977 -1.886713181, 37.155854879 -1.885894171, 37.154088639 -1.888378983, 37.160218986 -1.894642979, 37.159692549 -1.898259342, 37.170808813 -1.91375216, 37.172021914 -1.919106674, 37.17627539 -1.922095335, 37.183996498 -1.92487063, 37.184789972 -1.926562413, 37.183401395 -1.929599234, 37.187776946 -1.935391324, 37.193434259 -1.937025055, 37.199591306 -1.93431877, 37.207793074 -1.935909947, 37.213080352 -1.93384483, 37.216090211 -1.934969347, 37.222949177 -1.934298376, 37.235969008 -1.937024796, 37.245189324 -1.944476842, 37.248622626 -1.952374931, 37.253738241 -1.954378774, 37.258941598 -1.959674402, 37.266296486 -1.960260736, 37.268734131 -1.96705469, 37.276077578 -1.976792725, 37.280914723 -1.995941957, 37.287785136 -1.998544652, 37.299076875 -2.005284485, 37.309227992 -2.0042732, 37.315877149 -2.009715084, 37.360563432 -2.013984035, 37.382422101 -2.024460377, 37.454158981 -2.076243727, 37.534589723 -2.108002683, 37.537183773 -2.112509098, 37.541761504 -2.114403636, 37.544954473 -2.117979111, 37.543459085 -2.124860438, 37.545774655 -2.12721413, 37.551870667 -2.129417629, 37.56455098 -2.128651891, 37.573584374 -2.139395958, 37.594302427 -2.15518855, 37.621139376 -2.163290215, 37.667603336 -2.157850687, 37.690347031 -2.166227941, 37.699727563 -2.16657981, 37.7062165 -2.174128882, 37.707959857 -2.183319797, 37.723562291 -2.189854723, 37.725507829 -2.193338654, 37.71656218 -2.192408435, 37.710534837 -2.194402151, 37.706327141 -2.197319893, 37.695722074 -2.211818483, 37.689439142 -2.217393636, 37.686970986 -2.223134949, 37.68018069 -2.229523513, 37.678456411 -2.229295845, 37.675900513 -2.23162713, 37.676240033 -2.240780616, 37.67913545 -2.244283618, 37.678933273 -2.255815591, 37.676751225 -2.262407027, 37.67915835 -2.264896604, 37.679120203 -2.266569912, 37.673516301 -2.270725411, 37.671883584 -2.282165363, 37.66872495 -2.282795687, 37.668614323 -2.285744179, 37.670773488 -2.28965341, 37.665936354 -2.291810666, 37.662476353 -2.29125568, 37.659584752 -2.289036922, 37.656239194 -2.289341357, 37.648376946 -2.294995897, 37.646900631 -2.300972985, 37.642204642 -2.298906325, 37.637325544 -2.299317801, 37.634594163 -2.295661033, 37.631744527 -2.296987951, 37.632919479 -2.30021799, 37.631790308 -2.303264941, 37.626853988 -2.302934526, 37.623008696 -2.306177679, 37.619548692 -2.299861356, 37.618114335 -2.298837919, 37.614402559 -2.299141877, 37.610328382 -2.303994687, 37.60722697 -2.305393601, 37.608832992 -2.30799999, 37.606940866 -2.311091287, 37.605559918 -2.312012453, 37.602309728 -2.311023346, 37.601230148 -2.312234403, 37.599669904 -2.311328258, 37.596949971 -2.313849068, 37.850689927 -2.606178994, 37.862855259 -2.627455664, 37.871434702 -2.648249821, 37.87882393 -2.661345191, 37.893171309 -2.676301244, 37.902124605 -2.703698992, 37.908789019 -2.705722261, 37.922464988 -2.707027951, 37.930937615 -2.723127358, 37.929900008 -2.740032553, 37.927279259 -2.742671607, 37.927489078 -2.752386754, 37.932047745 -2.766827398, 37.938433683 -2.773147055, 37.918902104 -2.870549086, 37.895353511 -2.887957075, 37.871644829 -3.079847906, 37.865350451 -3.081243247, 37.85561896 -3.081314297, 37.855748733 -3.1700029, 37.853234798 -3.172306768, 37.853765057 -3.179480126, 37.848275599 -3.183562437, 37.833459016 -3.187842148, 37.831395222 -3.186519286, 37.829434423 -3.180845683, 37.826855633 -3.179069868, 37.825253428 -3.179475143, 37.823128595 -3.175863673, 37.819176488 -3.175641967, 37.810459721 -3.16864932, 37.808571408 -3.169343533, 37.804447635 -3.168090523, 37.796039874 -3.172639378, 37.692209328 -3.18132235, 37.672071032 -3.058687727, 37.519602014 -2.959518592, 37.482240086 -2.936270164, 37.462162916 -2.926574819, 37.270107961 -2.819993938, 36.750817579 -2.527350212, 36.70007341 -2.501786705, 36.474337759 -2.373278266, 36.000794131 -2.107058725, 36.000858971 -2.084209803, 36.027299189 -2.084513269, 36.027093171 -2.043277262, 36.024060423 -2.042295783, 36.021817333 -2.039617394, 36.022969393 -2.035346034, 36.022019512 -2.032163911, 36.025643546 -2.02368675, 36.026856646 -2.024872536, 36.028271926 -2.021559294, 36.029610909 -2.013665253, 36.032357548 -2.013968493, 36.036572874 -2.007768976, 36.032594059 -2.002602676, 36.037232822 -1.991570376, 36.040795817 -1.977156771, 36.037160334 -1.975478815, 36.04208139 -1.963579345, 36.038812121 -1.952035686, 36.04230264 -1.947831553, 36.043725549 -1.943307373, 36.041547308 -1.93561466, 36.03746168 -1.930837066, 36.038434444 -1.922978188, 36.03490959 -1.921011415, 36.034310669 -1.919348, 36.03614939 -1.915800413, 36.043321169 -1.912686706, 36.043454685 -1.910265545, 36.037873665 -1.908503079, 36.03357441 -1.904646651, 36.026356847 -1.893168791, 36.02953074 -1.89092452, 36.037339589 -1.892193742, 36.037877468 -1.882201927, 36.03963608 -1.881084559, 36.039727634 -1.879404217, 36.045342985 -1.879549279, 36.047387703 -1.874673821, 36.047311404 -1.86556622, 36.049565934 -1.859471241, 36.047486877 -1.850794067, 36.048711417 -1.844552712, 36.042012666 -1.837042374, 36.043687352 -1.834190072, 36.041528187 -1.831566395, 36.039758127 -1.824497923, 36.03790033 -1.822796246, 36.032017946 -1.827728683, 36.029202641 -1.82731745, 36.030568329 -1.822738915, 36.028515974 -1.812038107, 36.023827612 -1.808822967, 36.018288557 -1.810123903, 36.016510871 -1.809976336, 36.016484167 -1.808241639, 36.01999376 -1.805365258, 36.021706593 -1.801067436, 36.025796033 -1.798932946, 36.02316002 -1.794989383, 36.028248931 -1.790416926, 36.029954134 -1.785775692, 36.029973207 -1.783182647, 36.023636861 -1.780850412, 36.02210332 -1.777992866, 36.031911108 -1.771151105, 36.033021207 -1.76865926, 36.031274037 -1.763208312, 36.033807047 -1.75999591, 36.033631566 -1.756128634, 36.036626164 -1.753206004, 36.036294276 -1.746347797, 36.041901996 -1.742281933, 36.042035511 -1.735704559, 36.04657891 -1.73690429, 36.048337522 -1.73594939, 36.049420917 -1.73172261, 36.04801326 -1.721763573, 36.039716118 -1.715028502, 36.039460527 -1.713130743, 36.042016427 -1.711653037, 36.046552197 -1.712391828, 36.048791469 -1.708889655, 36.054109269 -1.71198798, 36.0565698 -1.711892382, 36.059030328 -1.703890941, 36.064077276 -1.700700114, 36.064393902 -1.698848365, 36.061235263 -1.690711755, 36.057760001 -1.688221819, 36.055787759 -1.682770513, 36.058412322 -1.674426019, 36.052869449 -1.667704416, 36.053094519 -1.663548559, 36.047940751 -1.652210754, 36.052106485 -1.64741921, 36.051927187 -1.639287248, 36.055463483 -1.634332163, 36.056550693 -1.630566085, 36.057386127 -1.625245539, 36.055940325 -1.620536006, 36.061940969 -1.619523769, 36.063226547 -1.61731204, 36.062875586 -1.612938408, 36.067514353 -1.609114159, 36.068674043 -1.60246586, 36.070737836 -1.598682975, 36.073682842 -1.596446452, 36.075796229 -1.597036722, 36.079454599 -1.595551149, 36.079961961 -1.587239197, 36.085497199 -1.578329104, 36.083772914 -1.562613969, 36.072462093 -1.542078688, 36.068170464 -1.527092214, 36.059556692 -1.51055485, 36.059968685 -1.503571127, 36.051488432 -1.491669274, 36.201977503 -1.3313076, 36.230195396 -1.302729619, 36.348853982 -1.174822974, 36.336402517 -1.047446197, 36.427255244 -1.089486435, 36.494406761 -1.12216363, 36.537841814 -1.155382349, 36.513423456 -1.242665974, 36.491774609 -1.270303476, 36.660597544 -1.303412248, 36.666235786 -1.314409862, 36.664145291 -1.32014808, 36.67322446 -1.324875372, 36.66973394 -1.326282273))",Kajiado,Kajiado,498895290,-107.2606,2103.7095999999997,97287084709,0.0,0.0,0.0,0.0,0.0,39.99999999999999,52.50000000000001,0.16666666666666666,0.48154341234307685,-0.16666666666666666,-1.0,-0.3461093276215864,0,0,0,0,,,0.0,0.0,0.0,0.0,,0,0,0,0,,,0.0,0.0,0.0,0.0,,0,0,0,0,,40.0,0.0,0.816496580927726,0.0,0.0,0.0,0,0,0,0,39.99999999999999,45.833333333333336,0.16666666666666666,0.9168313422570847,-0.16666666666666666,-1.0,-0.18178552475787021,0,0,0,0,25.92,64.82993197278911,49.37789782344822,14.320833333333312,18.811688660341552,11.59916666666669,0.8099505382601134,0.6165935911495194,0.0,0.0,0.0,0.0,0.1085437161208689,0.0,0.0,0.0,0.0,0.23008207246943213,0.2098531942160815,0.1085437161208689
4,24227781,2021-07-01,Kenya,Kenya_2021-07,54986000,987653,98765.0,0.1,2.0,0.45,0.45,0.1,0.0,0.0,0.5,0.4,0.1,0.0,0.0,,,,,,Makueni,"POLYGON ((37.49066613 -1.519625195, 37.497967613 -1.526286839, 37.50201509 -1.526036401, 37.507493109 -1.530010596, 37.513241974 -1.526541679, 37.516015316 -1.52726712, 37.519181581 -1.530308111, 37.519215915 -1.534215319, 37.522557658 -1.534036758, 37.521375079 -1.538205249, 37.523328245 -1.54019634, 37.525971884 -1.538470822, 37.528668931 -1.540236269, 37.531602493 -1.539614291, 37.536306112 -1.541959996, 37.545446314 -1.542735021, 37.5466823 -1.538919119, 37.552469314 -1.539040699, 37.556398534 -1.543321354, 37.551164664 -1.546944514, 37.552038248 -1.550165018, 37.564585046 -1.554270686, 37.562303811 -1.556050797, 37.557642156 -1.556798293, 37.557241606 -1.559520429, 37.561140306 -1.559939172, 37.563932723 -1.562401096, 37.567896273 -1.560106524, 37.57712803 -1.559950013, 37.577234844 -1.562410269, 37.574045694 -1.567373458, 37.579256677 -1.567829271, 37.584002256 -1.562532445, 37.592692313 -1.559146609, 37.598940912 -1.553136141, 37.599185059 -1.556726996, 37.601637961 -1.559957512, 37.600211237 -1.563610589, 37.608084933 -1.563226886, 37.609488772 -1.568672707, 37.615756447 -1.566135326, 37.618239866 -1.567231355, 37.620772878 -1.570498108, 37.620849176 -1.576232509, 37.6222492 -1.579679371, 37.629512536 -1.590076576, 37.632594875 -1.592312619, 37.63515459 -1.592305347, 37.638492518 -1.591366896, 37.642028813 -1.588330194, 37.643188505 -1.589145034, 37.640773754 -1.592327158, 37.64415746 -1.59499756, 37.644455013 -1.596291102, 37.642578144 -1.597881807, 37.644611421 -1.602116094, 37.6432114 -1.605235519, 37.644077357 -1.612064877, 37.647560251 -1.623146997, 37.651046957 -1.624840687, 37.649734676 -1.631116845, 37.656650865 -1.632731386, 37.657497748 -1.640628047, 37.661171379 -1.645560002, 37.661396451 -1.647613315, 37.668770411 -1.645094767, 37.670502317 -1.640817686, 37.67222278 -1.639986753, 37.67296666 -1.636034607, 37.681843639 -1.629103093, 37.683392436 -1.626254963, 37.684063835 -1.621027514, 37.67950136 -1.611780693, 37.678974919 -1.607818774, 37.682312845 -1.602954759, 37.684082895 -1.588864067, 37.695763736 -1.585533895, 37.698395932 -1.5893163, 37.702668479 -1.585936306, 37.712533496 -1.606429263, 37.719415352 -1.610811354, 37.72908199 -1.605489972, 37.728650919 -1.599737096, 37.735528956 -1.595037931, 37.736627609 -1.590000484, 37.7366772 -1.586961399, 37.733175235 -1.583087926, 37.735704431 -1.581741817, 37.737386745 -1.577346968, 37.746568906 -1.571265219, 37.751200043 -1.571077956, 37.753488907 -1.568754777, 37.754892745 -1.568855141, 37.757898788 -1.571624717, 37.760881945 -1.578365152, 37.764753944 -1.58260063, 37.769354564 -1.58546163, 37.773428744 -1.58593437, 37.773428745 -1.589326282, 37.777182486 -1.593534583, 37.776591197 -1.596528134, 37.783713386 -1.60711534, 37.785410964 -1.614171532, 37.788119455 -1.615222385, 37.788954892 -1.618225948, 37.792163119 -1.621737415, 37.793711921 -1.628739371, 37.796904887 -1.629256811, 37.798350689 -1.633979335, 37.802051022 -1.637292097, 37.804965514 -1.646040668, 37.801688624 -1.649647735, 37.80226847 -1.650905398, 37.806472352 -1.650736015, 37.807288715 -1.652138623, 37.804835816 -1.65537534, 37.809253326 -1.656761855, 37.811488786 -1.66143062, 37.816097036 -1.665033392, 37.821926013 -1.666909335, 37.823650294 -1.672509398, 37.820880769 -1.677754013, 37.820964697 -1.682982296, 37.826240531 -1.685129178, 37.832054248 -1.683359793, 37.832824833 -1.683912039, 37.831722364 -1.687158649, 37.833625939 -1.691872471, 37.838302853 -1.692182862, 37.837272866 -1.69698525, 37.839004776 -1.701870837, 37.835468484 -1.711909019, 37.843658806 -1.71247485, 37.8461613 -1.714430181, 37.84572642 -1.725275335, 37.849651825 -1.728633631, 37.851906359 -1.734179816, 37.851749955 -1.73754455, 37.854042637 -1.74204155, 37.855179443 -1.748265497, 37.854626302 -1.75243506, 37.8568198 -1.757067708, 37.854603418 -1.762737861, 37.855599076 -1.766040016, 37.852840994 -1.767413183, 37.853531469 -1.769539326, 37.851135792 -1.771799211, 37.84707687 -1.769119274, 37.843048468 -1.769686541, 37.840423905 -1.774687037, 37.8412746 -1.776985064, 37.839657138 -1.780964029, 37.848888902 -1.799657682, 37.869210218 -1.819606609, 37.877858317 -1.829715826, 37.879853447 -1.834456944, 37.880387515 -1.83272952, 37.882844231 -1.835064855, 37.888768577 -1.836045498, 37.893376828 -1.841348993, 37.893903268 -1.844289142, 37.888020886 -1.846501587, 37.885583248 -1.853139513, 37.887658489 -1.860567125, 37.888707553 -1.862268444, 37.892655844 -1.861040698, 37.898290268 -1.862563933, 37.902234747 -1.865397636, 37.899640702 -1.871302729, 37.90217753 -1.875890438, 37.907697518 -1.894808184, 37.906347093 -1.905146387, 37.908151482 -1.906513473, 37.917345089 -1.904384584, 37.91946992 -1.906005086, 37.91875656 -1.912264197, 37.91345021 -1.916159367, 37.913919428 -1.919524697, 37.911127015 -1.923294945, 37.912813148 -1.928433828, 37.91236682 -1.930604552, 37.910062697 -1.932683493, 37.909852886 -1.935985052, 37.915601756 -1.942962927, 37.917429037 -1.950073948, 37.914678587 -1.957172932, 37.917574003 -1.961001108, 37.926103854 -1.989165553, 37.931188952 -1.993465634, 37.929094642 -1.997697538, 37.934359034 -2.00264892, 37.938749841 -2.004569443, 37.937098047 -2.010484309, 37.942274698 -2.013961087, 37.939642508 -2.021946908, 37.943800613 -2.023686249, 37.944853492 -2.02558651, 37.943113957 -2.029239944, 37.94317881 -2.03265927, 37.939745513 -2.03471926, 37.940115547 -2.036347749, 37.945036609 -2.040141117, 37.948775087 -2.038027012, 37.952269422 -2.04004647, 37.956252053 -2.051935083, 37.955656953 -2.060329037, 37.959940949 -2.067224665, 37.961299015 -2.079491615, 37.958685904 -2.097029521, 37.960291928 -2.104601721, 37.957083705 -2.109448093, 37.958220511 -2.115328628, 37.955531099 -2.122590437, 37.954592671 -2.135561373, 37.955176333 -2.138049283, 37.958449411 -2.139562148, 37.963835876 -2.145744014, 37.966166711 -2.158536389, 37.966082791 -2.168839187, 37.969607644 -2.169945347, 37.97548621 -2.16554406, 37.984515781 -2.163514821, 37.989932759 -2.159764358, 38.010303655 -2.154241883, 38.02177468 -2.148984511, 38.024086435 -2.152097973, 38.026321899 -2.161877965, 38.028992243 -2.164819542, 38.038548256 -2.169077305, 38.044587045 -2.168782643, 38.049504291 -2.171318468, 38.051804603 -2.176765597, 38.048710824 -2.18244445, 38.055226463 -2.188735501, 38.055855905 -2.195583689, 38.060628196 -2.208956797, 38.062951396 -2.212802853, 38.070691576 -2.215874353, 38.07122183 -2.217303781, 38.064835899 -2.221035887, 38.063805911 -2.223215312, 38.065213564 -2.225649581, 38.068768935 -2.225950198, 38.069585297 -2.227371043, 38.072587533 -2.241747087, 38.073014794 -2.25246684, 38.077176716 -2.256413497, 38.077069907 -2.26368627, 38.083715244 -2.262641373, 38.086225367 -2.265709539, 38.088498978 -2.273752809, 38.092390049 -2.275365561, 38.099203237 -2.274501369, 38.102121544 -2.282907002, 38.104700333 -2.285124806, 38.112322255 -2.287237474, 38.113184395 -2.28931844, 38.111795819 -2.29209481, 38.112287927 -2.296654388, 38.110369098 -2.301818542, 38.111048129 -2.303094441, 38.116385 -2.30403849, 38.118803574 -2.316089449, 38.128210814 -2.324182539, 38.14715117 -2.32397703, 38.149417147 -2.325045762, 38.153758365 -2.331308444, 38.15979334 -2.334441928, 38.175136369 -2.341208575, 38.187542016 -2.341812903, 38.197544362 -2.351380716, 38.199501344 -2.356936315, 38.212280841 -2.358309473, 38.223645081 -2.40224481, 38.232766209 -2.404122656, 38.236428397 -2.411298398, 38.245492304 -2.414478844, 38.251046621 -2.422433666, 38.274202305 -2.425721144, 38.283533263 -2.455624681, 38.289156259 -2.484775363, 38.297632692 -2.490687361, 38.302168465 -2.499953365, 38.313185537 -2.504690302, 38.313952309 -2.50781187, 38.312746844 -2.513293328, 38.31734365 -2.517004925, 38.31836983 -2.526368436, 38.321906129 -2.530631207, 38.322196054 -2.533255002, 38.319952969 -2.538012212, 38.324191187 -2.543505586, 38.323039129 -2.549358229, 38.325598844 -2.551376971, 38.333701427 -2.553262923, 38.33895056 -2.557589821, 38.337962536 -2.561253027, 38.332072526 -2.565221384, 38.335738529 -2.571782062, 38.339911903 -2.587860016, 38.347453714 -2.590496441, 38.350318617 -2.601335626, 38.36202618 -2.630987173, 38.363574986 -2.640993639, 38.368015386 -2.644533113, 38.36776743 -2.652005422, 38.373726113 -2.658711996, 38.38238947 -2.664994699, 38.382790028 -2.673697612, 38.387230431 -2.681561365, 38.391583099 -2.696988018, 38.398556517 -2.711167615, 38.405716863 -2.731200329, 38.411816694 -2.740277044, 38.414517563 -2.752998132, 38.420029918 -2.760527652, 38.427304707 -2.779719063, 38.433251948 -2.791048389, 38.431844298 -2.793824997, 38.424092679 -2.797756404, 38.422524814 -2.807372377, 38.41894656 -2.813241708, 38.41965611 -2.816716102, 38.42665241 -2.821242774, 38.427228447 -2.829412154, 38.432180033 -2.840813476, 38.43227922 -2.844459277, 38.428403414 -2.851830508, 38.432656892 -2.857106702, 38.439721855 -2.85897382, 38.439210681 -2.866536481, 38.446348128 -2.871280571, 38.446664756 -2.873723184, 38.443876161 -2.881275834, 38.44611925 -2.882570565, 38.454031092 -2.88216743, 38.455488337 -2.884293928, 38.455587523 -2.88672772, 38.451349312 -2.891475156, 38.451082281 -2.895129779, 38.454397321 -2.896985933, 38.458059505 -2.897186899, 38.461530952 -2.899676235, 38.462198542 -2.906316776, 38.466383354 -2.911502618, 38.473600918 -2.92593539, 38.476717598 -2.938584242, 38.477888735 -2.939534729, 38.485796761 -2.938136049, 38.487990257 -2.939123249, 38.489092733 -2.946587212, 38.493857391 -2.953130245, 38.492457373 -2.957788757, 38.494555499 -2.958667247, 38.498740306 -2.957981615, 38.500910915 -2.961148952, 38.499453677 -2.96856643, 38.501391598 -2.98849735, 38.491530406 -2.98889095, 38.487582111 -2.983723466, 38.476664231 -2.990313237, 38.468042842 -2.991693322, 38.465551796 -2.993736623, 38.459921189 -2.99509978, 38.456007227 -2.990728302, 38.448816365 -2.975019869, 38.427896128 -2.957178273, 38.406872885 -2.929972928, 38.403618881 -2.928786192, 38.398491825 -2.930782769, 38.382572764 -2.920877157, 38.352756463 -2.89080772, 38.320739019 -2.836238963, 38.297247617 -2.809230294, 38.277685431 -2.779691041, 38.26396749 -2.763489367, 38.176395477 -2.701094553, 38.164581116 -2.696988654, 38.162994169 -2.695648626, 38.161739102 -2.686438882, 38.158397363 -2.692026905, 38.158038778 -2.697653547, 38.154384226 -2.700998018, 38.147487114 -2.702512796, 38.134261289 -2.701200908, 38.129370749 -2.702807467, 38.119723187 -2.708309672, 38.118155315 -2.709900495, 38.116884999 -2.715001472, 38.114054437 -2.716917231, 38.101667867 -2.721467281, 37.975406495 -2.79077361, 37.944285554 -2.781700251, 37.938433683 -2.773147055, 37.932047745 -2.766827398, 37.928450405 -2.756593741, 37.927058004 -2.745041272, 37.927279259 -2.742671607, 37.929900008 -2.740032553, 37.931174132 -2.724773964, 37.926020362 -2.712340859, 37.921076409 -2.706140162, 37.908789019 -2.705722261, 37.902124605 -2.703698992, 37.893171309 -2.676301244, 37.87882393 -2.661345191, 37.871434702 -2.648249821, 37.862855259 -2.627455664, 37.850689927 -2.606178994, 37.596949971 -2.313849068, 37.599669904 -2.311328258, 37.601230148 -2.312234403, 37.602309728 -2.311023346, 37.605559918 -2.312012453, 37.606940866 -2.311091287, 37.608832992 -2.30799999, 37.60722697 -2.305393601, 37.610328382 -2.303994687, 37.614402559 -2.299141877, 37.618114335 -2.298837919, 37.619548692 -2.299861356, 37.623008696 -2.306177679, 37.626853988 -2.302934526, 37.631790308 -2.303264941, 37.632919479 -2.30021799, 37.631744527 -2.296987951, 37.634594163 -2.295661033, 37.637325544 -2.299317801, 37.642204642 -2.298906325, 37.646900631 -2.300972985, 37.648376946 -2.294995897, 37.656239194 -2.289341357, 37.659584752 -2.289036922, 37.662476353 -2.29125568, 37.665936354 -2.291810666, 37.670773488 -2.28965341, 37.668614323 -2.285744179, 37.66872495 -2.282795687, 37.671883584 -2.282165363, 37.673516301 -2.270725411, 37.679120203 -2.266569912, 37.67915835 -2.264896604, 37.676751225 -2.262407027, 37.678933273 -2.255815591, 37.67913545 -2.244283618, 37.676240033 -2.240780616, 37.675900513 -2.23162713, 37.678456411 -2.229295845, 37.68018069 -2.229523513, 37.686970986 -2.223134949, 37.689439142 -2.217393636, 37.695722074 -2.211818483, 37.706327141 -2.197319893, 37.710534837 -2.194402151, 37.71656218 -2.192408435, 37.725507829 -2.193338654, 37.723562291 -2.189854723, 37.707959857 -2.183319797, 37.7062165 -2.174128882, 37.699727563 -2.16657981, 37.690347031 -2.166227941, 37.667603336 -2.157850687, 37.621139376 -2.163290215, 37.592494223 -2.154309581, 37.573584374 -2.139395958, 37.56455098 -2.128651891, 37.551870667 -2.129417629, 37.545774655 -2.12721413, 37.543459085 -2.124860438, 37.544954473 -2.117979111, 37.541761504 -2.114403636, 37.537183773 -2.112509098, 37.534589723 -2.108002683, 37.454158981 -2.076243727, 37.382422101 -2.024460377, 37.360563432 -2.013984035, 37.315877149 -2.009715084, 37.309227992 -2.0042732, 37.299076875 -2.005284485, 37.287785136 -1.998544652, 37.280914723 -1.995941957, 37.276077578 -1.976792725, 37.268734131 -1.96705469, 37.266296486 -1.960260736, 37.258941598 -1.959674402, 37.253738241 -1.954378774, 37.248622626 -1.952374931, 37.245189324 -1.944476842, 37.235969008 -1.937024796, 37.222949177 -1.934298376, 37.216090211 -1.934969347, 37.211100484 -1.933806569, 37.207793074 -1.935909947, 37.201224029 -1.934103497, 37.191477279 -1.93679691, 37.187776946 -1.935391324, 37.184568718 -1.931906439, 37.183401395 -1.929599234, 37.184789972 -1.926562413, 37.183996498 -1.92487063, 37.17627539 -1.922095335, 37.172021914 -1.919106674, 37.170808813 -1.91375216, 37.159692549 -1.898259342, 37.160218986 -1.894642979, 37.154088639 -1.888378983, 37.155854879 -1.885894171, 37.160733977 -1.886713181, 37.161962334 -1.883612828, 37.161271857 -1.878430793, 37.164823411 -1.873542462, 37.163194499 -1.868956182, 37.163461529 -1.858855898, 37.158132284 -1.852791916, 37.156186746 -1.846351504, 37.151471682 -1.844547199, 37.148839486 -1.841931151, 37.143918425 -1.84189885, 37.142812139 -1.839808944, 37.144807265 -1.837016837, 37.149518513 -1.835267597, 37.149888545 -1.833450416, 37.149056923 -1.831867103, 37.145589292 -1.830986347, 37.144593634 -1.828950795, 37.14462415 -1.823688063, 37.14689394 -1.820887255, 37.143277531 -1.815928242, 37.147679779 -1.808599321, 37.153218831 -1.803821485, 37.153558344 -1.800096413, 37.151956137 -1.797192143, 37.161042927 -1.782905008, 37.162320876 -1.781866431, 37.212790356 -1.775740083, 37.220568682 -1.772293216, 37.226374766 -1.761076636, 37.244956528 -1.737700135, 37.264434782 -1.760796145, 37.274475275 -1.76782301, 37.279693889 -1.769889671, 37.293186743 -1.75335314, 37.301838655 -1.755061131, 37.287941412 -1.720259351, 37.312592484 -1.702484104, 37.319214938 -1.71043905, 37.350042138 -1.706125124, 37.351064498 -1.707455379, 37.358652087 -1.708890764, 37.362951337 -1.704779606, 37.365343202 -1.706508937, 37.373411453 -1.707365971, 37.386301578 -1.703569493, 37.388331037 -1.700839966, 37.391447709 -1.700399526, 37.393671722 -1.69764306, 37.395979661 -1.698079087, 37.400015692 -1.695468758, 37.402659332 -1.695959378, 37.406420699 -1.69267963, 37.40811446 -1.693314003, 37.410018032 -1.69132601, 37.413752697 -1.690958281, 37.414107471 -1.690135573, 37.408511193 -1.686061252, 37.408610377 -1.683881827, 37.406035401 -1.679394005, 37.40706539 -1.677441414, 37.402632619 -1.673295811, 37.401247854 -1.669360593, 37.401732329 -1.66523704, 37.395972016 -1.661886254, 37.393965441 -1.655291717, 37.38780076 -1.644551936, 37.386187106 -1.634756323, 37.383238284 -1.633379344, 37.377970076 -1.625859828, 37.375952056 -1.61725775, 37.370817363 -1.604655849, 37.366594404 -1.599570008, 37.364568756 -1.592297351, 37.34313734 -1.574699728, 37.341607613 -1.570430038, 37.337666948 -1.566248795, 37.336163925 -1.562612169, 37.342294267 -1.55595195, 37.351114027 -1.552540485, 37.350888954 -1.551220004, 37.366060311 -1.536915821, 37.366727896 -1.534293692, 37.37190073 -1.530987719, 37.373026088 -1.528329711, 37.380121568 -1.5217695, 37.382357026 -1.52197011, 37.383161944 -1.520659403, 37.384760335 -1.522017193, 37.39564389 -1.523806954, 37.399306074 -1.52251639, 37.406870775 -1.526184721, 37.409487711 -1.52605098, 37.421271555 -1.532290897, 37.428008449 -1.534131796, 37.429236806 -1.532305913, 37.431216675 -1.533871942, 37.433272839 -1.532354068, 37.43521456 -1.534146216, 37.437732312 -1.533804354, 37.439658772 -1.530088698, 37.441962898 -1.53315627, 37.448879085 -1.531370674, 37.455387089 -1.523751265, 37.458972978 -1.523401178, 37.459919041 -1.521357877, 37.465580167 -1.519869681, 37.472393357 -1.520697512, 37.474411374 -1.523140842, 37.476593424 -1.518638476, 37.482491067 -1.519791242, 37.486515654 -1.517451731, 37.49066613 -1.519625195))",Makueni,Makueni,243483912,-57.80079999999999,1056.1077,47688763616,0.0,0.0,0.0,0.0,0.0,50.0,44.44444444444442,0.08333333333333333,0.858672720295521,-0.08333333333333333,-1.0,-0.09704900524224562,0,0,0,0,,,0.0,0.0,0.0,0.0,,0,0,0,0,,,0.0,0.0,0.0,0.0,,0,0,0,0,,,0.0,0.0,0.0,0.0,,0,0,0,0,50.0,44.44444444444442,0.08333333333333333,0.858672720295521,-0.08333333333333333,-1.0,-0.09704900524224562,0,0,0,0,40.29,63.96210558484228,48.6899534123684,19.70249999999998,31.178198599899638,20.58750000000002,1.0449181575942161,0.6603171743240577,0.0,0.0,0.0,0.0,0.12429133000093469,0.0,0.0,0.0,0.0,0.26606776465369036,0.16583001893005442,0.12429133000093469
5,24227781,2021-07-01,Kenya,Kenya_2021-07,54986000,781263,195316.0,0.25,3.0,0.2,0.55,0.2,0.05,0.0,0.25,0.45,0.25,0.05,0.0,,,,,,Wajir,"POLYGON ((39.787829096 3.434468955, 39.788191412 3.337927544, 39.790644305 3.331159185, 40.01661231 3.240973756, 40.035201691 3.231855019, 40.039886228 3.22619664, 40.045581681 3.223703231, 40.270565328 2.971383683, 40.293659954 2.961208368, 40.31071198 2.951338446, 40.361581956 2.929533826, 40.400065366 2.909506948, 40.493531075 2.868534399, 40.495457528 2.859804509, 40.494374127 2.851982678, 40.498318598 2.847744916, 40.495953436 2.843307382, 40.49979109 2.833760978, 40.497261892 2.828907678, 40.495533792 2.819051839, 40.496170855 2.813932008, 40.499768185 2.812281339, 40.500496803 2.808084107, 40.496945248 2.805176372, 40.494915786 2.801145306, 40.496029695 2.795165812, 40.501587815 2.790682023, 40.504101742 2.780775402, 40.509842974 2.779990354, 40.515435426 2.774430199, 40.519341753 2.773647297, 40.521588652 2.771808534, 40.519082344 2.767651356, 40.5212415 2.760811484, 40.518971706 2.755559821, 40.519929208 2.746813007, 40.519212027 2.741568496, 40.520310679 2.739269864, 40.519295947 2.735988319, 40.513966709 2.73424063, 40.512200468 2.731755573, 40.510800441 2.72495647, 40.501431354 2.716674778, 40.501042245 2.714025464, 40.511902891 2.699107241, 40.519204363 2.695742728, 40.522729209 2.690691792, 40.528386495 2.660369504, 40.532186006 2.657687765, 40.534104833 2.652340265, 40.536527211 2.649470431, 40.5379463 2.640723141, 40.541532182 2.634984905, 40.545453757 2.619225621, 40.550851651 2.60669305, 40.550790607 2.595415408, 40.556459352 2.586509343, 40.561227817 2.584694656, 40.562730836 2.582857085, 40.559835419 2.576050595, 40.561475766 2.569202381, 40.56610308 2.561853054, 40.57959592 2.547637867, 40.580469501 2.545393829, 40.579355574 2.526331073, 40.59614056 2.50833156, 40.596960734 2.505111045, 40.593359587 2.501814485, 40.593268029 2.497319973, 40.603754832 2.487983121, 40.603682346 2.479518335, 40.615962082 2.456080499, 40.63145005 2.444811431, 40.633254434 2.439862294, 40.63532204 2.438783782, 40.63951066 2.439321127, 40.642985913 2.432362536, 40.647353826 2.430539268, 40.652686878 2.431030125, 40.655906546 2.430004298, 40.664032006 2.423130334, 40.668968313 2.410373196, 40.666034748 2.402952118, 40.669738886 2.393506324, 40.668277824 2.387684178, 40.670364502 2.383259516, 40.674396714 2.380053304, 40.677074679 2.371892951, 40.686176721 2.364276379, 40.692207875 2.363319447, 40.705178092 2.350480296, 40.707035884 2.346345288, 40.71776683 2.333897587, 40.718316153 2.327395053, 40.720456238 2.323720868, 40.725403995 2.320694407, 40.730481454 2.315018156, 40.742555204 2.310056617, 40.756887305 2.312715695, 40.773077197 2.310660698, 40.779573752 2.307351973, 40.787191846 2.298742715, 40.797495541 2.291368832, 40.80767335 2.286744151, 40.824126464 2.289933185, 40.829123815 2.288742386, 40.832347296 2.286459489, 40.844813962 2.27125186, 40.848666881 2.269944961, 40.855583058 2.263009494, 40.866409369 2.243825633, 40.86812601 2.23300858, 40.871658485 2.226231412, 40.878166483 2.221258911, 40.890400448 2.206684944, 40.89840765 2.199983583, 40.934434344 2.177639273, 40.948968622 2.17344299, 40.959421096 2.171928444, 40.982347878 2.17647348, 40.993887563 2.1752555, 40.991106491 1.995301358, 40.99332282 1.893642226, 40.994738003 1.695906551, 40.994493493 0.460472092, 40.978620226 0.449879453, 40.959611217 0.443772257, 40.949524959 0.436658875, 40.922779592 0.423843989, 40.891925713 0.393161893, 40.885795374 0.388750593, 40.866374369 0.378961949, 40.848624234 0.371532811, 40.821142615 0.36355384, 40.811063987 0.359432402, 40.794580357 0.356370162, 40.769048087 0.349412068, 40.753125227 0.341918413, 40.746018306 0.336186393, 40.739762079 0.32654752, 40.736378376 0.3240251, 40.715420017 0.315907858, 40.705810604 0.292306454, 40.700408886 0.282431986, 40.685554162 0.267684413, 40.684623358 0.261191369, 40.680774252 0.254074739, 40.669593154 0.243115519, 40.660998472 0.238133631, 40.650912214 0.229941398, 40.644324102 0.226849268, 40.631170767 0.229066482, 40.622301422 0.227882781, 40.614294215 0.228760947, 40.603921849 0.221825558, 40.598546835 0.222820971, 40.595342426 0.22196216, 40.586621856 0.212096275, 40.577130703 0.214530072, 40.570889735 0.21276717, 40.56368363 0.213817012, 40.560944624 0.216358653, 40.546490452 0.223920953, 40.535450501 0.22544154, 40.526859634 0.220920414, 40.523876481 0.216959401, 40.520939106 0.209317417, 40.513832185 0.204280519, 40.510952031 0.196005382, 40.507736178 0.190723873, 40.504928506 0.188951465, 40.501270139 0.189530621, 40.501495211 0.192406659, 40.498431948 0.194270046, 40.490829107 0.192425702, 40.480998438 0.185616216, 40.473037008 0.183093528, 40.464419437 0.18190944, 40.450163633 0.182236223, 40.435511092 0.185511517, 40.422529422 0.186561762, 40.408922128 0.179951278, 40.403776 0.180358699, 40.392259202 0.18546983, 40.378861721 0.193792021, 40.368134581 0.195656123, 40.358548058 0.194779582, 40.338879091 0.196617297, 40.321052659 0.201294963, 40.309276457 0.207790213, 40.294913839 0.219133865, 40.271178324 0.231328729, 40.252833083 0.238611733, 40.237432847 0.246979981, 40.220956845 0.261264024, 40.174202995 0.313542052, 40.151241879 0.329926048, 40.122280126 0.34431189, 40.085871937 0.371733678, 40.057963061 0.389846772, 40.049314972 0.392525433, 40.022775597 0.39434697, 40.008329052 0.396646431, 39.97161568 0.410120406, 39.958695044 0.416644207, 39.939827179 0.428723051, 39.907157467 0.459637898, 39.899981879 0.461701346, 39.8859397 0.461277955, 39.876612579 0.456475563, 39.871046826 0.458846364, 39.864081051 0.465062036, 39.850920085 0.473784307, 39.832170476 0.478201244, 39.826597093 0.477514422, 39.820188274 0.480437173, 39.809873128 0.482862866, 39.800198863 0.480548149, 39.796712162 0.486220663, 39.780796929 0.492012317, 39.77246928 0.498888648, 39.764542183 0.508415539, 39.733535709 0.5235450659999999, 39.73093022 0.530176563, 39.724509958 0.540589934, 39.719470643 0.543295505, 39.715442243 0.547719801, 39.712306501 0.5537814089999999, 39.701941763 0.564457674, 39.698870872 0.570817875, 39.692271315 0.575522944, 39.677527219 0.5928762990000001, 39.675120098 0.598232252, 39.674654697 0.6030270760000001, 39.664263256 0.612608801, 39.658533468 0.623067528, 39.647718591 0.652606561, 39.638185475 0.662161168, 39.635198508 0.66707394, 39.628625654 0.6702864039999999, 39.606278717 0.693865271, 39.596337421 0.710874562, 39.584206444 0.72204902, 39.57800744 0.737239518, 39.56853536 0.7469208939999999, 39.563209938 0.757479333, 39.559246392 0.772850476, 39.552368358 0.785806597, 39.546489799 0.815870228, 39.513636991 0.904154786, 39.506335517 0.9162606639999999, 39.49510483 0.939757288, 39.492674824 0.957109756, 39.487383736 0.966691245, 39.481859946 0.973504464, 39.463217152 0.988235638, 39.465788311 0.996124265, 39.398743711 1.150648403, 39.273710804 1.473865324, 39.4475348 1.534117121, 39.438814229 1.536389768, 39.425580784 1.547800789, 39.421891901 1.553383464, 39.419423742 1.553890656, 39.415971374 1.557392597, 39.411035057 1.558234858, 39.406743436 1.556896734, 39.399964585 1.559919737, 39.394700203 1.572242864, 39.38959985 1.571185334, 39.387303357 1.572787128, 39.385891895 1.581481605, 39.378880343 1.585608388, 39.373181074 1.592331439, 39.366135192 1.605333404, 39.360207037 1.610844085, 39.357544327 1.617231828, 39.353233635 1.620552827, 39.350921884 1.624868776, 39.347881509 1.625149729, 39.344753398 1.633202203, 39.339366938 1.632841271, 39.33625027 1.638478182, 39.332858938 1.640767635, 39.325454463 1.642297792, 39.321071291 1.649889087, 39.318252174 1.651545117, 39.313788888 1.64979981, 39.312640642 1.650487588, 39.307433481 1.661824465, 39.301532026 1.661047292, 39.299578862 1.661961309, 39.285849495 1.669752981, 39.284464733 1.67164407, 39.284396069 1.674819645, 39.274107627 1.680774105, 39.264708024 1.680847774, 39.253031007 1.690484642, 39.241197581 1.696149688, 39.234948982 1.696060054, 39.231962015 1.697896908, 39.229020826 1.702031915, 39.220532955 1.702810883, 39.21616504 1.705154691, 39.212270156 1.704621278, 39.207200325 1.711054438, 39.196580003 1.729231422, 39.196621967 1.733212185, 39.192654604 1.736134822, 39.189011499 1.744422476, 39.184403254 1.749588911, 39.178394991 1.760862258, 39.177731224 1.769511561, 39.167984491 1.798816349, 39.163559355 1.802372289, 39.159904807 1.813138922, 39.151733565 1.820829751, 39.147449579 1.831361086, 39.141574831 1.838255547, 39.143333444 1.843104673, 39.142276755 1.849790653, 39.140598256 1.853816831, 39.136802558 1.856341345, 39.12847873 1.874173966, 39.123477563 1.877096604, 39.12002138 1.881928091, 39.109340016 1.885855339, 39.103011309 1.891483075, 39.099146946 1.897979174, 39.095595391 1.896984223, 39.092207872 1.897952477, 39.086504789 1.90462058, 39.080820777 1.907136035, 39.073389602 1.916038879, 39.065336618 1.92263463, 39.060125643 1.936278009, 39.05087482 1.941715744, 39.045495994 1.953052031, 39.040372755 1.958281524, 39.035009188 1.966442235, 39.031537748 1.975308603, 39.025731664 1.979090427, 39.023080398 1.982537539, 39.01607266 1.985622646, 39.007367352 1.998560372, 39.001027198 1.998895085, 38.997658755 2.002722084, 38.991993827 2.023404037, 38.994656543 2.032360874, 38.994713768 2.038123898, 38.989178535 2.046130725, 38.987171967 2.051242449, 38.988076075 2.063754749, 38.982880358 2.072403819, 38.957493053 2.102024029, 38.950847725 2.117512491, 38.943607297 2.140718364, 38.93785081 2.153501966, 38.940227429 2.178888458, 38.940784403 2.208337248, 38.938217069 2.22369936, 38.937061203 2.241259974, 38.934192496 2.246706171, 38.93192271 2.255328065, 38.928230023 2.279257715, 38.93058756 2.290295528, 38.937816567 2.307205074, 38.938110308 2.311927733, 38.933048113 2.330030945, 38.932796343 2.337404349, 38.933734783 2.346867785, 38.938331592 2.357344647, 38.938976292 2.361732596, 38.935096682 2.387281685, 38.93550487 2.397767372, 38.919051773 2.434932401, 38.904311514 2.478276463, 38.904178002 2.486002697, 38.897994263 2.500975274, 38.895056906 2.529980181, 38.892569678 2.537443941, 38.889292789 2.539958801, 38.895568093 2.541397766, 38.900935482 2.544284283, 38.912860466 2.545569716, 38.918677999 2.549324716, 38.945495864 2.553424663, 38.956066606 2.558156614, 38.975930137 2.563332217, 38.984242534 2.569819015, 38.991818683 2.581028713, 39.015554242 2.63337561, 39.031961613 2.674005978, 39.036672869 2.688834081, 39.048040906 2.703888181, 39.049948305 2.720733847, 39.051844251 2.725682747, 39.061423155 2.733770386, 39.064356719 2.738510925, 39.065970394 2.773188513, 39.070094188 2.806020186, 39.066947057 2.882713023, 39.111972835 2.885188273, 39.119075969 2.918318184, 39.12685812 2.934556888, 39.13935151 2.940797897, 39.147240471 2.952304642, 39.150174034 2.954511728, 39.162984046 2.956952674, 39.188462921 2.95786238, 39.196351875 2.959380969, 39.202341077 2.968761683, 39.207468136 2.973039968, 39.233561198 2.984578644, 39.244189159 2.986973819, 39.263434707 3.005352852, 39.283866654 3.028300064, 39.330590024 3.055825688, 39.343033822 3.064153871, 39.344792435 3.066867553, 39.345967443 3.136971801, 39.34482303 3.160475932, 39.346688458 3.164935402, 39.341202895 3.261106099, 39.339844841 3.266453129, 39.331311205 3.281175403, 39.327629957 3.291327346, 39.322254967 3.321790085, 39.31818464 3.362610979, 39.310024877 3.405875935, 39.308674452 3.41058096, 39.302368638 3.418535116, 39.297005077 3.430750159, 39.298206739 3.439443819, 39.302044409 3.448281469, 39.307716986 3.457471231, 39.316986896 3.468595829, 39.322014778 3.479631508, 39.325028468 3.499967812, 39.327252483 3.501477824, 39.331853098 3.499902008, 39.335274945 3.494463669, 39.335599181 3.472479554, 39.337331079 3.462997747, 39.383081662 3.465377871, 39.404951757 3.462319919, 39.415350827 3.459990284, 39.420245179 3.457265152, 39.45330019 3.454246287, 39.465728724 3.456872945, 39.48384127 3.458166476, 39.488419 3.459530108, 39.490742201 3.46369039, 39.492855587 3.465028278, 39.496475806 3.46385035, 39.498787557 3.461795357, 39.515850989 3.407723333, 39.535249104 3.398032913, 39.541100966 3.397269557, 39.556459245 3.399178634, 39.589922517 3.486105196, 39.601862764 3.492810129, 39.616572542 3.505302888, 39.773642172 3.664552399, 39.786883275 3.69014132, 39.787829096 3.434468955))",Wajir,Wajir,795603660,186.47380000000004,3702.938099999998,155504658054,0.0,8.0,0.0,0.0,8.0,62.50000000000001,46.82840307840306,1.75,3.976151733610735,6.25,3.5714285714285716,1.571871603180593,0,0,1,0,,,0.0,0.0,0.0,0.0,,0,0,0,0,,,0.0,0.0,0.0,0.0,,0,0,0,0,,,0.0,0.0,0.0,0.0,,0,0,0,0,62.50000000000001,46.82840307840306,1.75,3.976151733610735,6.25,3.5714285714285716,1.571871603180593,0,0,1,0,16.99,66.96886085928261,51.39522316113968,8.056666666666679,10.64521528737171,8.93333333333332,1.1088125775755033,0.8391876624544009,0.0,0.0,0.0,0.0,0.24523383879802307,0.0,0.0,0.0,0.0,0.5439674987972416,0.40422237357177465,0.24523383879802307
6,24227781,2021-07-01,Kenya,Kenya_2021-07,54986000,621241,31062.0,0.05,1.0,0.85,0.1,0.05,0.0,0.0,0.85,0.1,0.05,0.0,0.0,,,,,,West pokot,"POLYGON ((35.2165906 2.501585988, 35.215774225 2.48121774, 35.218181335 2.456038142, 35.227390196 2.435228853, 35.222377573 2.426584545, 35.21915026 2.405893509, 35.232601146 2.372547107, 35.228214137 2.345190467, 35.235076917 2.337526683, 35.241539149 2.335567049, 35.25738573 2.325805597, 35.26730796 2.313915017, 35.281792658 2.29183459, 35.294377594 2.265053674, 35.297974924 2.254373445, 35.310945142 2.206348413, 35.314981165 2.183968092, 35.321580718 2.161394905, 35.337179322 2.119747737, 35.368899141 2.007150257, 35.37225995 1.987176448, 35.372546053 1.97699233, 35.370779804 1.961214684, 35.375655083 1.946101688, 35.370127467 1.939209609, 35.36571758 1.930812166, 35.365011844 1.924634802, 35.378882369 1.912737074, 35.437832096 1.8512881, 35.440624513 1.850463004, 35.447647515 1.843135963, 35.452992018 1.844058799, 35.460549091 1.84122949, 35.465180224 1.82567117, 35.462254286 1.817718935, 35.465588399 1.813201534, 35.460663518 1.805525484, 35.465786763 1.801598474, 35.470627716 1.803052698, 35.473511687 1.801252317, 35.479634399 1.788188711, 35.485421415 1.785870051, 35.49638508 1.774079607, 35.502061467 1.771643179, 35.508817434 1.761397554, 35.524522873 1.76427179, 35.534658736 1.764038037, 35.567976996 1.752892926, 35.581939079 1.749577164, 35.589381709 1.749464399, 35.600562824 1.754975913, 35.608673036 1.746139934, 35.613147769 1.743790998, 35.62151739 1.743887427, 35.62650712 1.746768462, 35.630409636 1.744427275, 35.643734651 1.740667021, 35.653561516 1.739519608, 35.659482049 1.735402595, 35.662850495 1.72978177, 35.672444655 1.720622285, 35.680238244 1.718134125, 35.693521295 1.710037535, 35.701471289 1.706853968, 35.717466649 1.707125377, 35.733671818 1.69631427, 35.74645513 1.681359931, 35.753775685 1.675708709, 35.762526782 1.672507619, 35.768981382 1.666529674, 35.774982025 1.66304382, 35.780845337 1.661346306, 35.791454232 1.661571468, 35.784114597 1.652932891, 35.782237727 1.652080739, 35.779166832 1.653295138, 35.778113953 1.652372062, 35.77761803 1.648053606, 35.779826785 1.646178369, 35.775535159 1.641167131, 35.775569491 1.638077973, 35.778171168 1.635905215, 35.779246933 1.630405855, 35.784358734 1.629547025, 35.788638911 1.623682439, 35.785331499 1.621409914, 35.779548297 1.62176191, 35.778426752 1.620332955, 35.778758635 1.613640057, 35.781985935 1.61048367, 35.782516188 1.607214641, 35.784869905 1.605809166, 35.78167312 1.602416767, 35.777125906 1.601443034, 35.779800063 1.598041812, 35.77999843 1.595205833, 35.778636554 1.593207464, 35.780589719 1.590274814, 35.777408193 1.585491364, 35.782390288 1.576809513, 35.779731389 1.576633696, 35.777938443 1.574743083, 35.777968959 1.568230415, 35.773765074 1.568070332, 35.773334001 1.56040072, 35.774241918 1.558315574, 35.772132344 1.5536965, 35.772231527 1.54960476, 35.7688173 1.546474123, 35.766799281 1.54118682, 35.767676676 1.531270189, 35.761496737 1.528849024, 35.760771928 1.525668442, 35.762442799 1.523828249, 35.759207867 1.51915339, 35.759768638 1.51551401, 35.754374542 1.513392273, 35.752402301 1.508385206, 35.749365737 1.506628216, 35.750910721 1.503098857, 35.745852326 1.500751714, 35.74009201 1.494962227, 35.737894698 1.494290543, 35.734102808 1.487944039, 35.730230808 1.484316224, 35.727922867 1.483987593, 35.72913215 1.47863318, 35.725500481 1.476929711, 35.723886829 1.472031711, 35.719217541 1.470299634, 35.717935775 1.467723509, 35.722410505 1.456746724, 35.721998508 1.454650612, 35.719488384 1.453653276, 35.71961427 1.448306373, 35.712118232 1.444574021, 35.711187424 1.43895463, 35.705545368 1.435026434, 35.707567199 1.431940256, 35.708047859 1.427894528, 35.704687039 1.424872838, 35.707281085 1.417804346, 35.705629286 1.416537501, 35.705839098 1.412834589, 35.710668605 1.40953564, 35.709104545 1.407094686, 35.706323572 1.406259819, 35.705755169 1.402456422, 35.709135062 1.401594017, 35.710836451 1.398706186, 35.703428154 1.398731816, 35.701814503 1.396670154, 35.701898426 1.392181244, 35.69812561 1.386747566, 35.69853379 1.384074651, 35.701471168 1.383961292, 35.702058644 1.382553077, 35.69953326 1.378295414, 35.694654158 1.373808652, 35.694787675 1.371315966, 35.69254077 1.369208293, 35.694047606 1.364477529, 35.69285358 1.363807513, 35.691835035 1.365413836, 35.690446456 1.364535818, 35.690507491 1.358673977, 35.687062746 1.355173823, 35.68783333 1.351733744, 35.69013364 1.349361448, 35.686891077 1.343612489, 35.688355951 1.341365591, 35.690290043 1.342000443, 35.691712954 1.340403655, 35.690995776 1.338957535, 35.688104175 1.338366548, 35.690652445 1.336410018, 35.695516286 1.335459286, 35.694223075 1.331998229, 35.697572448 1.327793727, 35.695825279 1.325524301, 35.698652029 1.3259707, 35.699525613 1.32496931, 35.69948365 1.323162733, 35.696439457 1.320828344, 35.697362632 1.318002497, 35.696256346 1.315869434, 35.67239873 1.314527859, 35.669888606 1.31365735, 35.667618813 1.310800274, 35.6449247 1.300997369, 35.631340278 1.29746575, 35.62690369 1.292113128, 35.623008802 1.290852482, 35.616222312 1.286138051, 35.614227183 1.283922742, 35.611148656 1.275465228, 35.606208519 1.273697511, 35.596812723 1.274669342, 35.591105817 1.278120746, 35.586741712 1.279198662, 35.578330131 1.287757737, 35.567324499 1.288167308, 35.558451326 1.285003416, 35.558188106 1.282736373, 35.556730861 1.282011883, 35.542585667 1.282263516, 35.485940026 1.237955778, 35.452457717 1.209042323, 35.359194019 1.133571136, 35.345327301 1.124614898, 35.324887721 1.115704911, 35.292359118 1.131824176, 35.258430491 1.146757534, 35.25176226 1.148166108, 35.152600946 1.196371455, 35.125378689 1.180094027, 35.124497476 1.181681518, 35.120270702 1.183255182, 35.119328453 1.185104194, 35.087990053 1.179355244, 35.084274456 1.164646466, 35.076366424 1.172415729, 35.069778304 1.175953552, 35.06528831 1.175414656, 35.053805831 1.183223613, 35.04632124 1.191164403, 35.042529351 1.191826792, 35.035845863 1.200616994, 35.043273238 1.211964006, 35.025710007 1.229158563, 35.01246892 1.250718062, 34.994451726 1.254119884, 34.973005042 1.244827148, 34.960214093 1.244879599, 34.940190325 1.248268786, 34.905113443 1.247212218, 34.907013212 1.27874532, 34.821592699 1.256607973, 34.822531135 1.259749459, 34.830694762 1.26754971, 34.828619528 1.284591213, 34.830439182 1.299690013, 34.822744779 1.31214713, 34.790910471 1.354653574, 34.790105553 1.356808571, 34.791238543 1.358624208, 34.801534631 1.366880156, 34.801008193 1.370921475, 34.786084791 1.400841349, 34.784959434 1.406000277, 34.788079924 1.411618119, 34.799425076 1.420661614, 34.833567346 1.440981316, 34.83919033 1.445846177, 34.842818184 1.446556721, 34.852778568 1.444120769, 34.857535597 1.446412485, 34.85893181 1.458470524, 34.858275674 1.475424538, 34.859416293 1.47742982, 34.859465894 1.50269593, 34.863589675 1.519099602, 34.868045336 1.522446943, 34.874282499 1.524426239, 34.876674366 1.526966485, 34.884746441 1.541086425, 34.887313789 1.548987284, 34.89964315 1.54660199, 34.901333097 1.547191786, 34.907406227 1.556670002, 34.911213375 1.557435377, 34.919544849 1.555773264, 34.934510226 1.56345515, 34.939484698 1.569727751, 34.951348666 1.593079525, 34.975492409 1.631852889, 34.9811421 1.645410688, 34.988184182 1.649901385, 34.997663905 1.652014539, 35.000601287 1.659574489, 34.996859001 1.686209008, 34.998739691 1.698071801, 34.998182736 1.705633661, 34.994223008 1.73195147, 34.993803395 1.76349317, 34.9959931 1.815698956, 34.999010599 1.839631237, 35.022257891 1.921859533, 34.980936245 1.978366046, 34.97968882 1.994075394, 34.981985321 2.004378353, 34.978681741 2.041769395, 34.967855424 2.086387237, 34.957841659 2.139354014, 34.953366931 2.152193175, 34.949971786 2.167769382, 34.938641926 2.225468126, 34.924702777 2.317350283, 34.91429228 2.373269634, 34.914013807 2.384576136, 34.91014181 2.388959085, 34.90948567 2.3917636, 34.909561968 2.395896944, 34.912453574 2.403900917, 34.912648133 2.413719815, 34.91685202 2.416566046, 34.927495252 2.420623097, 34.927541034 2.427914977, 34.932427766 2.430826529, 34.933114429 2.436577165, 34.938680192 2.439833917, 34.938981562 2.444373969, 34.946733192 2.446283771, 34.949289094 2.448258897, 34.965658301 2.439392388, 35.002322115 2.412291998, 35.003798434 2.413054394, 35.007456813 2.424851993, 35.005362512 2.446416047, 35.005835565 2.480685761, 35.003432272 2.510226852, 35.003577242 2.524577221, 35.007174585 2.536727175, 35.008799682 2.540179892, 35.010840589 2.541521833, 35.019126287 2.541773338, 35.027621795 2.538117261, 35.033919988 2.530889267, 35.050582921 2.504062328, 35.057483852 2.500165947, 35.064579338 2.49891483, 35.090920379 2.499896775, 35.097195689 2.501332643, 35.102349456 2.50568984, 35.103688449 2.515171405, 35.09852707 2.54032979, 35.099011552 2.549059449, 35.109181774 2.590150919, 35.117864219 2.608203367, 35.12079016 2.618619929, 35.12695867 2.642216326, 35.128404481 2.657619938, 35.130960387 2.665282527, 35.133962618 2.667602853, 35.1400243 2.667549687, 35.157579899 2.655373733, 35.165148413 2.647517082, 35.176512625 2.631430213, 35.180602055 2.611682747, 35.187094799 2.600111856, 35.199149478 2.57024129, 35.204650375 2.550740805, 35.220226096 2.52360538, 35.2165906 2.501585988))",West Pokot,West Pokot,769975296,138.36139999999997,3108.051599999999,150214400296,0.0,0.0,0.0,0.0,0.0,50.0,50.0,0.4166666666666667,1.0206207261596578,-0.4166666666666667,-1.0,-0.4082482904638629,0,0,0,0,,,0.0,0.0,0.0,0.0,,0,0,0,0,,,0.0,0.0,0.0,0.0,,0,0,0,0,,,0.0,0.0,0.0,0.0,,0,0,0,0,50.0,50.0,0.4166666666666667,1.0206207261596578,-0.4166666666666667,-1.0,-0.4082482904638629,0,0,0,0,30.61,66.93740524149885,48.87762039923391,13.833333333333345,18.269038069716554,16.776666666666657,1.2127710843373476,0.918311440517292,0.0,0.0,0.0,0.0,0.19786474080148223,0.0,0.0,0.0,0.0,0.43041315044393746,0.1879033138378623,0.19786474080148223
7,24227781,2021-07-01,Kenya,Kenya_2021-07,54986000,926976,370791.0,0.4,3.0,0.25,0.35,0.3,0.1,0.0,0.35,0.35,0.25,0.05,0.0,,,,,,Turkana,"POLYGON ((35.654930399 5.428927271, 35.679962969 5.429011631, 35.728921782 5.397838524, 35.7852584 5.387038503, 35.831100534 5.35231326, 35.834018833 5.347974397, 35.832397525 5.326783599, 35.815272919 5.271785002, 35.81479606 5.262578039, 35.816024407 5.25436472, 35.827228372 5.225543716, 35.833507485 5.218014596, 35.837089552 5.210571779, 35.793574068 4.951755617, 35.795111368 4.90529933, 35.795477454 4.793250506, 35.930878973 4.63388323, 35.929860416 4.623354118, 35.921319087 4.58488708, 35.92542378 4.578409785, 35.945886239 4.574034671, 35.946069338 4.564811505, 35.944951604 4.560931331, 35.926789432 4.544475173, 35.928918072 4.53905494, 35.931096308 4.537167297, 35.928025396 4.523061256, 35.924962124 4.517185211, 35.924389894 4.505068365, 35.925843319 4.500693273, 35.928712031 4.500063897, 35.93351101 4.49002016, 35.939206465 4.483422235, 35.93772631 4.46384876, 35.934262478 4.450797873, 35.925786029 4.437320257, 35.91923604 4.422359801, 35.916703009 4.403956389, 35.91888888 4.408229443, 35.919575538 4.405910778, 35.911247864 4.391395176, 35.908062513 4.380622426, 35.902145751 4.339928279, 35.903713605 4.321433796, 35.903129934 4.311720011, 35.909485297 4.258744994, 35.907661817 4.242449982, 35.908378986 4.233346496, 35.911861864 4.22018022, 35.909668359 4.212275882, 35.906830142 4.189734355, 35.91060293 4.164201874, 35.909050307 4.155243338, 35.912567513 4.137063068, 35.917564862 4.12818415, 35.908218638 4.107993241, 35.889575791 4.076312013, 35.863646695 4.01920131, 35.84965407 3.995985608, 35.847887823 3.991489177, 35.846995157 3.982579037, 35.850024085 3.977071316, 35.849768492 3.974008135, 35.836359518 3.940985439, 35.838934466 3.913028456, 35.837824352 3.897595499, 35.84078461 3.888338487, 35.845816292 3.87896275, 35.848753668 3.876507721, 35.842531749 3.857243708, 35.842272333 3.846041368, 35.844984636 3.841444568, 35.845400438 3.832864372, 35.842455416 3.817271215, 35.841738224 3.802074512, 35.838663503 3.79103381, 35.839556151 3.779754468, 35.836733205 3.767964957, 35.835916834 3.758197062, 35.834345141 3.752789474, 35.821386322 3.72981623, 35.81641565 3.710702171, 35.821046779 3.698948891, 35.819826043 3.691419796, 35.821985197 3.679883461, 35.824884425 3.676912777, 35.820112117 3.652614748, 35.817792713 3.630800828, 35.820916994 3.60528434, 35.82394592 3.59752638, 35.835256723 3.585208569, 35.859030405 3.574631292, 35.878748969 3.553144915, 35.895541608 3.54172896, 35.897799952 3.536948596, 35.89444294 3.527451766, 35.886424265 3.512347812, 35.878951109 3.502223044, 35.878821403 3.498699518, 35.881171303 3.49484104, 35.886019883 3.493827367, 35.896003145 3.481646876, 35.906119931 3.479096721, 35.908057838 3.479672213, 35.917026384 3.485456224, 35.923854846 3.498108252, 35.9243584 3.502672148, 35.921936026 3.513342379, 35.923522977 3.518397613, 35.914195859 3.531637307, 35.914134824 3.533832478, 35.909744018 3.536934521, 35.912078668 3.543753901, 35.905097629 3.547018771, 35.905135779 3.549846413, 35.908099861 3.550615245, 35.911807829 3.555569158, 35.917716917 3.553710123, 35.923252154 3.548678723, 35.929252783 3.531136419, 35.933521488 3.495204076, 35.932872969 3.487514064, 35.936542776 3.477344468, 35.936786918 3.472737899, 35.930118671 3.452190836, 35.924999221 3.429607137, 35.92258445 3.408947548, 35.926006287 3.387005849, 35.925849863 3.36543224, 35.927680943 3.348923639, 35.929149626 3.341466304, 35.933647241 3.332364972, 35.937435311 3.328257367, 35.950664958 3.329373537, 35.958656914 3.327049625, 35.96704179 3.322784197, 35.992688518 3.301161937, 35.999005784 3.294811719, 36.022630661 3.248705968, 36.032877147 3.243613536, 36.052919979 3.236435351, 36.056799604 3.231838793, 36.072833104 3.223374215, 36.082808745 3.222255404, 36.097888554 3.217699604, 36.108463115 3.216934814, 36.112552554 3.214850257, 36.116443623 3.210587457, 36.133362153 3.204084418, 36.139000393 3.203838149, 36.142372658 3.207335447, 36.142391735 3.210552392, 36.139397138 3.214763697, 36.143803209 3.218778796, 36.147370025 3.218797865, 36.150643097 3.210087509, 36.148922616 3.189083441, 36.144497458 3.167059746, 36.140488124 3.16216925, 36.137565999 3.155610204, 36.137806324 3.147090093, 36.147121998 3.133047005, 36.148537275 3.125966579, 36.148705107 3.101868343, 36.147232598 3.09553935, 36.150257706 3.082138274, 36.147499617 3.075073825, 36.138626443 3.070306108, 36.138092368 3.062000795, 36.142742569 3.047158363, 36.142582345 3.042676002, 36.13798553 3.029914316, 36.135986574 3.011729072, 36.131309654 3.007587147, 36.123802165 2.996182426, 36.122150363 2.99058484, 36.121086034 2.983028337, 36.122726383 2.976138392, 36.130832781 2.971605485, 36.129936304 2.965486045, 36.13298431 2.964310264, 36.136650311 2.96579262, 36.164204442 2.963912354, 36.169754944 2.965652418, 36.179066812 2.963462486, 36.192819084 2.966018819, 36.202550575 2.959248306, 36.209977944 2.958417722, 36.222444631 2.952855647, 36.224619053 2.952635127, 36.226965143 2.955171443, 36.231546689 2.954785235, 36.243944709 2.948589975, 36.24999113 2.948171343, 36.256247367 2.95287684, 36.254450614 2.962478562, 36.258646863 2.955873979, 36.262755356 2.925358069, 36.267024085 2.917371016, 36.269385424 2.906315542, 36.281562178 2.887891655, 36.292060441 2.884311147, 36.29754609 2.884812256, 36.326668083 2.86894899, 36.34422368 2.861633495, 36.358002651 2.858737426, 36.378293432 2.836615028, 36.383588335 2.827616452, 36.389382967 2.807150215, 36.394914387 2.799399177, 36.400079587 2.787950585, 36.403890546 2.783611977, 36.413381697 2.765195485, 36.416689106 2.76142498, 36.418649898 2.756548786, 36.419859167 2.734797112, 36.427843482 2.715961043, 36.433809788 2.710352011, 36.445063375 2.705097711, 36.444800151 2.697966036, 36.436983667 2.68666097, 36.433485511 2.678438149, 36.433832636 2.648640308, 36.437368923 2.631222234, 36.443239857 2.621075536, 36.45236098 2.609697034, 36.45625968 2.606794536, 36.468138894 2.60676449, 36.47125175 2.604683035, 36.473849608 2.597195431, 36.488952296 2.578425634, 36.492995955 2.571537361, 36.512687822 2.558036396, 36.51555653 2.552618801, 36.517280802 2.54185704, 36.522171336 2.526084868, 36.528629746 2.516606638, 36.529182877 2.496605052, 36.526657491 2.491240146, 36.525539754 2.4788189, 36.526527777 2.47135466, 36.523250866 2.44105977, 36.531959988 2.421398612, 36.537941547 2.40323245, 36.551606071 2.395330028, 36.556801796 2.394182377, 36.575639165 2.40039883, 36.578797801 2.403098207, 36.586331985 2.403970262, 36.593015476 2.407923372, 36.602437968 2.400229551, 36.602395987 2.368655419, 36.604337702 2.357431884, 36.612547097 2.352293689, 36.7242399 2.298910381, 36.722458392 2.285410864, 36.723347231 2.278650377, 36.722294348 2.269671838, 36.718479569 2.265832919, 36.707790563 2.259840319, 36.712604806 2.251440844, 36.713573756 2.245656835, 36.710624927 2.234071893, 36.71192576 2.222177509, 36.700904867 2.213924897, 36.700763716 2.207361566, 36.70251851 2.200756276, 36.701377889 2.195646934, 36.687141142 2.192198518, 36.679973176 2.189186365, 36.664702621 2.178441306, 36.655562412 2.169360261, 36.643164386 2.163510461, 36.618120377 2.156872287, 36.613264165 2.154098531, 36.605894018 2.154818973, 36.597371803 2.146019476, 36.588529149 2.142064222, 36.584466408 2.132982459, 36.580876695 2.117275858, 36.577294617 2.111648003, 36.564377779 2.100636176, 36.565098769 2.094852168, 36.567635592 2.088519844, 36.567383808 2.072212957, 36.570462324 2.056254844, 36.568696081 2.052301971, 36.561577705 2.04669605, 36.557083898 2.045306193, 36.553311078 2.032944077, 36.549828186 2.02948588, 36.547661392 2.028940189, 36.54742869 2.025703939, 36.549885404 2.022616448, 36.546001961 2.020811778, 36.548443415 2.016530868, 36.54941618 2.009825453, 36.547535493 2.005366461, 36.542656394 2.004753543, 36.541523404 2.001958806, 36.544334888 1.990230587, 36.544247146 1.984346095, 36.538936969 1.967164292, 36.531845296 1.960121548, 36.531124301 1.956062111, 36.531395149 1.953188107, 36.53798327 1.9582506, 36.539818178 1.958199105, 36.540344615 1.954584279, 36.539203992 1.944404813, 36.540539162 1.940592356, 36.541225813 1.922280664, 36.538742389 1.91285859, 36.539387084 1.909081177, 36.537109662 1.907044188, 36.538837754 1.903349737, 36.538818676 1.893958415, 36.526794497 1.886972174, 36.524639146 1.881310824, 36.522136653 1.88081913, 36.518360022 1.877351993, 36.515334905 1.876958996, 36.511768084 1.865709723, 36.511531565 1.860982176, 36.515258596 1.84756491, 36.520336064 1.849867949, 36.522979703 1.848000698, 36.524345392 1.844929419, 36.520900643 1.831782261, 36.524044018 1.830394665, 36.523147544 1.826443462, 36.521503373 1.822581538, 36.519077175 1.821466434, 36.515594285 1.822727082, 36.517555075 1.812362382, 36.521720807 1.804549609, 36.527366677 1.805379827, 36.532543327 1.803190499, 36.533458872 1.799820269, 36.528141071 1.792835099, 36.528118181 1.790186619, 36.522788934 1.780146382, 36.517848797 1.77553899, 36.51819594 1.772149927, 36.520423768 1.768944192, 36.518730005 1.764910622, 36.512469956 1.761928389, 36.515533221 1.761227498, 36.521312605 1.756462878, 36.524135541 1.759331875, 36.527065289 1.759136983, 36.528209721 1.755893582, 36.523620542 1.749280073, 36.516582278 1.74575465, 36.520461904 1.742894472, 36.520793788 1.7381767, 36.510966921 1.732360872, 36.507396286 1.721175253, 36.505103603 1.716255202, 36.503081771 1.715032341, 36.502913918 1.706553965, 36.501746595 1.703922174, 36.487971436 1.701147349, 36.486514182 1.678621388, 36.480490647 1.670460918, 36.479063917 1.661935816, 36.471384769 1.65366473, 36.470507368 1.647463291, 36.471697576 1.641165061, 36.468817417 1.634961, 36.468500788 1.627458744, 36.465483296 1.6186515, 36.466383582 1.615742332, 36.465452775 1.612821722, 36.463068539 1.610495916, 36.45905158 1.610644439, 36.456003573 1.609330034, 36.4495299 1.615910886, 36.445310757 1.615363169, 36.441804976 1.612249577, 36.439416924 1.606697177, 36.438699744 1.600902683, 36.434675153 1.596333435, 36.433057686 1.591667635, 36.432775389 1.583234674, 36.427816177 1.577417057, 36.424886426 1.569369468, 36.421174648 1.567277052, 36.420308692 1.564193975, 36.413781608 1.558961863, 36.410439862 1.554583333, 36.405980383 1.540939597, 36.396805838 1.521026838, 36.391804666 1.51981876, 36.387699967 1.520889167, 36.386780608 1.526048689, 36.385182218 1.52911055, 36.38156581 1.531004025, 36.374928105 1.545700292, 36.371666475 1.557291546, 36.371307889 1.564313431, 36.37738102 1.581058959, 36.374451275 1.589604922, 36.370667018 1.592998276, 36.366253321 1.591401967, 36.364178081 1.588335458, 36.361698476 1.587157417, 36.361400919 1.57585093, 36.362427092 1.572652943, 36.360824885 1.569198561, 36.347831756 1.568874703, 36.344062757 1.570071819, 36.340915569 1.576647067, 36.339641432 1.572000219, 36.337379269 1.56943971, 36.327235776 1.564537423, 36.308737918 1.545815463, 36.303511673 1.542925966, 36.297133362 1.531702682, 36.298441829 1.528631642, 36.296027072 1.518868424, 36.297633092 1.515463508, 36.296366585 1.512307958, 36.296896833 1.496936313, 36.299483248 1.488372352, 36.298808032 1.484720458, 36.295386176 1.48091158, 36.289534303 1.466074545, 36.291754501 1.461486342, 36.316886252 1.468909322, 36.325309277 1.465566626, 36.34061034 1.448910848, 36.348957066 1.436105434, 36.358684746 1.4348244, 36.38210366 1.438683573, 36.388157711 1.440959077, 36.396210704 1.440028489, 36.414441513 1.419777078, 36.424558298 1.413895685, 36.428586702 1.41345727, 36.430497904 1.409437528, 36.434205865 1.406675928, 36.446146116 1.409328336, 36.449522193 1.407831675, 36.455953902 1.397390451, 36.461500587 1.397812294, 36.464701185 1.399704813, 36.468782995 1.39598545, 36.467691965 1.384415059, 36.465147506 1.374994301, 36.460420995 1.365896691, 36.445428922 1.361867657, 36.440549822 1.357090289, 36.436185715 1.349050688, 36.424287426 1.345070166, 36.423692318 1.335769441, 36.422277034 1.33191765, 36.41379297 1.327073294, 36.406750889 1.315190009, 36.393853129 1.311922774, 36.396130549 1.307451387, 36.404664202 1.30255279, 36.404751941 1.298286903, 36.407803761 1.296265528, 36.416825707 1.295533764, 36.420293338 1.29299757, 36.424028004 1.292721266, 36.429910391 1.298285703, 36.434480494 1.300342119, 36.438768302 1.298927466, 36.438001529 1.289626383, 36.439378662 1.286157101, 36.442377076 1.283954783, 36.448576084 1.273675434, 36.45152872 1.271120645, 36.455248123 1.256265254, 36.454534758 1.252088885, 36.451219717 1.250133311, 36.445863772 1.252541367, 36.43256165 1.264422393, 36.425790422 1.264768191, 36.419618116 1.270953061, 36.412534077 1.275266034, 36.409177074 1.274575755, 36.40573233 1.271463236, 36.397873891 1.273389373, 36.397229193 1.270424302, 36.39477629 1.266770502, 36.392235649 1.265701409, 36.390644886 1.261903854, 36.394047666 1.259656837, 36.398591062 1.252376887, 36.407456602 1.249620174, 36.411633784 1.254775997, 36.414655087 1.255285095, 36.418691116 1.242852777, 36.423722804 1.234840947, 36.423890653 1.231623533, 36.418717815 1.225445461, 36.412957503 1.228015746, 36.406506715 1.22560531, 36.400841771 1.222074881, 36.396382295 1.215120467, 36.399067894 1.200282719, 36.39774798 1.195337757, 36.398678783 1.190006233, 36.392357698 1.18547227, 36.391819811 1.174499782, 36.395031852 1.170978053, 36.401608526 1.171436012, 36.415063245 1.178462182, 36.418218066 1.181682694, 36.422841575 1.182184043, 36.443529105 1.172116745, 36.44451713 1.166730866, 36.442071856 1.157880118, 36.437570417 1.148855936, 36.436284835 1.139473084, 36.436551868 1.135044611, 36.440275088 1.130158293, 36.446413058 1.109963156, 36.441579734 1.100568266, 36.43960749 1.084541752, 36.440591701 1.08088211, 36.445054988 1.074468738, 36.445085505 1.070256968, 36.44302171 1.065229879, 36.443498555 1.058044934, 36.445375424 1.053436947, 36.443593922 1.046918919, 36.44503972 1.038270451, 36.455160315 1.01383005, 36.456117822 1.006075812, 36.455400642 0.9968290869999999, 36.446378693 0.983526744, 36.447164535 0.977155331, 36.444601003 0.969262942, 36.434343066 0.951974117, 36.418366778 0.93408471, 36.399117412 0.918597456, 36.393288433 0.916062517, 36.393887354 0.918476113, 36.38682239 0.925655993, 36.388523781 0.92943507, 36.387951566 0.939014778, 36.390591392 0.939839215, 36.388352119 0.943190549, 36.388973928 0.94686944, 36.38434279 0.949080221, 36.384266496 0.952604869, 36.381962371 0.9536243760000001, 36.378628256 0.9531066969999999, 36.375042367 0.954983781, 36.369884789 0.953786847, 36.365219318 0.957127156, 36.36401385 0.962042735, 36.358703681 0.963638211, 36.355705267 0.963084593, 36.353877989 0.96493587, 36.351348792 0.964572374, 36.347606498 0.972531515, 36.346648993 0.985364098, 36.342410777 0.987529703, 36.341796599 0.99220158, 36.316893737 0.989325498, 36.172947005 1.168935407, 36.096575175 1.166796645, 35.783424122 1.652561467, 35.791454232 1.661571468, 35.780845337 1.661346306, 35.774982025 1.66304382, 35.768981382 1.666529674, 35.762526782 1.672507619, 35.753775685 1.675708709, 35.74645513 1.681359931, 35.733671818 1.69631427, 35.717466649 1.707125377, 35.701471289 1.706853968, 35.693521295 1.710037535, 35.680238244 1.718134125, 35.672444655 1.720622285, 35.662850495 1.72978177, 35.659482049 1.735402595, 35.653561516 1.739519608, 35.643734651 1.740667021, 35.630409636 1.744427275, 35.62650712 1.746768462, 35.62151739 1.743887427, 35.613147769 1.743790998, 35.608673036 1.746139934, 35.600562824 1.754975913, 35.589381709 1.749464399, 35.581939079 1.749577164, 35.567976996 1.752892926, 35.534658736 1.764038037, 35.524522873 1.76427179, 35.508817434 1.761397554, 35.502061467 1.771643179, 35.49638508 1.774079607, 35.485421415 1.785870051, 35.479634399 1.788188711, 35.473511687 1.801252317, 35.470627716 1.803052698, 35.465786763 1.801598474, 35.460663518 1.805525484, 35.465588399 1.813201534, 35.462254286 1.817718935, 35.465180224 1.82567117, 35.460549091 1.84122949, 35.452992018 1.844058799, 35.447647515 1.843135963, 35.440624513 1.850463004, 35.437832096 1.8512881, 35.378882369 1.912737074, 35.365011844 1.924634802, 35.36571758 1.930812166, 35.370127467 1.939209609, 35.375655083 1.946101688, 35.370779804 1.961214684, 35.372546053 1.97699233, 35.37225995 1.987176448, 35.368899141 2.007150257, 35.362963359 2.031126649, 35.359118067 2.039117509, 35.356745282 2.052267298, 35.337179322 2.119747737, 35.321580718 2.161394905, 35.314981165 2.183968092, 35.310945142 2.206348413, 35.305291653 2.228625272, 35.294377594 2.265053674, 35.281792658 2.29183459, 35.26730796 2.313915017, 35.25738573 2.325805597, 35.241539149 2.335567049, 35.235076917 2.337526683, 35.228214137 2.345190467, 35.232601146 2.372547107, 35.21915026 2.405893509, 35.222377573 2.426584545, 35.227390196 2.435228853, 35.218181335 2.456038142, 35.215774225 2.48121774, 35.217357375 2.510389788, 35.220226096 2.52360538, 35.204650375 2.550740805, 35.199149478 2.57024129, 35.187094799 2.600111856, 35.180602055 2.611682747, 35.176512625 2.631430213, 35.161329823 2.651901225, 35.1400243 2.667549687, 35.136072191 2.668196225, 35.130960387 2.665282527, 35.128404481 2.657619938, 35.12695867 2.642216326, 35.12079016 2.618619929, 35.117864219 2.608203367, 35.109181774 2.590150919, 35.099011552 2.549059449, 35.09852707 2.54032979, 35.103688449 2.515171405, 35.103631224 2.509376188, 35.100091106 2.503146612, 35.090920379 2.499896775, 35.07801117 2.498919351, 35.074970793 2.499921101, 35.064579338 2.49891483, 35.057483852 2.500165947, 35.050582921 2.504062328, 35.033919988 2.530889267, 35.027621795 2.538117261, 35.019126287 2.541773338, 35.014720219 2.542301154, 35.008799682 2.540179892, 35.004618679 2.529408833, 35.003516203 2.519351298, 35.005835565 2.480685761, 35.005362512 2.446416047, 35.007456813 2.424851993, 35.005141237 2.415820048, 35.002322115 2.412291998, 34.965658301 2.439392388, 34.953222129 2.445987676, 34.949979576 2.46036284, 34.944905923 2.462820011, 34.930333496 2.50483767, 34.910107544 2.505306611, 34.895474096 2.572001093, 34.890118154 2.581720585, 34.880073843 2.579847021, 34.876548986 2.576776456, 34.875229065 2.563669571, 34.87106714 2.559216536, 34.863624509 2.560320324, 34.855941549 2.565736493, 34.839549459 2.584171348, 34.825533982 2.612024593, 34.796209805 2.645129759, 34.788439115 2.666703359, 34.784433603 2.673817399, 34.772798538 2.686228172, 34.772607806 2.697216893, 34.779504939 2.719815598, 34.780050463 2.736030959, 34.778391047 2.756118384, 34.771181135 2.783791403, 34.763826253 2.798985711, 34.761384802 2.809767506, 34.755006496 2.814823696, 34.742482583 2.819405955, 34.73654298 2.829398655, 34.733968011 2.8378246, 34.73001209 2.844242519, 34.704571341 2.852790301, 34.703587132 2.858551431, 34.70075657 2.86270862, 34.695938505 2.86217628, 34.687778688 2.852988421, 34.682441813 2.851768542, 34.653968309 2.852228908, 34.648539881 2.854120601, 34.642565946 2.865554418, 34.631972327 2.894272104, 34.626292125 2.898228087, 34.597631704 2.909310522, 34.592374942 2.912519126, 34.584573745 2.948839807, 34.583646764 2.963457907, 34.584890395 2.982414376, 34.583959594 2.988905244, 34.571511987 3.008942381, 34.570234042 3.018056345, 34.570127242 3.037097209, 34.57183628 3.060791128, 34.568628071 3.088324932, 34.552522087 3.101579407, 34.545701273 3.114574976, 34.54083744 3.127154777, 34.523007171 3.134266686, 34.508926828 3.138201459, 34.503956171 3.137720137, 34.485061566 3.126310173, 34.47659659 3.149776671, 34.47118724 3.157049252, 34.461020859 3.162027968, 34.456775012 3.162559361, 34.451110071 3.169018766, 34.450583636 3.175960684, 34.452159145 3.182848962, 34.45132753 3.191701405, 34.447840835 3.209154782, 34.446253904 3.231567557, 34.443610273 3.244569324, 34.442965592 3.266273818, 34.439250008 3.279802446, 34.429159941 3.307848104, 34.426737566 3.320615765, 34.422487912 3.331426654, 34.405016242 3.350832766, 34.398355643 3.356238929, 34.394151776 3.380152428, 34.394315833 3.406809889, 34.39505971 3.401790412, 34.402513791 3.406596754, 34.406435387 3.410899126, 34.409853436 3.420077935, 34.41069651 3.430858545, 34.409376603 3.438174752, 34.40461195 3.445636624, 34.384447051 3.469471467, 34.381738563 3.475148211, 34.383615437 3.479287758, 34.388750127 3.476968376, 34.397436377 3.475919893, 34.415484094 3.476486313, 34.435103512 3.492273988, 34.441870937 3.502290289, 34.447116292 3.544612906, 34.44810052 3.562898297, 34.444903766 3.598775824, 34.453647281 3.649918945, 34.45298733 3.656589332, 34.447490239 3.661746848, 34.396520999 3.678907285, 34.387430396 3.695164157, 34.371553303 3.71201584, 34.362371137 3.719136331, 34.352876155 3.720104953, 34.340588752 3.718912494, 34.322891991 3.715040204, 34.313980665 3.710565474, 34.307106424 3.698590727, 34.300682316 3.674905851, 34.296539461 3.668346799, 34.294380301 3.672933825, 34.29733295 3.685707924, 34.297680102 3.694275486, 34.29324352 3.699995383, 34.275283555 3.714190117, 34.2544854 3.73415648, 34.244402957 3.75433334, 34.236060046 3.765548325, 34.22302876 3.762681595, 34.22087722 3.756872781, 34.217581251 3.756025277, 34.215425906 3.762152834, 34.210535363 3.766020615, 34.160943227 3.749436948, 34.156018356 3.759560065, 34.16091272 3.762237752, 34.171338511 3.764107979, 34.179116848 3.768081835, 34.178941375 3.774851159, 34.176282477 3.778902028, 34.162850645 3.782901651, 34.156621111 3.7824158, 34.151940376 3.78015388, 34.147053646 3.782289934, 34.143181646 3.781600966, 34.143135875 3.789749902, 34.152375273 3.794453734, 34.160454985 3.806299507, 34.169843163 3.815088058, 34.199770103 3.816536779, 34.213556712 3.815766739, 34.21372839 3.830922683, 34.204824728 3.865374368, 34.168916216 3.8644754, 34.16389215 3.862084745, 34.158013571 3.856389649, 34.147801404 3.851589505, 34.140545695 3.851015925, 34.116592702 3.854231465, 34.106597981 3.853227101, 34.097854506 3.850832873, 34.076346776 3.841261909, 34.079600806 3.868619323, 34.102996854 3.879968977, 34.107715739 3.884422256, 34.120804289 3.932643584, 34.121628291 3.943798964, 34.091674664 3.960017957, 34.067290623 3.987778056, 34.050677265 3.991102777, 34.048808025 3.9926507, 34.047495752 4.004982104, 34.049136112 4.010102426, 34.077762221 4.019821907, 34.081840232 4.034106266, 34.081184098 4.042511722, 34.082305651 4.050739332, 34.075149136 4.061313744, 34.070060226 4.066420246, 34.065959341 4.069207129, 34.057666014 4.070643249, 34.047759042 4.079306662, 34.038908773 4.099108054, 34.038767631 4.103226151, 34.041346426 4.108289257, 34.054824053 4.12300225, 34.0447378 4.145571452, 34.040419476 4.151438445, 34.040198223 4.156051934, 34.038023804 4.161239012, 34.030436213 4.16573331, 34.027037249 4.16980373, 34.019297069 4.175432328, 34.011446257 4.179059332, 34.009241318 4.181794243, 33.974412412 4.207868407, 34.12110604 4.333418507, 34.315431055 4.518838104, 34.43827469 4.646439445, 34.597454113 4.794177826, 35.046824014 5.196791412, 35.116096646 5.260107209, 35.246466931 5.45577296, 35.538961213 5.467319666, 35.553266613 5.455112191, 35.566854839 5.446051106, 35.598841732 5.433851713, 35.632015032 5.429377875, 35.654930399 5.428927271))",Turkana,Turkana,1545297330,492.1123999999996,6291.520600000004,299582391225,0.0,0.0,0.0,0.0,0.0,50.0,50.617283950617285,2.4166666666666665,3.4132627087349396,-2.4166666666666665,-1.0,-0.7080224620513778,0,0,0,0,,,0.0,0.0,0.0,0.0,,0,0,0,0,,,0.0,0.0,0.0,0.0,,0,0,0,0,,,0.0,0.0,0.0,0.0,,0,0,0,0,50.0,50.617283950617285,2.4166666666666665,3.4132627087349396,-2.4166666666666665,-1.0,-0.7080224620513778,0,0,0,0,154.27,66.6299277687024,48.027284245718846,60.97499999999988,111.6883145055983,93.29500000000013,1.5300533005330104,0.8353156766039637,0.0,0.0,0.0,0.0,0.15982273041747377,0.0,0.0,0.0,0.0,0.3542308903794815,0.03798394565377695,0.15982273041747377
8,24227781,2021-07-01,Kenya,Kenya_2021-07,54986000,198901,9945.0,0.05,2.0,0.8,0.15,0.05,0.0,0.0,0.75,0.15,0.1,0.0,0.0,,,,,,Nyeri,"POLYGON ((37.078422118 -0.002441853, 37.090122035 -0.016737689, 37.09472647 -0.017804719, 37.100833926 -0.026449243, 37.102779461 -0.028040721, 37.107349563 -0.028610459, 37.115146964 -0.040573682, 37.118950296 -0.028818608, 37.120953053 -0.02678409, 37.121410826 -0.021277251, 37.124374907 -0.023329918, 37.126667587 -0.02810437, 37.134236102 -0.02947894, 37.133679145 -0.03449752, 37.137280293 -0.042002881, 37.146241201 -0.043992448, 37.151131744 -0.051497913, 37.161542267 -0.054111526, 37.167966349 -0.060649571, 37.308636203 -0.152453195, 37.203718449 -0.429563116, 37.200121116 -0.432058062, 37.201040478 -0.440151647, 37.198194655 -0.441977591, 37.189027749 -0.443820104, 37.185888189 -0.440383073, 37.183767173 -0.440029888, 37.176133808 -0.444766394, 37.177152357 -0.484174822, 37.16743231 -0.489082378, 37.164315638 -0.491785266, 37.162545583 -0.496523113, 37.163361945 -0.497454739, 37.165109112 -0.496261591, 37.166432839 -0.497808252, 37.164681858 -0.501135472, 37.169538068 -0.504808189, 37.171300495 -0.510469407, 37.169614365 -0.515885493, 37.163129247 -0.520178849, 37.162888916 -0.52141762, 37.165982699 -0.521138218, 37.164147792 -0.524646233, 37.160920492 -0.524373984, 37.156136763 -0.521406595, 37.155572177 -0.526108563, 37.15143696 -0.525013188, 37.150498525 -0.52363847, 37.146122978 -0.5291260169999999, 37.148728471 -0.5394805, 37.147179673 -0.545176882, 37.150674009 -0.5560471380000001, 37.149247283 -0.55969086, 37.149273987 -0.564745655, 37.148327923 -0.565477773, 37.145558396 -0.564057224, 37.144825959 -0.569491548, 37.146378574 -0.573072929, 37.15044131 -0.57453913, 37.151326338 -0.5777133290000001, 37.150433681 -0.58180935, 37.155995625 -0.586902169, 37.161214239 -0.59412894, 37.166768553 -0.595306323, 37.169122269 -0.59301032, 37.171067806 -0.59976584, 37.178968207 -0.602327535, 37.180589488 -0.612573488, 37.179834163 -0.617031336, 37.175862982 -0.617454969, 37.174749067 -0.618738619, 37.177331671 -0.621741707, 37.17395178 -0.623757058, 37.172631868 -0.6292636150000001, 37.175908761 -0.633704716, 37.171498881 -0.633504225, 37.170056896 -0.638097363, 37.155671377 -0.638408712, 37.152707297 -0.640460359, 37.150971573 -0.639030989, 37.145649961 -0.638685434, 37.134011081 -0.640173213, 37.132248655 -0.643997521, 37.127213152 -0.647684989, 37.120705144 -0.647348016, 37.112503375 -0.641259473, 37.102356072 -0.6391850019999999, 37.101585486 -0.634301853, 37.103321209 -0.633271679, 37.100517348 -0.629210643, 37.09810641 -0.629291162, 37.094333596 -0.626197304, 37.088142215 -0.624856798, 37.086337826 -0.6257965, 37.08387348 -0.622160645, 37.079993853 -0.620350794, 37.079143158 -0.61769207, 37.076400334 -0.617790528, 37.068435081 -0.612452757, 37.064219754 -0.614124041, 37.059710689 -0.612250717, 37.056834347 -0.604129837, 37.050852777 -0.598349838, 37.043814516 -0.597786745, 37.034804015 -0.592276911, 37.032648666 -0.593270789, 37.026419137 -0.592590404, 37.017195009 -0.58661951, 37.008447728 -0.58652594, 36.997197954 -0.588303133, 36.994958679 -0.578401604, 36.990159691 -0.578083464, 36.987840307 -0.576545564, 36.985765069 -0.57711444, 36.983430427 -0.579970796, 36.977734966 -0.580221948, 36.975575803 -0.582617185, 36.97104385 -0.584197818, 36.969342461 -0.588627596, 36.953865915 -0.589761177, 36.952275154 -0.594190895, 36.950470765 -0.595537422, 36.937897264 -0.598796671, 36.93159907 -0.602871953, 36.926266013 -0.604406934, 36.925709056 -0.605781055, 36.921016882 -0.604486321, 36.916034785 -0.610207556, 36.911003096 -0.609536528, 36.910053217 -0.610557822, 36.908298419 -0.609445044, 36.906322366 -0.610728157, 36.90463242 -0.609470791, 36.903213323 -0.610437611, 36.895427365 -0.609186921, 36.892440396 -0.610939677, 36.889441982 -0.61031466, 36.885333469 -0.612211706, 36.882892011 -0.608621445, 36.880256001 -0.608864491, 36.876639593 -0.60703676, 36.874236285 -0.607759104, 36.869021486 -0.605478716, 36.862887326 -0.607962578, 36.825857293 -0.589124854, 36.82359513 -0.584332356, 36.811509919 -0.581696817, 36.809892453 -0.57223966, 36.803701071 -0.56965168, 36.796170703 -0.571574414, 36.791081792 -0.571048094, 36.783379758 -0.568034635, 36.775567097 -0.56810395, 36.764015955 -0.570133606, 36.760533065 -0.569020291, 36.750820645 -0.572035958, 36.74570503 -0.569421278, 36.74094419 -0.569419431, 36.736454198 -0.566949696, 36.725666011 -0.571004476, 36.722900299 -0.575975416, 36.717761796 -0.578251514, 36.713859281 -0.5838005080000001, 36.709079367 -0.587278962, 36.708701705 -0.590262026, 36.711043978 -0.5948011090000001, 36.709792732 -0.601246177, 36.711139349 -0.60720414, 36.712688148 -0.607873738, 36.710586207 -0.608993788, 36.709739327 -0.614263797, 36.711288127 -0.619643289, 36.708678822 -0.628239237, 36.703059656 -0.6235179, 36.695330918 -0.6140316, 36.680785173 -0.589599584, 36.681567201 -0.57949333, 36.660707993 -0.494511222, 36.66857406 -0.481062786, 36.668707577 -0.475846894, 36.667029075 -0.47103714, 36.663252445 -0.463135137, 36.655104083 -0.461423952, 36.653005956 -0.45975994, 36.651686041 -0.434909442, 36.634214363 -0.412214652, 36.624780421 -0.40323563, 36.624391314 -0.401201625, 36.63313478 -0.389986076, 36.632215418 -0.387662657, 36.617314902 -0.378998677, 36.609048281 -0.377450645, 36.606923451 -0.376085106, 36.604768102 -0.370263177, 36.606477121 -0.365861439, 36.617951967 -0.35600246, 36.61020797 -0.341501233, 36.6097769 -0.335950928, 36.610982369 -0.328719713, 36.615823319 -0.31742156, 36.615907244 -0.312476992, 36.618760696 -0.304938721, 36.667662306 -0.218049946, 36.684760131 -0.184324701, 36.682093602 -0.167808493, 36.65979242 -0.152094149, 36.70485637 -0.137409545, 36.712134963 -0.137672392, 36.717849497 -0.128560505, 36.742019919 -0.122596057, 36.753735096 -0.121909957, 36.766110229 -0.10955273, 36.769291753 -0.114226866, 36.792485591 -0.107547644, 36.83218978 -0.104331902, 36.830694388 -0.128362274, 36.832575073 -0.137168178, 36.849287607 -0.134430274, 36.862555398 -0.143165031, 36.862910172 -0.145994896, 36.860037646 -0.152793435, 36.86533637 -0.160334164, 36.866179436 -0.168100492, 36.872088524 -0.171138924, 36.872950663 -0.174963383, 36.870379505 -0.18195182, 36.867522238 -0.181644094, 36.867156019 -0.187484544, 36.860091054 -0.189979, 36.856570016 -0.193251405, 36.856024503 -0.195945532, 36.853682231 -0.196297839, 36.853567788 -0.200375281, 36.840734881 -0.200518261, 36.842836824 -0.215200925, 36.856505168 -0.253111587, 36.874247691 -0.253286271, 36.879054309 -0.258648421, 36.959870339 -0.282992471, 36.963952149 -0.273309638, 36.969815459 -0.271014081, 36.970418193 -0.268997896, 36.968751136 -0.267487649, 36.970231269 -0.260788061, 36.971642736 -0.25916985, 36.980023798 -0.256738972, 36.988973263 -0.258838059, 36.995034941 -0.254824462, 37.002588197 -0.253225234, 37.002641604 -0.24993404, 37.008394286 -0.242999824, 37.013738786 -0.24291923, 37.01494044 -0.231924498, 37.011564363 -0.226562199, 37.011056998 -0.220214753, 37.013971486 -0.208840477, 37.0165312 -0.205594773, 37.015814022 -0.197230947, 37.017412413 -0.19523288, 37.020857155 -0.178731826, 37.019079469 -0.170259381, 37.014841253 -0.161551623, 37.014841252 -0.155213281, 37.008180653 -0.146812802, 37.003515183 -0.147165019, 36.995965741 -0.145346957, 36.986119804 -0.134667832, 36.983228203 -0.098410408, 36.980248863 -0.08709909, 36.979058653 -0.072505771, 36.980084827 -0.070408151, 36.985101258 -0.07002860700000001, 36.991185825 -0.066864256, 37.000821949 -0.06416113599999999, 37.028238743 -0.048329723, 37.062609872 -0.000949905, 37.069690096 -0.002948216, 37.07124271 -0.001112655, 37.072059072 0.003073875, 37.079280442 0.01501867, 37.078292416 0.006826415, 37.079787808 0.003218577, 37.078422118 -0.002441853))",Nyeri,Nyeri,442254690,-20.872999999999998,1886.1056000000003,87378278198,0.0,0.0,0.0,0.0,0.0,50.0,52.5,0.16666666666666666,0.4484272031464407,-0.16666666666666666,-1.0,-0.3716693935988516,0,0,0,0,,,0.0,0.0,0.0,0.0,,0,0,0,0,,,0.0,0.0,0.0,0.0,,0,0,0,0,,,0.0,0.0,0.0,0.0,,0,0,0,0,50.0,52.5,0.16666666666666666,0.4484272031464407,-0.16666666666666666,-1.0,-0.3716693935988516,0,0,0,0,15.61,66.76427525622256,49.78726276009598,7.282499999999984,9.610138215537757,8.327500000000015,1.1434946790250646,0.8665328024664659,0.0,0.0,0.0,0.0,0.21895459898633082,0.0,0.0,0.0,0.0,0.4636258342066076,0.22522449454529456,0.21895459898633082
9,24227781,2021-07-01,Kenya,Kenya_2021-07,54986000,1157873,57894.0,0.05,1.0,0.85,0.1,0.05,0.0,0.0,0.85,0.1,0.05,0.0,0.0,,,,,,Narok,"POLYGON ((35.815185652 -0.474972195, 35.815120801 -0.476552978, 35.827797305 -0.473731395, 35.831207714 -0.467165696, 35.836773474 -0.467032699, 35.839657446 -0.473818141, 35.832684036 -0.494799575, 35.854859336 -0.504738087, 35.853665311 -0.506589361, 35.890672464 -0.526030236, 35.906473273 -0.547313269, 35.913912088 -0.549828597, 35.933516227 -0.550823486, 35.936255237 -0.55616418, 35.939017136 -0.557060017, 35.945376368 -0.5553919510000001, 35.947638531 -0.558293126, 35.948267971 -0.565159622, 35.952185747 -0.569200097, 35.982597157 -0.631447104, 35.950934515 -0.666256324, 35.916487075 -0.635798758, 35.87605807 -0.64004736, 35.878312605 -0.650573135, 35.893487787 -0.649489438, 35.930346169 -0.6958306359999999, 35.931578343 -0.700944853, 35.930746722 -0.705488525, 35.945929535 -0.713701784, 36.012558419 -0.663809583, 36.029431179 -0.67963117, 36.056916643 -0.660863642, 36.09774238 -0.640159968, 36.099844328 -0.67725255, 36.143470121 -0.715916519, 36.142798719 -0.7134582860000001, 36.144072855 -0.711751302, 36.14781515 -0.711563862, 36.151427745 -0.716355228, 36.154750415 -0.71699884, 36.153136765 -0.718208647, 36.154719899 -0.726197576, 36.160064402 -0.734378652, 36.159953775 -0.741544216, 36.16210531 -0.745250398, 36.166179492 -0.747466896, 36.169132129 -0.747523038, 36.170516893 -0.751563155, 36.173881527 -0.754836408, 36.184551458 -0.759117543, 36.18735532 -0.76535449, 36.193725997 -0.765955071, 36.184517129 -0.7791148959999999, 36.191730872 -0.7847042360000001, 36.188927015 -0.80507933, 36.175212896 -0.819292871, 36.167552827 -0.829570593, 36.160243715 -0.832583399, 36.159400651 -0.83778761, 36.169715813 -0.869286313, 36.181633181 -0.893955293, 36.184337858 -0.895547786, 36.189655659 -0.906802098, 36.186584766 -0.9149324559999999, 36.195862303 -0.916051192, 36.206539866 -0.93404219, 36.25072642 -0.918777847, 36.265161534 -0.9152012899999999, 36.272714795 -0.930994684, 36.3099394 -0.998152288, 36.311198278 -1.002672, 36.336402517 -1.047446197, 36.348853982 -1.174822974, 36.230195396 -1.302729619, 36.201977503 -1.3313076, 36.051488432 -1.491669274, 36.059968685 -1.503571127, 36.059556692 -1.51055485, 36.068170464 -1.527092214, 36.072462093 -1.542078688, 36.083772914 -1.562613969, 36.085497199 -1.578329104, 36.079961961 -1.587239197, 36.079454599 -1.595551149, 36.075796229 -1.597036722, 36.073682842 -1.596446452, 36.070737836 -1.598682975, 36.068674043 -1.60246586, 36.067514353 -1.609114159, 36.062875586 -1.612938408, 36.063226547 -1.61731204, 36.061940969 -1.619523769, 36.055940325 -1.620536006, 36.057386127 -1.625245539, 36.056550693 -1.630566085, 36.055463483 -1.634332163, 36.051927187 -1.639287248, 36.052106485 -1.64741921, 36.047940751 -1.652210754, 36.053094519 -1.663548559, 36.052869449 -1.667704416, 36.058412322 -1.674426019, 36.055787759 -1.682770513, 36.057760001 -1.688221819, 36.061235263 -1.690711755, 36.064393902 -1.698848365, 36.064077276 -1.700700114, 36.059030328 -1.703890941, 36.0565698 -1.711892382, 36.054109269 -1.71198798, 36.048791469 -1.708889655, 36.046552197 -1.712391828, 36.042016427 -1.711653037, 36.039460527 -1.713130743, 36.039716118 -1.715028502, 36.04801326 -1.721763573, 36.049420917 -1.73172261, 36.048337522 -1.73594939, 36.04657891 -1.73690429, 36.042035511 -1.735704559, 36.041901996 -1.742281933, 36.036294276 -1.746347797, 36.036626164 -1.753206004, 36.033631566 -1.756128634, 36.033807047 -1.75999591, 36.031274037 -1.763208312, 36.033021207 -1.76865926, 36.031911108 -1.771151105, 36.02210332 -1.777992866, 36.023636861 -1.780850412, 36.029973207 -1.783182647, 36.029954134 -1.785775692, 36.028248931 -1.790416926, 36.02316002 -1.794989383, 36.025796033 -1.798932946, 36.021706593 -1.801067436, 36.01999376 -1.805365258, 36.016484167 -1.808241639, 36.016510871 -1.809976336, 36.018288557 -1.810123903, 36.023827612 -1.808822967, 36.028515974 -1.812038107, 36.030568329 -1.822738915, 36.029202641 -1.82731745, 36.032017946 -1.827728683, 36.03790033 -1.822796246, 36.039758127 -1.824497923, 36.041528187 -1.831566395, 36.043687352 -1.834190072, 36.042012666 -1.837042374, 36.048711417 -1.844552712, 36.047486877 -1.850794067, 36.049565934 -1.859471241, 36.047311404 -1.86556622, 36.047387703 -1.874673821, 36.045342985 -1.879549279, 36.039727634 -1.879404217, 36.03963608 -1.881084559, 36.037877468 -1.882201927, 36.037339589 -1.892193742, 36.02953074 -1.89092452, 36.026356847 -1.893168791, 36.03357441 -1.904646651, 36.037873665 -1.908503079, 36.043454685 -1.910265545, 36.043321169 -1.912686706, 36.03614939 -1.915800413, 36.034310669 -1.919348, 36.03490959 -1.921011415, 36.038434444 -1.922978188, 36.03746168 -1.930837066, 36.041547308 -1.93561466, 36.043725549 -1.943307373, 36.04230264 -1.947831553, 36.038812121 -1.952035686, 36.04208139 -1.963579345, 36.037160334 -1.975478815, 36.040795817 -1.977156771, 36.037232822 -1.991570376, 36.032594059 -2.002602676, 36.036572874 -2.007768976, 36.032357548 -2.013968493, 36.029610909 -2.013665253, 36.028271926 -2.021559294, 36.026856646 -2.024872536, 36.025643546 -2.02368675, 36.022019512 -2.032163911, 36.022969393 -2.035346034, 36.021817333 -2.039617394, 36.024060423 -2.042295783, 36.027093171 -2.043277262, 36.027299189 -2.084513269, 36.000858971 -2.084209803, 36.000794131 -2.107058725, 35.371741032 -1.750485343, 35.248451211 -1.681928348, 35.01359819 -1.545982003, 34.890357954 -1.477173121, 34.730381397 -1.385314216, 34.722061356 -1.353650185, 34.718994272 -1.34446951, 34.716083595 -1.339818144, 34.712959286 -1.323419994, 34.707095966 -1.303417518, 34.705566236 -1.289395114, 34.697501788 -1.262984163, 34.696212389 -1.249693162, 34.687316315 -1.209063605, 34.680213199 -1.211740569, 34.673461041 -1.209366135, 34.671996165 -1.206404884, 34.671912238 -1.196878174, 34.669325818 -1.196251548, 34.664423827 -1.192130138, 34.661589446 -1.187191025, 34.658617734 -1.187502135, 34.653399117 -1.185139381, 34.653837814 -1.177508167, 34.655268356 -1.177158557, 34.655169171 -1.175516596, 34.649736926 -1.172440916, 34.646982655 -1.16793509, 34.64397661 -1.168246199, 34.643999498 -1.165621088, 34.638227738 -1.161047439, 34.636888751 -1.162163973, 34.632166055 -1.161020025, 34.631422173 -1.158375723, 34.627466247 -1.155266428, 34.626146333 -1.151439677, 34.631601462 -1.138827866, 34.633749182 -1.136584905, 34.632021087 -1.134363162, 34.630472283 -1.121912033, 34.62292665 -1.112636476, 34.623258534 -1.105862299, 34.620424151 -1.094961109, 34.616243153 -1.090363381, 34.615140681 -1.087249675, 34.616143966 -1.080882561, 34.618932568 -1.07465336, 34.601483768 -1.056217271, 34.593941948 -1.041620568, 34.591626372 -1.016297178, 34.643381455 -0.966995839, 34.656172405 -0.9638368940000001, 34.669051097 -0.970628352, 34.673850088 -0.9706164900000001, 34.675692625 -0.969355905, 34.680701429 -0.970941067, 34.684977795 -0.970540618, 35.013483558 -0.88881606, 35.083244401 -0.905489966, 35.234462213 -1.030521469, 35.241439442 -1.036002219, 35.243007315 -1.03453095, 35.244498894 -1.036229887, 35.248775259 -1.033463406, 35.247958896 -1.032225648, 35.248790517 -1.030321807, 35.251380751 -1.030053967, 35.250976384 -1.027435532, 35.253475063 -1.02901825, 35.257781947 -1.027967156, 35.260581992 -1.021343885, 35.264545545 -1.020003376, 35.264873617 -1.021710062, 35.266586452 -1.021206447, 35.268451878 -1.022996214, 35.270996335 -1.022972135, 35.270050269 -1.019612523, 35.272030139 -1.020887828, 35.271602884 -1.02013795, 35.28031202 -1.016437546, 35.281227565 -1.01175304, 35.284508274 -1.013851412, 35.286572068 -1.010946661, 35.289127969 -1.011906566, 35.289997738 -1.00905462, 35.295059948 -1.008103414, 35.299523236 -1.002727675, 35.300133601 -1.004181898, 35.302353801 -1.003705937, 35.302754353 -1.004988395, 35.306885756 -1.002555491, 35.307942449 -1.000100953, 35.309407324 -1.001095725, 35.312619366 -1.000666013, 35.313286952 -0.99947498, 35.311139232 -0.997513389, 35.311173564 -0.995671651, 35.315404153 -0.995486773, 35.314023202 -0.992451679, 35.315129487 -0.990538899, 35.317208541 -0.990784984, 35.319558444 -0.988810339, 35.319459259 -0.987374711, 35.321961753 -0.988740786, 35.324902946 -0.985493815, 35.32792425 -0.986264553, 35.329358606 -0.983611728, 35.332276911 -0.984752577, 35.33176573 -0.982549012, 35.32901146 -0.9810201710000001, 35.331204957 -0.979866924, 35.33328401 -0.976032007, 35.338842141 -0.979523154, 35.340070499 -0.978224365, 35.33876966 -0.9760650829999999, 35.339780575 -0.9744410019999999, 35.342199144 -0.97461521, 35.345662962 -0.97145889, 35.348638488 -0.973114438, 35.346921839 -0.975649674, 35.350706099 -0.979003505, 35.350706098 -0.975039793, 35.349363296 -0.972835335, 35.352411303 -0.971150223, 35.350790022 -0.9701101559999999, 35.352781335 -0.966762582, 35.355928526 -0.966332632, 35.355253311 -0.967713309, 35.35321622 -0.967747222, 35.358640834 -0.970624258, 35.358682797 -0.97213218, 35.360765665 -0.972125385, 35.362261058 -0.969815614, 35.365091623 -0.971687627, 35.365366288 -0.976590683, 35.366228427 -0.973603029, 35.368097668 -0.972675068, 35.367441526 -0.974173156, 35.369612134 -0.973426138, 35.369261174 -0.968522963, 35.37215659 -0.970647916, 35.375635667 -0.967148363, 35.377535424 -0.961073823, 35.378855337 -0.962059416, 35.38035073 -0.960471869, 35.382845594 -0.960907897, 35.383463588 -0.958542937, 35.385294681 -0.959980531, 35.387701805 -0.958059824, 35.392359649 -0.958353707, 35.394827809 -0.9562344739999999, 35.397589708 -0.957844608, 35.402716768 -0.952676156, 35.402720582 -0.949461727, 35.404265567 -0.949056988, 35.404406714 -0.950176799, 35.412845 -0.946772485, 35.421054401 -0.945914193, 35.421069659 -0.941182724, 35.424026111 -0.940951001, 35.421607541 -0.936144735, 35.424838658 -0.936202247, 35.426002164 -0.93300695, 35.424792879 -0.9290417479999999, 35.425620685 -0.924311053, 35.422534529 -0.922050572, 35.424842469 -0.91867582, 35.427684478 -0.918895383, 35.428504655 -0.917893936, 35.424934022 -0.9113709719999999, 35.425964011 -0.909909239, 35.425067538 -0.907154321, 35.423820106 -0.90638555, 35.427039778 -0.904736317, 35.429099757 -0.905569098, 35.431083441 -0.902898273, 35.429538456 -0.900856044, 35.430579889 -0.895376066, 35.431873098 -0.895151615, 35.431915061 -0.897878581, 35.434455703 -0.897438619, 35.435695506 -0.898442152, 35.437499895 -0.895834324, 35.440605124 -0.895259428, 35.441150636 -0.8921627680000001, 35.439319543 -0.890680116, 35.438827436 -0.888015908, 35.442489622 -0.888163892, 35.442836767 -0.890177872, 35.443439501 -0.886214399, 35.445713109 -0.8863881300000001, 35.446147993 -0.883128823, 35.44978729 -0.882753048, 35.449058668 -0.884675722, 35.45081728 -0.8849392699999999, 35.453640215 -0.881826636, 35.453415143 -0.884029724, 35.456116006 -0.884790867, 35.454689279 -0.883552393, 35.456199931 -0.883192652, 35.456833183 -0.881089273, 35.45560101 -0.880437912, 35.455299642 -0.877954409, 35.457340548 -0.876972093, 35.458103503 -0.874164548, 35.459469193 -0.875610606, 35.460255037 -0.873426112, 35.462463793 -0.87327467, 35.46104851 -0.871575732, 35.461010362 -0.869516874, 35.462719382 -0.868678669, 35.461586392 -0.864343237, 35.465172283 -0.864346574, 35.466721082 -0.86299355, 35.468525472 -0.8640969120000001, 35.468159253 -0.862507279, 35.469898792 -0.862156716, 35.469807237 -0.860756966, 35.473015464 -0.860805122, 35.471584922 -0.857092443, 35.475086887 -0.8549826270000001, 35.476780649 -0.85607681, 35.477631343 -0.851797341, 35.479458621 -0.851591306, 35.479683693 -0.848566463, 35.477341419 -0.846442224, 35.480156724 -0.842796653, 35.479439545 -0.840592612, 35.482216703 -0.839321894, 35.482128963 -0.837723441, 35.484475051 -0.837382413, 35.485741556 -0.835324687, 35.484856528 -0.834312512, 35.487553575 -0.834360072, 35.487507797 -0.831443282, 35.490128549 -0.83177072, 35.491250093 -0.829315526, 35.494584209 -0.829444916, 35.494950427 -0.826113016, 35.497395699 -0.824751648, 35.500386484 -0.824420156, 35.500901479 -0.826524667, 35.502183244 -0.824674585, 35.50945421 -0.824328789, 35.511327265 -0.822560477, 35.511670594 -0.819382105, 35.513524576 -0.819510124, 35.512818842 -0.81758602, 35.51533278 -0.817461815, 35.516900654 -0.818817759, 35.518018383 -0.816985497, 35.52004403 -0.816626053, 35.520631504 -0.8102329539999999, 35.526822888 -0.810310551, 35.527650694 -0.80734924, 35.531068734 -0.805645355, 35.532148315 -0.803442803, 35.534112926 -0.803417413, 35.534051889 -0.801295141, 35.538236699 -0.799167445, 35.538385475 -0.797280173, 35.540910857 -0.796668207, 35.54683902 -0.788662887, 35.544862964 -0.7846515549999999, 35.534410473 -0.777671227, 35.507596403 -0.773946573, 35.497300319 -0.768583054, 35.488286 -0.766760568, 35.480370336 -0.763439994, 35.426658264 -0.721272358, 35.397307355 -0.6442921579999999, 35.587779176 -0.589134928, 35.599124333 -0.6556663579999999, 35.610633518 -0.671885534, 35.636699893 -0.689786243, 35.640220934 -0.698504311, 35.642273285 -0.701052717, 35.645706584 -0.701280982, 35.647823784 -0.695484114, 35.650177502 -0.694998082, 35.651421118 -0.68817998, 35.653046213 -0.687648234, 35.656876248 -0.6823402, 35.664311248 -0.678859122, 35.665036056 -0.677613198, 35.663857289 -0.674920859, 35.666291116 -0.669964043, 35.665680752 -0.6675882359999999, 35.668145097 -0.665557747, 35.668911867 -0.662523486, 35.673501043 -0.657911273, 35.6774913 -0.65885324, 35.678174144 -0.653479646, 35.681790553 -0.650962111, 35.68148537 -0.646220092, 35.683045613 -0.642138611, 35.686059286 -0.638997429, 35.686963387 -0.627644654, 35.685021665 -0.622928679, 35.689290399 -0.616988236, 35.688771589 -0.6147930740000001, 35.69004191 -0.614613263, 35.688920365 -0.613429323, 35.692971658 -0.606061595, 35.693280654 -0.601383168, 35.695344448 -0.5979431549999999, 35.704087916 -0.591535512, 35.705644344 -0.587083562, 35.708455835 -0.586191002, 35.711026993 -0.577521507, 35.71321286 -0.575065955, 35.713827039 -0.57135399, 35.712468978 -0.570115815, 35.712938194 -0.55954826, 35.711480949 -0.558328023, 35.711652614 -0.553640358, 35.718004217 -0.552803881, 35.724653373 -0.548571375, 35.734686235 -0.534025445, 35.741652017 -0.530461286, 35.750323006 -0.532940795, 35.766634992 -0.533717193, 35.773944106 -0.5374696839999999, 35.77886898 -0.513778895, 35.795295405 -0.474610698, 35.794727003 -0.468847324, 35.797984821 -0.457575513, 35.800697127 -0.45626692, 35.81339652 -0.458603123, 35.816795487 -0.467430169, 35.815185652 -0.474972195))",Narok,Narok,870601728,-107.26530000000002,3534.122899999999,169174260151,0.0,2.0,0.0,0.0,2.0,36.36363636363636,44.40961337513062,0.3333333333333333,2.0916500663351885,1.6666666666666667,5.000000000000001,0.796819072889596,0,0,0,0,,,0.0,0.0,0.0,0.0,,0,0,0,0,,,0.0,0.0,0.0,0.0,,0,0,0,0,,,0.0,0.0,0.0,0.0,,0,0,0,0,36.36363636363636,44.40961337513062,0.3333333333333333,2.0916500663351885,1.6666666666666667,5.000000000000001,0.796819072889596,0,0,0,0,,,,,,,,,,,,,,,,,,,,
10,24227781,2021-07-01,Kenya,Kenya_2021-07,54986000,133595,6680.0,0.05,2.0,0.8,0.15,0.05,0.0,0.0,0.7,0.25,0.05,0.0,0.0,,,,,,Tharaka,"POLYGON ((37.977938515 0.064823484, 37.980391415 0.062227368, 37.987334305 0.061494788, 37.999110515 0.06258053099999999, 38.001304011 0.059595413, 38.005652854 0.060056842, 38.00580163 0.062128366, 38.008609305 0.060337324, 38.011298721 0.060310236, 38.015021941 0.056239611, 38.01580397 0.05739751, 38.018714643 0.056701021, 38.020999693 0.04995274, 38.024040069 0.049645226, 38.024738173 0.047863169, 38.027019408 0.0498081, 38.030441261 0.043756356, 38.033657116 0.041639626, 38.034935066 0.037369913, 38.033714338 0.036899503, 38.033886002 0.03515362, 38.035827723 0.034429957, 38.038341659 0.030250708, 38.039924791 0.030087894, 38.040424526 0.027175067, 38.043197868 0.025745814, 38.045318883 0.022027896, 38.04493359 0.024533656, 38.046745608 0.025691568, 38.050491717 0.02249833, 38.051922258 0.026731911, 38.054695599 0.02488653, 38.053989866 0.023800994, 38.058968147 0.021566644, 38.061485898 0.021973735, 38.063351323 0.024958967, 38.066532845 0.022787923, 38.068199902 0.024190086, 38.070122548 0.021584812, 38.070961799 0.024009183, 38.073136221 0.023249324, 38.072636485 0.024380089, 38.074215802 0.025583238, 38.073342218 0.02795332, 38.075680675 0.028152358, 38.074055581 0.029536403, 38.074612539 0.030431976, 38.081238802 0.027428712, 38.082787601 0.025547123, 38.089310866 0.039179776, 38.094697328 0.040989081, 38.096276645 0.045376506, 38.101022225 0.046706364, 38.105687694 0.044218715, 38.107316603 0.047050208, 38.110200573 0.047927729, 38.111997332 0.05171813, 38.114557046 0.052740396, 38.117425756 0.050252717, 38.117765271 0.047873557, 38.120378392 0.046353819, 38.121526639 0.046254326, 38.122964809 0.048497822, 38.124921789 0.047168046, 38.128973079 0.048452672, 38.13607619 0.045883618, 38.143049598 0.041758589, 38.154734253 0.030839783, 38.158472732 0.029229566, 38.159960494 0.02584624, 38.162585059 0.023892245, 38.175898623 0.021938314, 38.180144467 0.019251558, 38.182921623 0.015470174, 38.193633511 0.011055563, 38.208350911 0.015144616, 38.212573867 0.010874697, 38.220027937 0.010521909, 38.22327431 0.006867133, 38.221988731 0.001357813, 38.229412282 -0.000740971, 38.23080849 -0.010990673, 38.232280993 -0.012257188, 38.237755194 -0.012836178, 38.238716518 -0.017205655, 38.242798327 -0.019159722, 38.245880665 -0.023547309, 38.248280158 -0.023701111, 38.250179916 -0.017404718, 38.254078615 -0.01688003, 38.266388893 -0.019250276, 38.269772598 -0.021801429, 38.276139457 -0.022145228, 38.279832159 -0.024542597, 38.282883978 -0.024180745, 38.289826868 -0.029337361, 38.29242473 -0.036393758, 38.294480893 -0.03852878, 38.297803562 -0.039062559, 38.298646627 -0.043169745, 38.302648326 -0.045621425, 38.302861953 -0.049828127, 38.300611236 -0.052306888, 38.311056089 -0.055771875, 38.307863123 -0.057436428, 38.304269605 -0.06230349, 38.300729494 -0.071802438, 38.290071014 -0.08009804199999999, 38.288072073 -0.087624808, 38.280206007 -0.08688283400000001, 38.276875709 -0.089225847, 38.272603162 -0.09717772700000001, 38.262139235 -0.09459018700000001, 38.25960241 -0.09138764100000001, 38.250862761 -0.088212123, 38.244156387 -0.09344089699999999, 38.234817819 -0.09699598, 38.229854797 -0.102830871, 38.221878104 -0.107471534, 38.214527033 -0.117512943, 38.212688312 -0.128287238, 38.209518234 -0.129110379, 38.207992325 -0.131127696, 38.206569414 -0.146850394, 38.204398808 -0.148424396, 38.196414484 -0.149464464, 38.194480394 -0.153996648, 38.189570778 -0.153924101, 38.187251396 -0.155118128, 38.185050271 -0.16838009, 38.185797967 -0.174721664, 38.183566325 -0.191529799, 38.164381825 -0.226303099, 38.164652674 -0.234571503, 38.163382354 -0.237620051, 38.160975232 -0.240098608, 38.155317921 -0.241572811, 38.152754392 -0.243779952, 38.148020257 -0.24162663, 38.144716662 -0.242956231, 38.140390708 -0.247940476, 38.137666959 -0.25942006, 38.12969408 -0.264376874, 38.126337079 -0.270699972, 38.117643208 -0.276190439, 38.115411565 -0.279899243, 38.107782015 -0.278695517, 38.103971055 -0.282910767, 38.089677094 -0.277074864, 38.079453497 -0.277643979, 38.073689372 -0.276313753, 38.069622823 -0.277652264, 38.047630646 -0.278962198, 38.032959022 -0.276156741, 38.028232515 -0.27090059, 38.024932735 -0.26948916, 38.02263624 -0.270954439, 38.011138509 -0.268619637, 38.009219677 -0.269469821, 38.007258883 -0.268004215, 37.998816786 -0.26789497, 37.99427339 -0.278107459, 37.994654868 -0.284530088, 37.993296808 -0.291658163, 37.986239475 -0.300205925, 37.983065584 -0.311096892, 37.980563091 -0.314208422, 37.98694521 -0.321020621, 37.986781176 -0.327280364, 37.981360381 -0.329496058, 37.977675309 -0.339156687, 37.972918285 -0.346953705, 37.973227282 -0.349088582, 37.979678067 -0.356443581, 37.979262257 -0.35833413, 37.973753722 -0.361517656, 37.968874626 -0.366817971, 37.974562455 -0.369957542, 37.975886183 -0.374589182, 37.97518045 -0.381672021, 37.971136789 -0.384294837, 37.970606535 -0.386691921, 37.971060495 -0.400197448, 37.966417914 -0.402964912, 37.965841884 -0.415430014, 37.963072358 -0.41605381, 37.960928455 -0.421426746, 37.957720229 -0.423389262, 37.953363757 -0.428906607, 37.948133701 -0.428028442, 37.947271562 -0.430416436, 37.945867724 -0.430759967, 37.940527039 -0.428543023, 37.936334602 -0.431364722, 37.932573234 -0.428849453, 37.927907764 -0.430721289, 37.925584566 -0.429870658, 37.921384498 -0.424605449, 37.923024851 -0.418174179, 37.915998035 -0.416662592, 37.909776137 -0.417430589, 37.909173402 -0.412301623, 37.901799442 -0.408410983, 37.902833245 -0.401482148, 37.900487158 -0.39926565, 37.890721334 -0.396650136, 37.890698445 -0.390010656, 37.89262872 -0.384701133, 37.896947045 -0.381752816, 37.895711058 -0.377365503, 37.897145413 -0.374480122, 37.896458753 -0.372336217, 37.890713702 -0.370164568, 37.889908784 -0.367740248, 37.893105565 -0.363100234, 37.895512688 -0.355511217, 37.888176874 -0.346392377, 37.88587275 -0.345840309, 37.885044944 -0.348137802, 37.880787656 -0.35075147, 37.87392869 -0.351211964, 37.87351288 -0.359741905, 37.871140091 -0.364436243, 37.872013675 -0.367303804, 37.866501325 -0.372033932, 37.865677335 -0.382807071, 37.867424502 -0.384589268, 37.856819428 -0.392267506, 37.85458397 -0.391018901, 37.852592658 -0.394953438, 37.850559383 -0.396183359, 37.845760397 -0.40697393, 37.842430098 -0.406313153, 37.841300925 -0.408149199, 37.838596249 -0.408293549, 37.833907891 -0.407487826, 37.830493667 -0.410508498, 37.829879489 -0.415248221, 37.828452763 -0.417147531, 37.826179157 -0.416378343, 37.817393731 -0.424092757, 37.816996995 -0.428199297, 37.812674855 -0.432983631, 37.808329827 -0.433100536, 37.801863784 -0.440914689, 37.799822879 -0.441013862, 37.790961157 -0.446322015, 37.788267926 -0.446484393, 37.785059701 -0.450463779, 37.779894495 -0.44885284, 37.769152089 -0.452595766, 37.761202097 -0.452540161, 37.748449304 -0.448784215, 37.738786478 -0.44852931, 37.73434608 -0.451088296, 37.733232166 -0.453032782, 37.727487115 -0.454298106, 37.718301136 -0.4514925, 37.717435182 -0.448407998, 37.71508528 -0.446779478, 37.705384307 -0.445520503, 37.699879586 -0.441322687, 37.694229904 -0.441502588, 37.688519184 -0.434120919, 37.684097859 -0.430990585, 37.675392542 -0.429532847, 37.669800082 -0.42790382, 37.667518846 -0.425895444, 37.660778138 -0.424501387, 37.65632248 -0.417979288, 37.646178992 -0.411718562, 37.639228471 -0.404400156, 37.637759782 -0.401614128, 37.637469858 -0.39455918, 37.633063793 -0.394232845, 37.631617993 -0.39207091, 37.627177594 -0.393218853, 37.61579049 -0.390991986, 37.612269452 -0.386984619, 37.609976772 -0.387997241, 37.601889449 -0.387209041, 37.586584569 -0.376533914, 37.584448295 -0.372336902, 37.579767566 -0.373575257, 37.57043281 -0.366546176, 37.56847583 -0.365876548, 37.565210382 -0.368254739, 37.56253241 -0.368453295, 37.553762241 -0.363504557, 37.500916154 -0.316438905, 37.309170271 -0.152805919, 37.500858925 -0.186075587, 37.525918184 -0.186918796, 37.533925397 -0.184007176, 37.550164896 -0.182425723, 37.564092641 -0.186768187, 37.570253503 -0.183738769, 37.573404507 -0.184299777, 37.577036173 -0.182084158, 37.579576814 -0.183694293, 37.589987335 -0.185594467, 37.591452209 -0.189538019, 37.594366698 -0.192758125, 37.597708441 -0.192722231, 37.602122136 -0.196539417, 37.606013207 -0.197281398, 37.613524499 -0.19625997, 37.617186684 -0.201352433, 37.621619453 -0.202890408, 37.623549729 -0.20776566, 37.627917647 -0.207395206, 37.628898044 -0.209095693, 37.632247417 -0.209285934, 37.63388777 -0.210823685, 37.639629007 -0.209973978, 37.641746208 -0.214207108, 37.64366504 -0.215292649, 37.651191591 -0.216143533, 37.65460963 -0.215058453, 37.658649477 -0.218875729, 37.660598827 -0.216515194, 37.667816382 -0.217863509, 37.667728641 -0.20863773, 37.671604453 -0.20994957, 37.677174025 -0.209099818, 37.684082583 -0.210348602, 37.687473918 -0.20700225, 37.690125186 -0.206351231, 37.694866952 -0.207418923, 37.697377074 -0.205962882, 37.709313505 -0.204516645, 37.72331373 -0.205566992, 37.724046167 -0.203893712, 37.73273241 -0.201452211, 37.737462731 -0.194777282, 37.742238829 -0.193348493, 37.744974023 -0.190589924, 37.747129371 -0.191684555, 37.749414421 -0.190128953, 37.749311422 -0.188509849, 37.753126197 -0.186266918, 37.756979119 -0.175874274, 37.766687721 -0.160154302, 37.770586422 -0.159313325, 37.77417994 -0.161963796, 37.778746226 -0.161774121, 37.785906559 -0.166649954, 37.788359459 -0.170168727, 37.798831017 -0.170938228, 37.798342726 -0.168966326, 37.807067116 -0.160274258, 37.832519294 -0.144527599, 37.858021065 -0.125279995, 37.864509997 -0.111232543, 37.869415797 -0.09505021399999999, 37.88970277 -0.059999063, 37.890576353 -0.043798358, 37.89392954 -0.023617585, 37.895356266 -0.021907967, 37.897023323 -0.007887223, 37.910558144 0.014301831, 37.931699627 0.054103263, 37.947790348 0.062543297, 37.950239434 0.061620677, 37.949655773 0.057839514, 37.951151165 0.055216258, 37.954267836 0.054194137, 37.953871099 0.050729584, 37.960451586 0.050268356, 37.965052205 0.062136591, 37.978075846 0.062543922, 37.977938515 0.064823484))",Tharaka-Nithi,Tharaka-Nithi,296155428,-7.328499999999999,1285.8864999999998,57661952198,0.0,0.0,0.0,0.0,0.0,,39.999999999999986,0.0,0.4484272031464407,0.0,0.0,0.0,0,0,0,0,,,0.0,0.0,0.0,0.0,,0,0,0,0,,,0.0,0.0,0.0,0.0,,0,0,0,0,,,0.0,0.0,0.0,0.0,,0,0,0,0,,39.999999999999986,0.0,0.4484272031464407,0.0,0.0,0.0,0,0,0,0,,,,,,,,,,,,,,,,,,,,
11,24227781,2021-07-01,Kenya,Kenya_2021-07,54986000,315943,63188.0,0.2,3.0,0.4,0.4,0.15,0.05,0.0,0.35,0.4,0.2,0.05,0.0,,,,,,Tana river,"POLYGON ((38.565436694 -0.022263836, 38.572574136 -0.021684842, 38.586490433 -0.027592632, 38.594436608 -0.028578792, 38.599525517 -0.033762804, 38.607780688 -0.037363589, 38.610554029 -0.036929341, 38.61518898 -0.032333415, 38.617653324 -0.032288189, 38.632996346 -0.044872824, 38.645203624 -0.057285588, 38.65565992 -0.056317603, 38.659615841 -0.050744565, 38.662698179 -0.049170369, 38.675080936 -0.053015485, 38.68313011 -0.057973386, 38.689897519 -0.057837716, 38.691770573 -0.056806342, 38.69233516 -0.046383967, 38.69663441 -0.043597443, 38.703771853 -0.052798487, 38.713263011 -0.058579704, 38.720354676 -0.065138979, 38.725477918 -0.064921874, 38.736544578 -0.067672288, 38.740927753 -0.071571676, 38.745764887 -0.07382447, 38.752204226 -0.073118814, 38.757571613 -0.076213008, 38.763415847 -0.076810155, 38.766383741 -0.076412092, 38.776916333 -0.06980764, 38.79562017 -0.07566131099999999, 38.808300479 -0.07273004600000001, 38.822224405 -0.082772594, 38.85776284 -0.08068281099999999, 38.878339731 -0.086753624, 38.900991859 -0.09072546200000001, 38.914915784 -0.09658816200000001, 38.933623436 -0.101609469, 38.981006743 -0.082772978, 38.98786952 -0.06687681199999999, 38.990776378 -0.056834271, 39.001583632 -0.053902936, 39.008846962 -0.053332954, 39.011036642 -0.057639487, 39.017334834 -0.058535171, 39.029446741 -0.046348405, 39.032139971 -0.045561284, 39.037530247 -0.047976922, 39.045766343 -0.056128563, 39.059644491 -0.055649045, 39.07508288 -0.050872039, 39.079210466 -0.053595279, 39.081846474 -0.061014084, 39.087263453 -0.069717602, 39.096888128 -0.078312542, 39.098970994 -0.083433321, 39.109915581 -0.091838251, 39.11245622 -0.100822232, 39.117838866 -0.102767381, 39.123580101 -0.109914744, 39.130545878 -0.113461259, 39.131198204 -0.119287722, 39.133570994 -0.12457134, 39.143523738 -0.122761831, 39.144580431 -0.124598428, 39.144549913 -0.144077277, 39.149516749 -0.144882449, 39.168327398 -0.142086705, 39.178779878 -0.14361562, 39.183029536 -0.146917852, 39.211567858 -0.147514723, 39.237294691 -0.144393165, 39.239198263 -0.144483622, 39.239045673 -0.145994508, 39.240438065 -0.146663987, 39.267641216 -0.1464737, 39.269960598 -0.147423623, 39.32324917 -0.144808285, 39.339526809 -0.146264653, 39.338302267 -0.149340706, 39.347362354 -0.150028153, 39.349117151 -0.169606189, 39.350868132 -0.170972279, 39.358856268 -0.169244123, 39.363914657 -0.155818059, 39.36545964 -0.155962796, 39.367202992 -0.170320575, 39.374977501 -0.169406665, 39.38029148 -0.172717822, 39.386345526 -0.18136675, 39.393322747 -0.185844935, 39.397297742 -0.194349126, 39.402684202 -0.196067954, 39.411187332 -0.193760731, 39.41534925 -0.199197943, 39.420140605 -0.195316615, 39.425858951 -0.195642175, 39.437066755 -0.193181082, 39.439325101 -0.193669558, 39.448831517 -0.201992611, 39.45669758 -0.212758371, 39.461050237 -0.214839056, 39.465147303 -0.214838937, 39.471975748 -0.221171642, 39.476194888 -0.222157638, 39.48289363 -0.227214695, 39.485480047 -0.23082437, 39.484072396 -0.237899177, 39.487334027 -0.240341763, 39.489172748 -0.244132381, 39.491267059 -0.245842195, 39.502562603 -0.249451511, 39.504576804 -0.253414028, 39.510508776 -0.252816694, 39.512423793 -0.253884147, 39.515490871 -0.259167473, 39.519210275 -0.270276986, 39.523421786 -0.274972157, 39.524261036 -0.281956357, 39.529369018 -0.284263117, 39.531436625 -0.288107955, 39.526027278 -0.302520013, 39.526622383 -0.303958441, 39.530666042 -0.304365355, 39.534610518 -0.301886293, 39.537013825 -0.295779513, 39.539970274 -0.292278205, 39.543209016 -0.2931013, 39.548713735 -0.299388665, 39.551250559 -0.299469959, 39.553749235 -0.296258184, 39.557316048 -0.295688027, 39.56353413 -0.303884207, 39.565613182 -0.313220493, 39.570396908 -0.317146564, 39.569321142 -0.323470404, 39.572521737 -0.325795282, 39.57509671 -0.332761215, 39.577946346 -0.334805648, 39.582981847 -0.336017629, 39.592228858 -0.342087486, 39.59362888 -0.348365911, 39.59489157 -0.349487658, 39.60035814 -0.346682797, 39.601754348 -0.35298834, 39.605607269 -0.358389046, 39.604764204 -0.361329317, 39.609597522 -0.362242705, 39.609383896 -0.368973548, 39.610856399 -0.373741131, 39.610436774 -0.376844227, 39.607770248 -0.380173621, 39.611829167 -0.386370424, 39.611550689 -0.391581397, 39.614255364 -0.395996033, 39.612683678 -0.399144454, 39.617162222 -0.402093366, 39.618833093 -0.406752329, 39.618833093 -0.411266705, 39.617372035 -0.414234153, 39.619756269 -0.415826198, 39.625333467 -0.414360175, 39.628286102 -0.415137975, 39.626752565 -0.430363828, 39.627446854 -0.435221913, 39.625291508 -0.443056594, 39.626603792 -0.459983023, 39.627996184 -0.46089662, 39.630456713 -0.459068949, 39.633523791 -0.45983766, 39.633149943 -0.462162716, 39.634263857 -0.463420111, 39.642072698 -0.465283034, 39.643949567 -0.467806914, 39.643049281 -0.469489699, 39.644144121 -0.473877248, 39.643354466 -0.493961126, 39.645303815 -0.497579635, 39.654081609 -0.502961596, 39.654112129 -0.514469021, 39.656027146 -0.518222403, 39.66278311 -0.525351308, 39.683497331 -0.539434729, 39.681818831 -0.543858782, 39.675841082 -0.545605458, 39.676951182 -0.556126634, 39.68506139 -0.553999714, 39.687743176 -0.556451091, 39.687708844 -0.562810868, 39.690154113 -0.564402823, 39.696597264 -0.558476451, 39.700579888 -0.558656917, 39.701567916 -0.572941428, 39.699202758 -0.582630718, 39.705886241 -0.5863661, 39.706023574 -0.592897761, 39.712440022 -0.5895768300000001, 39.713622602 -0.5915307319999999, 39.710181678 -0.597881927, 39.713206793 -0.599980357, 39.718135481 -0.602114724, 39.727783041 -0.598413371, 39.736244209 -0.601316211, 39.744266677 -0.601613609, 39.751118008 -0.595859122, 39.752971988 -0.596591596, 39.75320469 -0.601331942, 39.755211261 -0.604832683, 39.760498537 -0.608007296, 39.763203212 -0.612141159, 39.764713862 -0.612701809, 39.768238712 -0.608775111, 39.769856176 -0.6087025190000001, 39.773033883 -0.613695744, 39.777462835 -0.61705136, 39.789620517 -0.62054149, 39.790848874 -0.62197968, 39.789044488 -0.63004036, 39.783459661 -0.635722374, 39.783768659 -0.6420819719999999, 39.795804271 -0.659060306, 39.796372673 -0.663103996, 39.794099069 -0.6704862579999999, 39.798199951 -0.670892664, 39.802850159 -0.669218282, 39.805188615 -0.6714975949999999, 39.805474725 -0.680869637, 39.813310268 -0.679737548, 39.814077038 -0.681230091, 39.810163083 -0.6915165049999999, 39.811887362 -0.7003545370000001, 39.815820394 -0.705971646, 39.817785002 -0.705944171, 39.82092456 -0.7033020760000001, 39.822381803 -0.704269788, 39.819291838 -0.7114260489999999, 39.819776315 -0.713334715, 39.824849963 -0.713098582, 39.826368243 -0.714174825, 39.824170935 -0.718942706, 39.826631464 -0.7218099650000001, 39.824853782 -0.737107662, 39.821546374 -0.735642773, 39.820241722 -0.737334676, 39.821599782 -0.744553456, 39.823057026 -0.746335294, 39.82973288 -0.749138424, 39.835435965 -0.748784523, 39.837610386 -0.7518236659999999, 39.837236539 -0.754085339, 39.835569483 -0.754972235, 39.830091469 -0.755326077, 39.829740511 -0.759496535, 39.831342717 -0.763123804, 39.82985877 -0.764824767, 39.828184085 -0.764671358, 39.823251586 -0.776532086, 39.82285485 -0.781688613, 39.825765523 -0.784139571, 39.836027263 -0.787891759, 39.840124329 -0.788017572, 39.837843095 -0.79041531, 39.844766909 -0.79027823, 39.848184945 -0.7915078209999999, 39.842188123 -0.796728776, 39.839079086 -0.8115835300000001, 39.841356506 -0.813980313, 39.850565368 -0.811961029, 39.854261883 -0.812032667, 39.85549024 -0.813407442, 39.849760453 -0.8218126650000001, 39.858507729 -0.829518189, 39.859163871 -0.831182617, 39.85753115 -0.839650299, 39.860991151 -0.848985267, 39.859682684 -0.8506229360000001, 39.853292939 -0.846942505, 39.850656931 -0.848761415, 39.851973028 -0.852623863, 39.856344759 -0.856223358, 39.854448818 -0.861859599, 39.856669017 -0.864202087, 39.859713205 -0.862835416, 39.861464184 -0.854593854, 39.863356311 -0.853996371, 39.866057172 -0.857668578, 39.870745528 -0.858933988, 39.871683962 -0.860317822, 39.869795652 -0.871390884, 39.864722006 -0.881406299, 39.871252899 -0.887176279, 39.872969548 -0.890857664, 39.872538479 -0.893580694, 39.869292108 -0.896919563, 39.864786861 -0.896567809, 39.863589023 -0.89785265, 39.863959056 -0.89970708, 39.868960224 -0.903116334, 39.865145453 -0.90779416, 39.866534031 -0.912633558, 39.87162294 -0.9185938380000001, 39.872561375 -0.924654544, 39.877554914 -0.927258672, 39.873423516 -0.934252405, 39.874220805 -0.938413504, 39.886008454 -0.939369413, 39.886859149 -0.943177685, 39.89047937 -0.946605236, 39.891608543 -0.949490673, 39.890551852 -0.952973772, 39.884226959 -0.9550741109999999, 39.882079243 -0.958684096, 39.883582265 -0.964165736, 39.882147911 -0.969566678, 39.884932696 -0.9706876800000001, 39.888819949 -0.967746635, 39.892112097 -0.963023693, 39.894534478 -0.962932565, 39.891616178 -0.969681822, 39.892318099 -0.980727049, 39.897033158 -0.979287429, 39.902606542 -0.981827904, 39.906516685 -0.9858252240000001, 39.905494327 -0.987055829, 39.900405419 -0.986252075, 39.898307295 -0.989454998, 39.898093668 -0.991074309, 39.901416336 -0.993705853, 39.900767826 -0.997704425, 39.904224011 -1.002118046, 39.898734554 -1.006461699, 39.89797923 -1.011165867, 39.899341104 -1.01027903, 39.904231644 -1.016040009, 39.911857376 -1.016282218, 39.912730959 -1.017548344, 39.910121656 -1.024985018, 39.912750039 -1.038173612, 39.921810127 -1.046050125, 39.926590039 -1.052742759, 39.925396016 -1.056171623, 39.921955092 -1.060071559, 39.922195423 -1.061636515, 39.931080031 -1.068762078, 39.930977033 -1.070851746, 39.927425481 -1.075222158, 39.93057267 -1.079834661, 39.932464799 -1.086546249, 39.93473459 -1.089250384, 39.939869274 -1.088289882, 39.943409391 -1.116024024, 39.946262843 -1.12168595, 39.946259034 -1.140049425, 39.947487391 -1.14253662, 39.950329398 -1.143847444, 39.954243354 -1.14191023, 39.957710983 -1.142117157, 39.958855417 -1.149823933, 39.967484435 -1.153358045, 39.969811447 -1.155663938, 39.976353786 -1.168018498, 39.976884043 -1.17890966, 39.983525565 -1.187962303, 39.986703274 -1.197794148, 39.995126295 -1.204693113, 39.993909386 -1.213974619, 39.997216794 -1.215637794, 40.003385282 -1.214088689, 40.005368964 -1.216856, 40.003316618 -1.221560644, 40.005182043 -1.224454662, 40.011827377 -1.224868279, 40.014612162 -1.226938635, 40.009771219 -1.238618773, 40.014150581 -1.245491873, 40.009443153 -1.25032418, 40.010835545 -1.251418182, 40.018915234 -1.249804948, 40.022157791 -1.25204707, 40.021612281 -1.257203356, 40.015432352 -1.266694892, 40.017812771 -1.268765487, 40.022844456 -1.269251934, 40.022794865 -1.271160659, 40.026289198 -1.275257031, 40.026006906 -1.276821987, 40.01881606 -1.282026313, 40.020429712 -1.29082721, 40.019807905 -1.292564289, 40.01336094 -1.296664598, 40.013196906 -1.298175319, 40.018327778 -1.305907482, 40.011362004 -1.310813215, 40.011201784 -1.312323936, 40.012838323 -1.315733488, 40.013334245 -1.321350833, 40.018228601 -1.328106045, 40.018278197 -1.337197071, 40.025758968 -1.341961072, 40.020994319 -1.347209619, 40.01483728 -1.360808137, 40.018220986 -1.366930763, 40.016126678 -1.374186372, 40.018564319 -1.375967434, 40.023287007 -1.373161144, 40.024606921 -1.38184463, 40.028684915 -1.387496422, 40.028520881 -1.389296676, 40.023737156 -1.391062602, 40.022936055 -1.392519446, 40.026415128 -1.39464368, 40.035883402 -1.414169332, 40.038378271 -1.435425749, 40.045092272 -1.437702197, 40.046080299 -1.438859614, 40.044012693 -1.441302944, 40.048201316 -1.446086256, 40.047079779 -1.46203441, 40.043406154 -1.466052471, 40.049143573 -1.469206697, 40.045832353 -1.476354432, 40.047358264 -1.480460459, 40.050146864 -1.483516586, 40.049132137 -1.488564521, 40.051997033 -1.494053965, 40.050276572 -1.496379526, 40.045199109 -1.496101558, 40.046316839 -1.501211832, 40.052576883 -1.504655234, 40.084991 -1.484702716, 40.093269058 -1.487955042, 40.100334017 -1.488168642, 40.107044209 -1.502466252, 40.113418698 -1.512675474, 40.115558786 -1.513850293, 40.119388821 -1.522143044, 40.120838441 -1.536045274, 40.129082178 -1.567473959, 40.14033195 -1.584889438, 40.150952281 -1.594118847, 40.160134444 -1.604922987, 40.168332398 -1.622918487, 40.173127578 -1.646171352, 40.174180461 -1.659973931, 40.173802807 -1.679665865, 40.171857281 -1.69698885, 40.172334135 -1.713143452, 40.174127081 -1.719519373, 40.182511958 -1.733498243, 40.184865676 -1.739918863, 40.18321007 -1.751633563, 40.174306399 -1.76995603, 40.171597915 -1.780070373, 40.172742356 -1.799471937, 40.176179476 -1.818383476, 40.172723303 -1.842256293, 40.18066185 -1.852372776, 40.185388359 -1.862111401, 40.187249973 -1.872222761, 40.186815111 -1.916517716, 40.189134502 -1.933412655, 40.18530067 -1.961925983, 40.187940496 -1.968861897, 40.194089915 -1.977785085, 40.19684037 -1.984431347, 40.197332477 -1.98845608, 40.195020733 -2.003409637, 40.208513595 -2.022892127, 40.210203545 -2.033066661, 40.213343106 -2.039033969, 40.250831 -2.252621687, 40.250808204 -2.400516569, 40.443488553 -2.401592089, 40.66492469 -2.469380989, 40.737695277 -2.457612966, 40.753801242 -2.452591129, 40.763013917 -2.452895555, 40.767168204 -2.454273485, 40.751939651 -2.479948339, 40.71685139 -2.500495294, 40.701065871 -2.51206398, 40.680271561 -2.532311737, 40.656906101 -2.5608557, 40.622393871 -2.582993238, 40.611697248 -2.580257644, 40.608580577 -2.577521329, 40.586103935 -2.573073102, 40.572035048 -2.562889283, 40.564668722 -2.562265404, 40.555910002 -2.559119767, 40.537633421 -2.55004378, 40.53492493 -2.54532615, 40.528333002 -2.543778484, 40.528001116 -2.541834359, 40.521592297 -2.539924568, 40.5225231 -2.537861483, 40.525422327 -2.538084143, 40.52644087 -2.536681178, 40.52862292 -2.536597261, 40.530030572 -2.53836807, 40.533334165 -2.538201429, 40.533616453 -2.531653387, 40.535691691 -2.533079713, 40.537377824 -2.538920192, 40.536992525 -2.528293899, 40.539346239 -2.527902212, 40.539430162 -2.525496551, 40.535153801 -2.523267784, 40.534005555 -2.523902158, 40.534791399 -2.525330153, 40.53339901 -2.528931374, 40.531724325 -2.529050812, 40.529511755 -2.5270366, 40.52955372 -2.530030147, 40.527497558 -2.531434543, 40.526734602 -2.528098183, 40.52486155 -2.530451874, 40.523499676 -2.529449417, 40.52615094 -2.526353358, 40.525552019 -2.523812765, 40.524880621 -2.526391025, 40.523057161 -2.527397061, 40.519490346 -2.523566505, 40.513607966 -2.523175539, 40.513569833 -2.543714365, 40.518296338 -2.546575837, 40.523053358 -2.545240813, 40.526509545 -2.549586781, 40.528027824 -2.54895193, 40.528806039 -2.551591696, 40.532151594 -2.550393989, 40.535191969 -2.553040189, 40.52823764 -2.554405015, 40.516266884 -2.554084618, 40.50085139 -2.556535824, 40.460517808 -2.566169223, 40.407339894 -2.587447355, 40.385069259 -2.598171644, 40.362077635 -2.612369613, 40.359266148 -2.612942482, 40.354734197 -2.610803828, 40.352056231 -2.617119673, 40.3193522 -2.637650179, 40.279052964 -2.669557456, 40.272869217 -2.669265425, 40.272716625 -2.666995174, 40.271312789 -2.667892261, 40.270706242 -2.670841467, 40.272682295 -2.671472501, 40.276554288 -2.670193262, 40.277088357 -2.671277967, 40.264171547 -2.684659896, 40.25529839 -2.691597484, 40.242850797 -2.705023993, 40.228846779 -2.722703261, 40.206465531 -2.755242992, 39.973909119 -2.425573675, 39.891132288 -2.312093788, 39.750928035 -2.474205084, 39.505100419 -2.752546531, 39.280757588 -3.002100127, 39.219904372 -3.071305543, 39.219232974 -3.073893101, 39.215521193 -3.066294448, 39.206796807 -3.06751743, 39.203199474 -3.066821553, 39.196580838 -3.062389764, 39.185151777 -3.064255466, 39.181909219 -3.062989344, 39.178891729 -3.058909664, 39.1735129 -3.061688182, 39.168950435 -3.067062839, 39.166936235 -3.067542494, 39.16438415 -3.066167901, 39.163449526 -3.060812082, 39.151753418 -3.045831958, 39.144871569 -3.049497075, 39.143112957 -3.048601658, 39.140816459 -3.042703249, 39.136635466 -3.042622198, 39.133457758 -3.041012307, 39.134239783 -3.035855309, 39.13152366 -3.030753145, 39.129402638 -3.021579881, 39.12355459 -3.021870014, 39.113697217 -3.025372308, 39.104717249 -3.037333393, 39.08819547 -3.045359507, 39.08761563 -3.052461584, 39.085582356 -3.053646894, 39.081763767 -3.052489243, 39.079867819 -3.046644949, 39.066596217 -3.041715155, 39.0547704 -3.019414821, 39.000955324 -2.942353366, 38.625020414 -2.426941036, 38.628056974 -2.425702563, 38.633328992 -2.426283056, 38.635553009 -2.431096524, 38.639100748 -2.429839933, 38.647336848 -2.432755282, 38.669493056 -2.43179286, 38.67860655 -2.428483906, 38.6880443 -2.427038501, 38.701018344 -2.421486708, 38.705382444 -2.418203504, 38.706118693 -2.414802058, 38.716647467 -2.409475552, 38.719741245 -2.403966438, 38.72454023 -2.402031369, 38.726520096 -2.398874517, 38.735149111 -2.392877879, 38.736720793 -2.38453685, 38.740455454 -2.37897362, 38.758800701 -2.376317153, 38.763157171 -2.37153205, 38.771454302 -2.368330614, 38.786862175 -2.368432639, 38.7903031 -2.366325209, 38.792542367 -2.357260407, 38.793877538 -2.35613875, 38.798600228 -2.356048871, 38.800187173 -2.35409497, 38.933776597 -2.096055137, 38.935004954 -2.095530425, 38.972237098 -2.002001606, 39.000306176 -1.945719078, 38.997052126 -1.848913748, 38.959835125 -1.705234238, 38.962886938 -1.692749154, 38.978546585 -1.692749385, 38.994004046 -1.686407306, 39.000306047 -1.673922101, 38.987900341 -1.527175588, 38.986893181 -1.36751855, 38.969570196 -1.060951037, 38.825688293 -0.756623457, 38.756991819 -0.636898084, 38.678460858 -0.505139663, 38.666978385 -0.483525421, 38.425602324 -0.073468742, 38.429123361 -0.07497057, 38.433208984 -0.07885173600000001, 38.436951278 -0.080036935, 38.439488103 -0.079711277, 38.442726846 -0.075097397, 38.444756306 -0.075395975, 38.459611038 -0.08881275299999999, 38.462884115 -0.089817008, 38.46854524 -0.08849623500000001, 38.476121382 -0.082823902, 38.48613135 -0.08052609500000001, 38.490079641 -0.077965851, 38.493909675 -0.07301719399999999, 38.495515695 -0.06358121, 38.497762597 -0.062106574, 38.506185619 -0.06639493, 38.512819511 -0.065852174, 38.516401584 -0.062206257, 38.527388135 -0.065933728, 38.532519006 -0.060035111, 38.536974663 -0.058569527, 38.53607819 -0.046717901, 38.546610782 -0.046672732, 38.548655501 -0.035653432, 38.554457773 -0.023078043, 38.560542338 -0.019395903, 38.565436694 -0.022263836))",Tana River,Tana River,242321856,-32.707,1112.0882999999997,47398304107,0.0,0.0,0.0,0.0,0.0,50.0,52.77777777777777,0.16666666666666666,0.8469895538599198,-0.16666666666666666,-1.0,-0.19677535089674905,0,0,0,0,,,0.0,0.0,0.0,0.0,,0,0,0,0,,,0.0,0.0,0.0,0.0,,0,0,0,0,,,0.0,0.0,0.0,0.0,,0,0,0,0,50.0,52.77777777777777,0.16666666666666666,0.8469895538599198,-0.16666666666666666,-1.0,-0.19677535089674905,0,0,0,0,,,,,,,,,,,,,,,,,,,,
12,24227781,2021-07-01,Kenya,Kenya_2021-07,54986000,340671,17034.0,0.05,1.0,0.85,0.1,0.05,0.0,0.0,0.9,0.05,0.05,0.0,0.0,,,,,,Taita,"POLYGON ((38.176395477 -2.701094553, 38.26396749 -2.763489367, 38.277685431 -2.779691041, 38.297247617 -2.809230294, 38.320739019 -2.836238963, 38.352756463 -2.89080772, 38.382572764 -2.920877157, 38.398491825 -2.930782769, 38.403618881 -2.928786192, 38.406872885 -2.929972928, 38.427896128 -2.957178273, 38.448816365 -2.975019869, 38.456007227 -2.990728302, 38.459921189 -2.99509978, 38.465551796 -2.993736623, 38.468042842 -2.991693322, 38.476664231 -2.990313237, 38.487582111 -2.983723466, 38.491530406 -2.98889095, 38.511985227 -2.988972466, 38.513759094 -2.98520079, 38.520186986 -2.980173713, 38.529800218 -2.981498714, 38.53676218 -2.979520493, 38.543060376 -2.984426454, 38.54979727 -2.986519096, 38.559357099 -2.991869426, 38.582493707 -2.993480016, 38.594277553 -3.004023818, 38.601617179 -3.003710082, 38.608590584 -3.000817609, 38.610364455 -3.00117997, 38.60689683 -3.008660624, 38.610311056 -3.012190085, 38.62915986 -3.017036676, 38.64217587 -3.017167784, 38.647306745 -3.020887722, 38.653166245 -3.029122179, 38.659281331 -3.032525764, 38.664274879 -3.043826957, 38.668921273 -3.042408016, 38.696109168 -3.039665955, 38.705462992 -3.036827835, 38.725605005 -3.042306414, 38.736812817 -3.048859215, 38.756672533 -3.051397171, 38.765972952 -3.049879291, 38.773983978 -3.050378488, 38.782910552 -3.053736775, 38.79258482 -3.054299622, 38.808622134 -3.05771345, 38.810262488 -3.059676884, 38.809171465 -3.062571736, 38.800263968 -3.062950079, 38.797906438 -3.064523738, 38.80006942 -3.070594747, 38.808286446 -3.073111256, 38.818460447 -3.071231251, 38.827867676 -3.065515205, 38.836069439 -3.064186614, 38.84029239 -3.059066564, 38.844465753 -3.059411044, 38.849344854 -3.065011694, 38.861979384 -3.063285453, 38.894218025 -3.043385739, 38.899558708 -3.043313977, 38.907718513 -3.047213902, 38.917278339 -3.049096514, 38.927841446 -3.046138717, 38.932316176 -3.046093895, 38.937530967 -3.04061172, 38.95679558 -3.045081881, 38.977895095 -3.045426347, 38.982724598 -3.043725621, 38.991021722 -3.031466779, 38.993665359 -3.029910762, 39.001535237 -3.028970042, 39.006036671 -3.03014605, 39.011659648 -3.02967545, 39.026003194 -3.025052211, 39.035166284 -3.028209292, 39.042944606 -3.025648905, 39.044111933 -3.033944871, 39.04579425 -3.035808416, 39.053149135 -3.037608544, 39.060114919 -3.044981433, 39.0633117 -3.045551437, 39.066596217 -3.041715155, 39.079867819 -3.046644949, 39.081763767 -3.052489243, 39.085582356 -3.053646894, 39.08761563 -3.052461584, 39.08819547 -3.045359507, 39.104717249 -3.037333393, 39.113697217 -3.025372308, 39.126602594 -3.021236353, 39.129402638 -3.021579881, 39.13050511 -3.023841311, 39.13152366 -3.030753145, 39.134239783 -3.035855309, 39.133457758 -3.041012307, 39.136635466 -3.042622198, 39.140816459 -3.042703249, 39.143112957 -3.048601658, 39.144871569 -3.049497075, 39.151753418 -3.045831958, 39.163449526 -3.060812082, 39.16438415 -3.066167901, 39.166936235 -3.067542494, 39.170281791 -3.066275413, 39.1735129 -3.061688182, 39.178891729 -3.058909664, 39.181909219 -3.062989344, 39.185151777 -3.064255466, 39.196580838 -3.062389764, 39.203199474 -3.066821553, 39.206796807 -3.06751743, 39.215521193 -3.066294448, 39.219232974 -3.073893101, 39.15683874 -3.320036768, 39.05649145 -3.687444957, 38.969468776 -3.636358071, 38.932480785 -3.698146703, 39.033358729 -3.758138879, 38.946431678 -3.962045799, 38.92774692 -3.967228084, 38.832759079 -4.002451762, 38.446963456 -4.140393708, 37.786064676 -3.676811778, 37.761657688 -3.616539627, 37.753982324 -3.577672385, 37.749370252 -3.567373174, 37.747775662 -3.55263692, 37.743873139 -3.544075382, 37.727950264 -3.540299908, 37.722277686 -3.532604228, 37.719340308 -3.531433226, 37.696962834 -3.529005175, 37.691851031 -3.524367171, 37.6882041 -3.517488237, 37.684770799 -3.514046268, 37.682905374 -3.514857772, 37.677984312 -3.51258967, 37.673986421 -3.505746257, 37.66825663 -3.506742045, 37.665448954 -3.505715988, 37.661134444 -3.506976157, 37.65742267 -3.509512225, 37.655221548 -3.513172094, 37.649926641 -3.514665892, 37.644509664 -3.519605239, 37.63796351 -3.51947818, 37.630429332 -3.52354595, 37.623383442 -3.523861117, 37.622307677 -3.525794992, 37.619477115 -3.526650124, 37.612271003 -3.525354921, 37.610699314 -3.523815118, 37.609039887 -3.524282854, 37.604145527 -3.520341445, 37.60619024 -3.512864844, 37.608131959 -3.510977455, 37.607197334 -3.505739403, 37.612469351 -3.502853129, 37.612900416 -3.497517571, 37.61383885 -3.496659819, 37.616833449 -3.497360464, 37.62036211 -3.489877187, 37.624966542 -3.488373376, 37.626484821 -3.486494332, 37.624897859 -3.468113944, 37.619980611 -3.465339249, 37.618138071 -3.461284599, 37.60893302 -3.464002568, 37.607609292 -3.463005594, 37.60665178 -3.458798608, 37.599781371 -3.460298845, 37.596420552 -3.459027716, 37.593250476 -3.461428851, 37.585308114 -3.462068, 37.585281392 -3.440488564, 37.632130605 -3.389989893, 37.664216654 -3.358378933, 37.680883405 -3.356511318, 37.685327614 -3.350945704, 37.685762475 -3.322899041, 37.712050082 -3.311374681, 37.692060551 -3.180652932, 37.796039874 -3.172639378, 37.804447635 -3.168090523, 37.808571408 -3.169343533, 37.810459721 -3.16864932, 37.819176488 -3.175641967, 37.823128595 -3.175863673, 37.825253428 -3.179475143, 37.826855633 -3.179069868, 37.829434423 -3.180845683, 37.831395222 -3.186519286, 37.833459016 -3.187842148, 37.846330065 -3.184374418, 37.853765057 -3.179480126, 37.853234798 -3.172306768, 37.855748733 -3.1700029, 37.85561896 -3.081314297, 37.865350451 -3.081243247, 37.871644829 -3.079847906, 37.895353511 -2.887957075, 37.918902104 -2.870549086, 37.938433683 -2.773147055, 37.944285554 -2.781700251, 37.975406495 -2.79077361, 38.101667867 -2.721467281, 38.114054437 -2.716917231, 38.116884999 -2.715001472, 38.118155315 -2.709900495, 38.119723187 -2.708309672, 38.129370749 -2.702807467, 38.134261289 -2.701200908, 38.147487114 -2.702512796, 38.154384226 -2.700998018, 38.158038778 -2.697653547, 38.158397363 -2.692026905, 38.161739102 -2.686438882, 38.162994169 -2.695648626, 38.166629651 -2.69810268, 38.176395477 -2.701094553))",Taita Taveta,Taita Taveta,207072972,-82.87429999999999,921.3595,40067119437,0.0,0.0,0.0,0.0,0.0,50.0,49.99999999999998,0.08333333333333333,0.48154341234307685,-0.08333333333333333,-1.0,-0.1730546638107932,0,0,0,0,,,0.0,0.0,0.0,0.0,,0,0,0,0,,,0.0,0.0,0.0,0.0,,0,0,0,0,,,0.0,0.0,0.0,0.0,,0,0,0,0,50.0,49.99999999999998,0.08333333333333333,0.48154341234307685,-0.08333333333333333,-1.0,-0.1730546638107932,0,0,0,0,,,,,,,,,,,,,,,,,,,,
13,24227781,2021-07-01,Kenya,Kenya_2021-07,54986000,310327,46549.0,0.15,2.0,0.45,0.4,0.1,0.05,0.0,0.4,0.45,0.1,0.05,0.0,,,,,,Samburu,"POLYGON ((36.753739694 2.516980543, 36.755711928 2.508838776, 36.841376402 2.274737963, 36.862491177 2.255910242, 36.893501456 2.192848992, 36.900764769 2.15439828, 36.912476117 2.127851486, 36.912899555 2.123186756, 36.909676059 2.10347269, 36.913387835 2.101344034, 36.916550284 2.101221734, 36.917568828 2.098700439, 36.91616498 2.079829585, 36.919060386 2.061543043, 36.913040652 2.026898126, 36.913803603 2.019150913, 36.915890285 2.017833526, 36.921467487 2.017524321, 36.942532684 2.025381186, 36.947781815 2.024140085, 36.970056284 2.007975036, 36.981946937 2.000910112, 36.984457059 2.000741563, 36.985815116 1.993410474, 36.994158025 1.98223617, 37.003519486 1.984923862, 37.009169168 1.981612395, 37.014998145 1.980254121, 37.085891939 1.98069083, 37.10152489 1.979171752, 37.113270582 1.974320471, 37.120427101 1.973578216, 37.132558085 1.967741518, 37.154248899 1.964628032, 37.173734769 1.955968701, 37.179052566 1.954735706, 37.18689955 1.93473282, 37.191378093 1.92711458, 37.207648105 1.914245862, 37.216578492 1.909146054, 37.222678316 1.902831491, 37.23081523 1.898318499, 37.237147755 1.892175702, 37.24284321 1.881773095, 37.244998557 1.880238051, 37.249732693 1.878379977, 37.267765136 1.875965476, 37.306527019 1.762438089, 37.351274327 1.739896853, 37.443412535 1.5860122, 37.453922237 1.575239722, 37.458614408 1.566877447, 37.471065829 1.551584234, 37.501889194 1.498616563, 37.556863884 1.395936553, 37.562345714 1.389328409, 37.568743091 1.387152671, 37.572843972 1.379530623, 37.579363422 1.376721701, 37.581469175 1.36797692, 37.579569415 1.363399329, 37.587763553 1.364995994, 37.590166865 1.375796595, 37.595736439 1.38104575, 37.599204073 1.389097508, 37.604567643 1.376646239, 37.608054346 1.37282246, 37.61733188 1.375170435, 37.621303061 1.374060335, 37.622783194 1.37540883, 37.623065489 1.380709123, 37.630923927 1.381545896, 37.633464568 1.385210423, 37.641170416 1.389438759, 37.644050573 1.393510589, 37.650604358 1.397964449, 37.654739574 1.397722593, 37.657364138 1.394178574, 37.660351107 1.39386365, 37.661770204 1.395429206, 37.666588265 1.395658185, 37.67324505 1.401152174, 37.675655988 1.401289252, 37.679997201 1.398225484, 37.685177666 1.396962094, 37.711778096 1.405316489, 37.717458296 1.405789944, 37.721391329 1.403006294, 37.72518703 1.402583256, 37.748918749 1.410854332, 37.756979368 1.408868716, 37.760397408 1.411448534, 37.764696659 1.412011627, 37.773863563 1.408534119, 37.779127953 1.409866521, 37.781985222 1.416290142, 37.783873536 1.416779572, 37.788107935 1.412847083, 37.794554904 1.411412285, 37.801215503 1.416444974, 37.811095771 1.416033973, 37.818278994 1.420668896, 37.827606118 1.418349046, 37.832550068 1.4227296, 37.843971505 1.423079086, 37.846725778 1.438792465, 37.850220114 1.444366199, 37.85110896 1.452444301, 37.853420715 1.456217418, 37.952955798 1.385302212, 37.947401444 1.260441027, 37.950804202 1.192047282, 38.033249085 1.083245146, 38.037540687 1.007811657, 38.039875326 0.996495764, 38.050384986 0.803139055, 38.07338426 0.785703438, 38.081574581 0.781037463, 38.074681283 0.780900267, 38.062115414 0.776582416, 38.052189369 0.776652566, 38.044060086 0.786447602, 38.033622863 0.789104722, 38.024970955 0.795036826, 38.017627513 0.794293326, 38.017120149 0.801321937, 38.012759862 0.801610339, 38.01023448 0.799601543, 38.010394699 0.791306386, 38.006026781 0.786411492, 38.002643075 0.785714121, 37.996260955 0.776558112, 37.991843446 0.776050506, 37.985125626 0.771037427, 37.974032258 0.758135361, 37.974142886 0.754453731, 37.967367845 0.750888022, 37.962149233 0.750479708, 37.956114257 0.742943073, 37.946073769 0.741330555, 37.932451205 0.7240589039999999, 37.930208116 0.7193907859999999, 37.928254951 0.717780173, 37.920797066 0.7159963660000001, 37.916829699 0.710242348, 37.914704869 0.709491098, 37.912816556 0.711851531, 37.911962047 0.716925998, 37.909787626 0.718770777, 37.905084008 0.7185977609999999, 37.904111241 0.720786607, 37.904748309 0.724938715, 37.9021123 0.726548196, 37.897290424 0.725859526, 37.89408983 0.733637958, 37.891511042 0.7362876860000001, 37.884690225 0.738538337, 37.881424778 0.741658245, 37.878899397 0.741829474, 37.875618689 0.733940905, 37.877220894 0.731345233, 37.875439393 0.727138592, 37.863728033 0.721554493, 37.851898414 0.713446719, 37.84609614 0.707746638, 37.843097725 0.69737069, 37.846302135 0.690117031, 37.838771768 0.681133026, 37.833949891 0.6779659179999999, 37.830676814 0.6769339559999999, 37.824943207 0.677683359, 37.813407327 0.674342758, 37.806525473 0.6749832730000001, 37.791548665 0.671017714, 37.785357286 0.674245318, 37.778532653 0.675111894, 37.758676748 0.670747079, 37.752084817 0.674263919, 37.749273328 0.6741456139999999, 37.744222565 0.670752386, 37.736348868 0.6610268459999999, 37.731473585 0.660681886, 37.729055016 0.654458224, 37.725785754 0.654113681, 37.715924561 0.6577472170000001, 37.714204097 0.6589588119999999, 37.710118475 0.666890235, 37.699696508 0.662654391, 37.692353066 0.6620825970000001, 37.684189445 0.650276801, 37.682694052 0.646359932, 37.683205232 0.643076783, 37.677746287 0.637838358, 37.672123309 0.637321335, 37.666610958 0.631739201, 37.658344339 0.629548211, 37.652381846 0.630134551, 37.64950932 0.628523819, 37.645541952 0.621431676, 37.639743494 0.619422225, 37.638305323 0.614872352, 37.64157077 0.613778763, 37.642947904 0.6116445700000001, 37.638579985 0.606695977, 37.634490545 0.595633206, 37.632365715 0.594710132, 37.628299165 0.598227507, 37.621814047 0.597710305, 37.612460217 0.594207593, 37.608725552 0.590407897, 37.598170068 0.589600268, 37.593519857 0.58730176, 37.584169843 0.587480262, 37.582960559 0.5848298790000001, 37.583860844 0.571923581, 37.581392684 0.570656678, 37.576521216 0.573142746, 37.568025711 0.569396153, 37.564413119 0.571357926, 37.555463656 0.570677303, 37.551393291 0.571770653, 37.547612849 0.5759210930000001, 37.544629695 0.576037848, 37.539060122 0.5713695519999999, 37.533715621 0.564403998, 37.523625541 0.569023068, 37.514786706 0.566605958, 37.509682537 0.567698951, 37.506993121 0.571795334, 37.503155457 0.574326698, 37.497780438 0.572986726, 37.493221782 0.574269782, 37.490761252 0.576747208, 37.49191713 0.584019043, 37.490860438 0.587672603, 37.476909804 0.586095129, 37.47273644 0.588246428, 37.470848127 0.5912485669999999, 37.465793549 0.588669584, 37.461791849 0.582943578, 37.456176499 0.582933029, 37.447974732 0.577920368, 37.441970275 0.579971659, 37.435958189 0.577021671, 37.429331925 0.581189037, 37.42412857 0.578085521, 37.401789245 0.577301435, 37.395876343 0.575210691, 37.389925293 0.57479296, 37.384184057 0.580307987, 37.372320106 0.585504634, 37.368947844 0.585024324, 37.36384749 0.5876183270000001, 37.362951019 0.597032462, 37.357926959 0.596054258, 37.354383033 0.598223675, 37.353642968 0.608379345, 37.352265835 0.611110068, 37.353501823 0.617413832, 37.343419374 0.635307824, 37.344113664 0.640092043, 37.343144711 0.642370705, 37.331162502 0.647801877, 37.326889956 0.6594393670000001, 37.327462173 0.664739061, 37.320568875 0.675805828, 37.314575864 0.682342091, 37.310074431 0.696737541, 37.305210593 0.701519676, 37.304691785 0.706800834, 37.299766912 0.7195139149999999, 37.292011475 0.728029771, 37.288784176 0.734105568, 37.279067943 0.737972317, 37.273914182 0.742862684, 37.270087963 0.749969074, 37.26632278 0.751785246, 37.265281347 0.754922795, 37.256144961 0.762244042, 37.252272964 0.762242434, 37.246993314 0.760214626, 37.24321287 0.754895801, 37.238825878 0.753709357, 37.234934806 0.748209589, 37.231337472 0.747611331, 37.226763555 0.741876204, 37.219702405 0.737288545, 37.207857527 0.739047145, 37.203554461 0.744235986, 37.1902943 0.74256661, 37.187467551 0.740946819, 37.179269598 0.740997659, 37.175550192 0.743157302, 37.169892879 0.73980913, 37.165456295 0.740865291, 37.163220837 0.743459593, 37.162888953 0.748224919, 37.161191378 0.749797628, 37.152695872 0.750246174, 37.151196667 0.758438107, 37.13558279 0.75699354, 37.132263936 0.761811792, 37.127873129 0.76349172, 37.124474166 0.774576309, 37.116047328 0.779853298, 37.111461967 0.777219841, 37.10902051 0.778665543, 37.108200334 0.782155503, 37.106006839 0.784776803, 37.102523949 0.784847548, 37.099727718 0.784439353, 37.091514505 0.779769744, 37.071010084 0.7766046049999999, 37.071540336 0.768168493, 37.070079277 0.7642254590000001, 37.068332109 0.762976853, 37.062850276 0.764466301, 37.057929217 0.769419129, 37.042902813 0.761952523, 37.018030473 0.754038447, 37.006631922 0.748553818, 36.996618136 0.74948053, 36.991456743 0.7466480720000001, 36.980618965 0.743632167, 36.975346945 0.745754501, 36.973061894 0.745066308, 36.970265663 0.741999862, 36.965195825 0.740153057, 36.944763886 0.7446280790000001, 36.935097246 0.7529868320000001, 36.932213273 0.741331104, 36.928127647 0.739276774, 36.923088328 0.738749977, 36.921119904 0.737094485, 36.915676216 0.724397914, 36.911464703 0.72297647, 36.909835794 0.723798465, 36.904685849 0.735314613, 36.902396983 0.7375647870000001, 36.892970672 0.735498896, 36.887008176 0.730351658, 36.881884931 0.7283782640000001, 36.879065813 0.735980462, 36.8658438 0.736814915, 36.857832775 0.760136685, 36.843241261 0.785018888, 36.843302299 0.792170276, 36.835485824 0.797400778, 36.83352503 0.800347073, 36.831728273 0.813093651, 36.822038746 0.832046789, 36.817628867 0.843806343, 36.815851183 0.853334197, 36.794011593 0.866629332, 36.776383512 0.862180064, 36.756581008 0.85496318, 36.74994711 0.845611562, 36.743412396 0.8331321699999999, 36.736305467 0.824241554, 36.708598745 0.811479069, 36.703391576 0.813374449, 36.688201138 0.814965756, 36.674506091 0.814180358, 36.669947433 0.810390077, 36.499625303 0.810920129, 36.483740575 0.81400136, 36.485293192 0.830741752, 36.490179924 0.8464720529999999, 36.488333573 0.849055866, 36.484213615 0.851457423, 36.481730195 0.851265931, 36.478735597 0.855177677, 36.471033564 0.859393501, 36.470690235 0.862041501, 36.464670518 0.863619217, 36.462446504 0.865859201, 36.462431245 0.867504203, 36.456831154 0.870293277, 36.45058255 0.870912635, 36.445844598 0.869662122, 36.429914094 0.882738468, 36.429376212 0.885151289, 36.426282428 0.88712844, 36.426106949 0.8890443810000001, 36.423699826 0.891383598, 36.42473363 0.892514079, 36.423600642 0.89461013, 36.424764149 0.896002788, 36.419022912 0.9002556819999999, 36.417233782 0.900932255, 36.415791796 0.899123593, 36.41110725 0.897845902, 36.410275629 0.898975072, 36.406365483 0.899324743, 36.403382328 0.898473008, 36.403058072 0.8997923, 36.395382743 0.904124999, 36.396084662 0.906556713, 36.393963647 0.907585458, 36.395233968 0.909240354, 36.392979435 0.910485922, 36.393288433 0.916062517, 36.399117412 0.918597456, 36.421845855 0.937169334, 36.432843858 0.949921335, 36.442918686 0.96519445, 36.447164535 0.977155331, 36.446378693 0.983526744, 36.455400642 0.9968290869999999, 36.456117822 1.006075812, 36.455160315 1.01383005, 36.44503972 1.038270451, 36.443593922 1.046918919, 36.445375424 1.053436947, 36.443498555 1.058044934, 36.44302171 1.065229879, 36.445085505 1.070256968, 36.445054988 1.074468738, 36.440591701 1.08088211, 36.43960749 1.084541752, 36.441579734 1.100568266, 36.446413058 1.109963156, 36.440275088 1.130158293, 36.436551868 1.135044611, 36.436284835 1.139473084, 36.437570417 1.148855936, 36.442071856 1.157880118, 36.44451713 1.166730866, 36.443529105 1.172116745, 36.422841575 1.182184043, 36.418218066 1.181682694, 36.415063245 1.178462182, 36.401608526 1.171436012, 36.395031852 1.170978053, 36.391819811 1.174499782, 36.392357698 1.18547227, 36.398678783 1.190006233, 36.39774798 1.195337757, 36.399067894 1.200282719, 36.396382295 1.215120467, 36.400841771 1.222074881, 36.406506715 1.22560531, 36.412957503 1.228015746, 36.418717815 1.225445461, 36.423890653 1.231623533, 36.423722804 1.234840947, 36.418691116 1.242852777, 36.414655087 1.255285095, 36.411633784 1.254775997, 36.407456602 1.249620174, 36.398591062 1.252376887, 36.394047666 1.259656837, 36.390644886 1.261903854, 36.392235649 1.265701409, 36.39477629 1.266770502, 36.397229193 1.270424302, 36.397873891 1.273389373, 36.40573233 1.271463236, 36.409177074 1.274575755, 36.412534077 1.275266034, 36.419618116 1.270953061, 36.425790422 1.264768191, 36.43256165 1.264422393, 36.445863772 1.252541367, 36.451219717 1.250133311, 36.454534758 1.252088885, 36.455248123 1.256265254, 36.45152872 1.271120645, 36.448576084 1.273675434, 36.442377076 1.283954783, 36.439378662 1.286157101, 36.438001529 1.289626383, 36.438768302 1.298927466, 36.434480494 1.300342119, 36.429910391 1.298285703, 36.424028004 1.292721266, 36.420293338 1.29299757, 36.416825707 1.295533764, 36.407803761 1.296265528, 36.404751941 1.298286903, 36.404664202 1.30255279, 36.396130549 1.307451387, 36.393853129 1.311922774, 36.406750889 1.315190009, 36.41379297 1.327073294, 36.422277034 1.33191765, 36.423692318 1.335769441, 36.424287426 1.345070166, 36.436185715 1.349050688, 36.440549822 1.357090289, 36.445428922 1.361867657, 36.460420995 1.365896691, 36.465147506 1.374994301, 36.467691965 1.384415059, 36.468782995 1.39598545, 36.464701185 1.399704813, 36.461500587 1.397812294, 36.455953902 1.397390451, 36.449522193 1.407831675, 36.446146116 1.409328336, 36.434205865 1.406675928, 36.430497904 1.409437528, 36.428586702 1.41345727, 36.424558298 1.413895685, 36.414441513 1.419777078, 36.396210704 1.440028489, 36.388157711 1.440959077, 36.38210366 1.438683573, 36.358684746 1.4348244, 36.348957066 1.436105434, 36.34061034 1.448910848, 36.325309277 1.465566626, 36.316886252 1.468909322, 36.291754501 1.461486342, 36.289534303 1.466074545, 36.295386176 1.48091158, 36.298808032 1.484720458, 36.299483248 1.488372352, 36.296896833 1.496936313, 36.296366585 1.512307958, 36.297633092 1.515463508, 36.296027072 1.518868424, 36.298441829 1.528631642, 36.297133362 1.531702682, 36.303511673 1.542925966, 36.308737918 1.545815463, 36.327235776 1.564537423, 36.337379269 1.56943971, 36.339641432 1.572000219, 36.340915569 1.576647067, 36.344062757 1.570071819, 36.347831756 1.568874703, 36.360824885 1.569198561, 36.362427092 1.572652943, 36.361400919 1.57585093, 36.361698476 1.587157417, 36.364178081 1.588335458, 36.366253321 1.591401967, 36.370667018 1.592998276, 36.374451274 1.589604922, 36.37738102 1.581058959, 36.371307889 1.564313431, 36.371666475 1.557291546, 36.374928105 1.545700292, 36.38156581 1.531004025, 36.385182218 1.52911055, 36.386780608 1.526048689, 36.387699967 1.520889167, 36.391804666 1.51981876, 36.396805838 1.521026838, 36.405980383 1.540939597, 36.410439862 1.554583333, 36.413781608 1.558961863, 36.420308692 1.564193975, 36.421174648 1.567277052, 36.424886426 1.569369468, 36.427816177 1.577417057, 36.432775389 1.583234674, 36.433057686 1.591667635, 36.434675153 1.596333435, 36.438699744 1.600902683, 36.439416924 1.606697177, 36.441804976 1.612249577, 36.445310757 1.615363169, 36.4495299 1.615910886, 36.456003573 1.609330034, 36.45905158 1.610644439, 36.463068539 1.610495916, 36.465452775 1.612821722, 36.466383582 1.615742332, 36.465483296 1.6186515, 36.468500788 1.627458744, 36.468817417 1.634961, 36.471697576 1.641165061, 36.470507368 1.647463291, 36.471384769 1.65366473, 36.479063917 1.661935816, 36.480490647 1.670460918, 36.486514182 1.678621388, 36.487971436 1.701147349, 36.501746595 1.703922174, 36.502913918 1.706553965, 36.503081771 1.715032341, 36.505103603 1.716255202, 36.507396286 1.721175253, 36.510966921 1.732360872, 36.520793788 1.7381767, 36.520461904 1.742894472, 36.516582278 1.74575465, 36.523620542 1.749280073, 36.528209721 1.755893582, 36.527065289 1.759136983, 36.524135541 1.759331875, 36.521312605 1.756462878, 36.515533221 1.761227498, 36.512469956 1.761928389, 36.518730005 1.764910622, 36.520423768 1.768944192, 36.51819594 1.772149927, 36.517848797 1.77553899, 36.522788934 1.780146382, 36.528118181 1.790186619, 36.528141071 1.792835099, 36.533458872 1.799820269, 36.532543327 1.803190499, 36.527366677 1.805379827, 36.521720807 1.804549609, 36.517555075 1.812362382, 36.515594285 1.822727082, 36.519077175 1.821466434, 36.521503373 1.822581538, 36.523147544 1.826443462, 36.524044018 1.830394665, 36.520900643 1.831782261, 36.524345392 1.844929419, 36.522979703 1.848000698, 36.520336064 1.849867949, 36.515258596 1.84756491, 36.511531565 1.860982176, 36.511768084 1.865709723, 36.515334905 1.876958996, 36.518360022 1.877351993, 36.522136653 1.88081913, 36.524639146 1.881310824, 36.526794497 1.886972174, 36.538818676 1.893958415, 36.538837754 1.903349737, 36.537109662 1.907044188, 36.539387084 1.909081177, 36.538742389 1.91285859, 36.541225813 1.922280664, 36.540539162 1.940592356, 36.539203992 1.944404813, 36.540344615 1.954584279, 36.539818178 1.958199105, 36.53798327 1.9582506, 36.531395149 1.953188107, 36.531124301 1.956062111, 36.531845296 1.960121548, 36.538936969 1.967164292, 36.544247146 1.984346095, 36.544334888 1.990230587, 36.541523404 2.001958806, 36.542656394 2.004753543, 36.547535493 2.005366461, 36.54941618 2.009825453, 36.548443415 2.016530868, 36.546001961 2.020811778, 36.549885404 2.022616448, 36.54742869 2.025703939, 36.547661392 2.028940189, 36.549828186 2.02948588, 36.553311078 2.032944077, 36.557083898 2.045306193, 36.561577705 2.04669605, 36.568696081 2.052301971, 36.570462324 2.056254844, 36.567383808 2.072212957, 36.567635592 2.088519844, 36.565098769 2.094852168, 36.564377779 2.100636176, 36.577294617 2.111648003, 36.580876695 2.117275858, 36.584466408 2.132982459, 36.588529149 2.142064222, 36.597371803 2.146019476, 36.605894018 2.154818973, 36.613264165 2.154098531, 36.618120377 2.156872287, 36.643164386 2.163510461, 36.655562412 2.169360261, 36.664702621 2.178441306, 36.679973176 2.189186365, 36.687141142 2.192198518, 36.701377889 2.195646934, 36.70251851 2.200756276, 36.700763716 2.207361566, 36.700904867 2.213924897, 36.71192576 2.222177509, 36.710624927 2.234071893, 36.713573756 2.245656835, 36.712604806 2.251440844, 36.707790563 2.259840319, 36.718479569 2.265832919, 36.722294348 2.269671838, 36.723347231 2.278650377, 36.722458392 2.285410864, 36.7242399 2.298910381, 36.612547097 2.352293689, 36.604337702 2.357431884, 36.602395987 2.368655419, 36.602495187 2.395041059, 36.615156432 2.399131006, 36.617597892 2.403962376, 36.61669761 2.412873452, 36.617296531 2.414619239, 36.619985948 2.415238596, 36.624781121 2.413421047, 36.631193755 2.404772683, 36.635424344 2.408938207, 36.635088638 2.39856027, 36.636793841 2.396348651, 36.639159008 2.405491686, 36.639189531 2.413446309, 36.640738332 2.417092127, 36.642512201 2.41391309, 36.645605987 2.417534352, 36.652621362 2.42014099, 36.65909886 2.433910611, 36.668956251 2.44780372, 36.680190773 2.458662022, 36.684722727 2.45863365, 36.687965285 2.455575003, 36.693008419 2.454453814, 36.695896206 2.456700713, 36.693866751 2.467608134, 36.698562747 2.477957938, 36.697174173 2.485196415, 36.697921875 2.494834365, 36.695827574 2.512602879, 36.698925173 2.512771186, 36.703033685 2.511006562, 36.705028812 2.508506005, 36.711918298 2.508509099, 36.723900512 2.512878449, 36.728386689 2.512380195, 36.739525837 2.515572574, 36.744012014 2.515019965, 36.753739694 2.516980543))",Samburu,Samburu,1127998446,159.97310000000007,4745.446799999997,219851918248,0.0,4.0,0.0,0.0,4.0,60.0,51.66666666666666,0.6666666666666666,1.3180739131701644,3.3333333333333335,5.000000000000001,2.528942648835352,0,0,1,1,,,0.0,0.0,0.0,0.0,,0,0,0,0,,,0.0,0.0,0.0,0.0,,0,0,0,0,,,0.0,0.0,0.0,0.0,,0,0,0,0,60.0,51.66666666666666,0.6666666666666666,1.3180739131701644,3.3333333333333335,5.000000000000001,2.528942648835352,0,0,1,1,,,,,,,,,,,,,,,,,,,,
14,24227781,2021-07-01,Kenya,Kenya_2021-07,54986000,764885,38244.0,0.05,2.0,0.65,0.3,0.05,0.0,0.0,0.6,0.35,0.05,0.0,0.0,,,,,,Meru,"POLYGON ((38.13339443 0.459244967, 38.177779321 0.328312718, 38.197108784 0.320950502, 38.197459736 0.225727683, 38.198722427 0.223728483, 38.203937224 0.223665442, 38.222740247 0.214737582, 38.229622101 0.214330846, 38.241997229 0.203502767, 38.246071409 0.202634494, 38.247673614 0.200445307, 38.258622017 0.193588509, 38.263260782 0.188920676, 38.266121863 0.181439263, 38.271279438 0.177694191, 38.28427256 0.173804665, 38.288472627 0.165074825, 38.297712011 0.158851062, 38.304620567 0.138568671, 38.3063334 0.130046759, 38.306264734 0.118059922, 38.30861082 0.111265928, 38.311132386 0.107864439, 38.318639862 0.106019087, 38.321443721 0.096800571, 38.329298342 0.093860545, 38.329237305 0.090350421, 38.326723369 0.08742828900000001, 38.327165883 0.08512138599999999, 38.324262839 0.078806735, 38.324293357 0.074663347, 38.3293136 0.07026672, 38.338766612 0.06854797999999999, 38.340418409 0.066865313, 38.339754638 0.061292517, 38.340830405 0.05932939, 38.344496403 0.058497138, 38.34920765 0.059745647, 38.347960218 0.052788683, 38.344412478 0.044863696, 38.344919843 0.042900558, 38.354643703 0.038883889, 38.357207231 0.036278442, 38.35579195 0.029837135, 38.35620776 0.022699243, 38.362242734 0.015706119, 38.365962139 0.014186274, 38.370959493 0.006225117, 38.375075635 0.004126267, 38.377963419 -0.004287253, 38.393626884 -0.010068179, 38.3924176 -0.012194181, 38.393733697 -0.014953466, 38.400104371 -0.017260424, 38.400676587 -0.018988371, 38.398887458 -0.023647485, 38.400836807 -0.026750559, 38.403934404 -0.026813901, 38.405425981 -0.028143793, 38.404617249 -0.03089403, 38.40620801 -0.044581919, 38.409015684 -0.046952213, 38.408206952 -0.050860448, 38.410327967 -0.052868867, 38.408199322 -0.057066587, 38.411235883 -0.060178736, 38.408817316 -0.06563396000000001, 38.41306316 -0.067425284, 38.417656149 -0.06731677599999999, 38.425602324 -0.073468742, 38.41923165 -0.072862528, 38.416816898 -0.07583891, 38.405406908 -0.078833268, 38.396697778 -0.076155286, 38.393626884 -0.07632713300000001, 38.391017579 -0.084414952, 38.386676365 -0.088947344, 38.38279674 -0.08977958900000001, 38.381293719 -0.08937245100000001, 38.378913299 -0.084803778, 38.368891886 -0.08151964, 38.351134111 -0.067659741, 38.345472985 -0.064927553, 38.338644539 -0.065226012, 38.332083127 -0.07100677900000001, 38.326811108 -0.06915213100000001, 38.323572365 -0.069767263, 38.324812166 -0.066772822, 38.318872562 -0.060250074, 38.313154215 -0.056043298, 38.304750267 -0.054387663, 38.300611236 -0.052306888, 38.302861953 -0.049828127, 38.302648326 -0.045621425, 38.298646627 -0.043169745, 38.297803562 -0.039062559, 38.294480893 -0.03852878, 38.29242473 -0.036393758, 38.289826868 -0.029337361, 38.287064971 -0.02661431, 38.282883978 -0.024180745, 38.279832159 -0.024542597, 38.276139457 -0.022145228, 38.269772598 -0.021801429, 38.266388893 -0.019250276, 38.254078615 -0.01688003, 38.250179916 -0.017404718, 38.248280158 -0.023701111, 38.245880665 -0.023547309, 38.242798327 -0.019159722, 38.238716518 -0.017205655, 38.237755194 -0.012836178, 38.232280993 -0.012257188, 38.23080849 -0.010990673, 38.229412282 -0.000740971, 38.221988731 0.001357813, 38.22327431 0.006867133, 38.220027937 0.010521909, 38.212573867 0.010874697, 38.208350911 0.015144616, 38.192305969 0.011444554, 38.182921623 0.015470174, 38.180144467 0.019251558, 38.175898623 0.021938314, 38.162585059 0.023892245, 38.159960494 0.02584624, 38.158472732 0.029229566, 38.154734253 0.030839783, 38.137998836 0.0450152, 38.128973079 0.048452672, 38.124921789 0.047168046, 38.122964809 0.048497822, 38.121526639 0.046254326, 38.120378392 0.046353819, 38.117765271 0.047873557, 38.115632812 0.052658994, 38.111997332 0.05171813, 38.110200573 0.047927729, 38.107316603 0.047050208, 38.105687694 0.044218715, 38.101022225 0.046706364, 38.096276645 0.045376506, 38.094697328 0.040989081, 38.089310866 0.039179776, 38.082787601 0.025547123, 38.081238802 0.027428712, 38.074612539 0.030431976, 38.074055581 0.029536403, 38.075680675 0.028152358, 38.073342218 0.02795332, 38.074215802 0.025583238, 38.072636485 0.024380089, 38.073136221 0.023249324, 38.070961799 0.024009183, 38.070122548 0.021584812, 38.068199902 0.024190086, 38.066532845 0.022787923, 38.063351323 0.024958967, 38.061485898 0.021973735, 38.058968147 0.021566644, 38.053989866 0.023800994, 38.054695599 0.02488653, 38.051922258 0.026731911, 38.050491717 0.02249833, 38.046745608 0.025691568, 38.04493359 0.024533656, 38.045318883 0.022027896, 38.043197868 0.025745814, 38.040424526 0.027175067, 38.039924791 0.030087894, 38.038341659 0.030250708, 38.035827723 0.034429957, 38.033886002 0.03515362, 38.033714338 0.036899503, 38.034935066 0.037369913, 38.03393178 0.041178283, 38.030441261 0.043756356, 38.027019408 0.0498081, 38.024738173 0.047863169, 38.024040069 0.049645226, 38.020999693 0.04995274, 38.019420376 0.056049723, 38.017337509 0.057343263, 38.015021941 0.056239611, 38.011298721 0.060310236, 38.008609305 0.060337324, 38.00580163 0.062128366, 38.005652854 0.060056842, 38.001304011 0.059595413, 38.0002168 0.062282042, 37.99521563 0.062933247, 37.987334305 0.061494788, 37.980391415 0.062227368, 37.977938515 0.064823484, 37.978075846 0.062543922, 37.965052205 0.062136591, 37.960451586 0.050268356, 37.957640097 0.050774876, 37.95707551 0.049843149, 37.953871099 0.050729584, 37.954267836 0.054194137, 37.951151165 0.055216258, 37.949655773 0.057839514, 37.950239434 0.061620677, 37.947790348 0.062543297, 37.931699627 0.054103263, 37.910558144 0.014301831, 37.897988461 -0.005779588, 37.890576353 -0.043798358, 37.88970277 -0.059999063, 37.869415797 -0.09505021399999999, 37.864509997 -0.111232543, 37.858021065 -0.125279995, 37.832519294 -0.144527599, 37.807067116 -0.160274258, 37.798342726 -0.168966326, 37.798831017 -0.170938228, 37.788359459 -0.170168727, 37.785906559 -0.166649954, 37.778746226 -0.161774121, 37.77417994 -0.161963796, 37.770586422 -0.159313325, 37.766687721 -0.160154302, 37.756979119 -0.175874274, 37.753126197 -0.186266918, 37.749311422 -0.188509849, 37.749414421 -0.190128953, 37.747129371 -0.191684555, 37.744974023 -0.190589924, 37.742238829 -0.193348493, 37.737462731 -0.194777282, 37.73273241 -0.201452211, 37.724046167 -0.203893712, 37.72331373 -0.205566992, 37.709313505 -0.204516645, 37.697377074 -0.205962882, 37.694866952 -0.207418923, 37.688057578 -0.206622408, 37.684082583 -0.210348602, 37.677174025 -0.209099818, 37.671604453 -0.20994957, 37.667728641 -0.20863773, 37.667816382 -0.217863509, 37.660598827 -0.216515194, 37.658649477 -0.218875729, 37.65460963 -0.215058453, 37.651191591 -0.216143533, 37.64366504 -0.215292649, 37.641746208 -0.214207108, 37.639629007 -0.209973978, 37.63388777 -0.210823685, 37.632247417 -0.209285934, 37.628898044 -0.209095693, 37.627917647 -0.207395206, 37.623549729 -0.20776566, 37.621619453 -0.202890408, 37.617186684 -0.201352433, 37.613524499 -0.19625997, 37.606013207 -0.197281398, 37.602122136 -0.196539417, 37.597708441 -0.192722231, 37.594366698 -0.192758125, 37.591452209 -0.189538019, 37.589987335 -0.185594467, 37.579576814 -0.183694293, 37.577036173 -0.182084158, 37.573404507 -0.184299777, 37.570253503 -0.183738769, 37.564092641 -0.186768187, 37.550164896 -0.182425723, 37.533925397 -0.184007176, 37.525918184 -0.186918796, 37.500858925 -0.186075587, 37.309170271 -0.152805919, 37.167966349 -0.060649571, 37.161542267 -0.054111526, 37.151131744 -0.051497913, 37.146241201 -0.043992448, 37.137280293 -0.042002881, 37.133679145 -0.03449752, 37.134236102 -0.02947894, 37.126667587 -0.02810437, 37.124374907 -0.023329918, 37.118149193 -0.020210208, 37.116199842 -0.01339221, 37.111454261 -0.011927313, 37.109585021 -0.003888628, 37.107433488 -0.002622696, 37.101829582 0.006184541, 37.101169626 0.009656794999999999, 37.099296571 0.010904622, 37.098213175 0.010280693, 37.097705809 0.01270403, 37.093829997 0.015597531, 37.094009292 0.018210756, 37.088104019 0.019992009, 37.092693194 0.02618604, 37.102676462 0.029341986, 37.104221447 0.0329047, 37.109710909 0.036322833, 37.123409769 0.036540161, 37.125950409 0.034975873, 37.138615465 0.040067089, 37.15017042 0.04229185, 37.152966651 0.049209514, 37.179193234 0.051814589, 37.188680581 0.054581968, 37.198396815 0.059619135, 37.199865503 0.061780423, 37.202314589 0.059103828, 37.202375626 0.063498656, 37.203943499 0.065614745, 37.208536488 0.065397885, 37.215277197 0.070371747, 37.220057111 0.070435235, 37.233027348 0.078692014, 37.235564175 0.101842254, 37.241305412 0.103316593, 37.24814912 0.107205508, 37.252932848 0.094436933, 37.26072262 0.105542314, 37.262233271 0.109883112, 37.282035772 0.127590958, 37.28121941 0.134807408, 37.28318402 0.148915016, 37.290554167 0.15803124, 37.303150556 0.167835284, 37.30657241 0.172963166, 37.313240638 0.1745102, 37.315117507 0.178154848, 37.324375968 0.180217625, 37.333767945 0.177568762, 37.337021949 0.180526289, 37.341191498 0.180770855, 37.341180054 0.186169824, 37.337147837 0.190790665, 37.345097829 0.190845719, 37.349263564 0.192709092, 37.348855384 0.204040638, 37.35180802 0.208635076, 37.352254349 0.21209881, 37.355805905 0.216512468, 37.355699092 0.223765409, 37.358907318 0.229680285, 37.357472963 0.235232886, 37.364484521 0.236038609, 37.36382838 0.241374269, 37.366990829 0.24428671, 37.367025162 0.247985549, 37.363523198 0.253347999, 37.366395724 0.254940046, 37.36503385 0.25762583, 37.36638428 0.259299052, 37.373041064 0.260864487, 37.374116831 0.267475543, 37.388620608 0.273175056, 37.400816445 0.281967268, 37.399969566 0.292557414, 37.429118265 0.294451777, 37.470134729 0.277744114, 37.537003926 0.262485817, 37.540685184 0.268536966, 37.544416035 0.270717109, 37.547116896 0.274805504, 37.548619918 0.280910681, 37.546678198 0.286436552, 37.549615575 0.294730663, 37.550489159 0.301984408, 37.550206866 0.304173134, 37.548143073 0.305728498, 37.547578487 0.310919898, 37.555753551 0.326368939, 37.581777948 0.325965687, 37.604933637 0.35390788, 37.599470883 0.400269726, 37.585791099 0.400321609, 37.582968166 0.412920164, 37.581224817 0.438280756, 37.582445546 0.446339689, 37.580847156 0.451178202, 37.582930024 0.463162646, 37.586554061 0.467993172, 37.587255981 0.478358391, 37.827449496 0.560382907, 38.06309579 0.666627222, 38.13339443 0.459244967))",Meru,Meru,1063323360,24.002,4612.3403,209885074196,0.0,0.0,0.0,0.0,0.0,39.99999999999999,50.0,0.25,0.46430562148753934,-0.25,-1.0,-0.5384384518090727,0,0,0,0,,,0.0,0.0,0.0,0.0,,0,0,0,0,,,0.0,0.0,0.0,0.0,,0,0,0,0,,,0.0,0.0,0.0,0.0,,0,0,0,0,39.99999999999999,50.0,0.25,0.46430562148753834,-0.25,-1.0,-0.5384384518090739,0,0,0,0,15.75,67.72959183673473,48.28713895284608,6.661666666666661,10.606490552856132,9.088333333333338,1.3642732049036796,0.8568652645323875,0.0,0.0,0.0,0.0,0.22194361091156953,0.0,0.0,0.0,0.0,0.4743942731277536,0.1631070217716555,0.22194361091156953
15,24227781,2021-07-01,Kenya,Kenya_2021-07,54986000,143920,14392.0,0.1,2.0,0.35,0.55,0.1,0.0,0.0,0.4,0.4,0.15,0.05,0.0,,,,,,Lamu county,"MULTIPOLYGON (((40.999132823 -2.093762259, 40.999262527 -2.095498025, 40.996973663 -2.094723475, 40.995409608 -2.09733845, 40.996138232 -2.101451507, 40.99447499 -2.099003413, 40.992773602 -2.099647562, 40.995485902 -2.093830204, 40.999132823 -2.093762259)), ((41.134038415 -2.094858328, 41.137765447 -2.095956143, 41.133794271 -2.098438808, 41.135983953 -2.102341599, 41.135056965 -2.105507031, 41.1400238 -2.109523535, 41.144414602 -2.10887557, 41.146661501 -2.106259642, 41.151227783 -2.107591324, 41.152189108 -2.110971073, 41.155145557 -2.112431727, 41.15437879 -2.1162661, 41.151296455 -2.118060514, 41.149545475 -2.117014192, 41.142110485 -2.11857045, 41.128972408 -2.11257645, 41.125573443 -2.107445917, 41.131055268 -2.102438629, 41.132909244 -2.097490705, 41.132306508 -2.094381536, 41.133946859 -2.09359268, 41.134038415 -2.094858328)), ((41.11229801 -2.058796074, 41.109211858 -2.05653989, 41.109764999 -2.053546581, 41.111847864 -2.053254543, 41.113118184 -2.054844172, 41.113595032 -2.057320636, 41.11229801 -2.058796074)), ((41.107178584 -2.05521369, 41.104218321 -2.055416567, 41.103810139 -2.052334098, 41.105934967 -2.05196053, 41.107178584 -2.05521369)), ((40.971986883 -2.052168249, 40.974275747 -2.052852685, 40.972700247 -2.054364598, 40.970945451 -2.053408389, 40.968626071 -2.055165374, 40.96679498 -2.054851169, 40.965978617 -2.051443288, 40.968584102 -2.043727339, 40.971216296 -2.045921303, 40.971986883 -2.052168249)), ((41.240584959 -2.043260643, 41.239822005 -2.043415601, 41.241668353 -2.041939448, 41.241653095 -2.042897564, 41.240584959 -2.043260643)), ((41.242915783 -2.041539894, 41.242862376 -2.040400835, 41.24503298 -2.039204559, 41.244727799 -2.040090918, 41.242915783 -2.041539894)), ((41.248599792 -2.038946373, 41.248176352 -2.038820262, 41.249049934 -2.038059776, 41.249210155 -2.038529656, 41.248599792 -2.038946373)), ((41.041579755 -2.031529254, 41.04075195 -2.031910212, 41.043525287 -2.02793733, 41.044227205 -2.029030617, 41.041579755 -2.031529254)), ((41.059642692 -2.018513976, 41.058765295 -2.018053871, 41.060371312 -2.015827722, 41.06216044 -2.015653691, 41.059642692 -2.018513976)), ((41.069248287 -2.01776016, 41.06960306 -2.016014858, 41.073196575 -2.014672206, 41.072475583 -2.015758103, 41.069248287 -2.01776016)), ((41.048698188 -2.152159643, 41.055488483 -2.153542817, 41.060916906 -2.157911433, 41.061164868 -2.16156367, 41.058994265 -2.164676893, 41.053413255 -2.166673707, 41.047408803 -2.164530048, 41.042712816 -2.160883535, 41.041888825 -2.159320607, 41.04302181 -2.156335403, 41.048698188 -2.152159643)), ((41.024024237 -2.141442297, 41.028083156 -2.144411525, 41.025832443 -2.147560985, 41.021308122 -2.144565295, 41.020014915 -2.146266733, 41.01925196 -2.144576978, 41.022036741 -2.14067633, 41.024024237 -2.141442297)), ((40.985296675 -2.144522167, 40.987383356 -2.146029548, 40.988111977 -2.145269062, 40.988848229 -2.147230112, 40.989763774 -2.1465688, 40.989641703 -2.149860104, 40.980284071 -2.155830993, 40.976267116 -2.155528709, 40.975954304 -2.153639415, 40.978151612 -2.152687257, 40.97917397 -2.15029876, 40.978151609 -2.146665357, 40.984014911 -2.143737127, 40.985296675 -2.144522167)), ((41.087238774 -2.058114989, 41.091404504 -2.056771383, 41.096947368 -2.058536231, 41.099098902 -2.062203962, 41.098980641 -2.058126664, 41.096481964 -2.054775761, 41.102959446 -2.054730939, 41.104534948 -2.056736093, 41.107674506 -2.057292509, 41.109333934 -2.061657075, 41.111348134 -2.062549392, 41.11396507 -2.067970531, 41.115967826 -2.068302378, 41.118043063 -2.071454935, 41.120587516 -2.070773358, 41.115140017 -2.063367091, 41.119935185 -2.061697119, 41.121030026 -2.064200045, 41.124325989 -2.065334812, 41.126309672 -2.067945016, 41.127930952 -2.072499345, 41.129159308 -2.071620853, 41.129437788 -2.073256731, 41.133214412 -2.0739569, 41.132344645 -2.075766331, 41.127106964 -2.076243366, 41.127133668 -2.077265134, 41.137650993 -2.07697047, 41.14327015 -2.074024598, 41.140142037 -2.072745125, 41.138059169 -2.067730214, 41.135003536 -2.067218855, 41.135991561 -2.065074953, 41.140119145 -2.067483234, 41.143426555 -2.071845414, 41.155809305 -2.074106838, 41.161718388 -2.076557791, 41.163625775 -2.078697877, 41.164632879 -2.085422808, 41.163793629 -2.086183294, 41.162332571 -2.084955791, 41.158708543 -2.094218696, 41.151407074 -2.100855664, 41.152253952 -2.098422348, 41.150853929 -2.095938256, 41.15190299 -2.093414349, 41.149057171 -2.09437652, 41.14576884 -2.099426002, 41.13725427 -2.099961923, 41.138242295 -2.097673314, 41.141328445 -2.097515255, 41.13689186 -2.087052027, 41.131699954 -2.085838591, 41.131032369 -2.084266366, 41.126218127 -2.084932925, 41.122517797 -2.082750168, 41.119195131 -2.083839404, 41.116826157 -2.082115797, 41.116250127 -2.083210515, 41.112332357 -2.082989762, 41.106385133 -2.09199377, 41.104279379 -2.09281028, 41.104645599 -2.095522042, 41.101437375 -2.094712687, 41.095101044 -2.102433406, 41.099171408 -2.106839928, 41.103760578 -2.107475491, 41.107243467 -2.110246373, 41.107083248 -2.113447325, 41.104962235 -2.113703365, 41.108670194 -2.114954945, 41.109887109 -2.119274931, 41.107590617 -2.121050034, 41.10740751 -2.123644982, 41.106629296 -2.122750995, 41.105908304 -2.123927483, 41.107449474 -2.126637575, 41.105328462 -2.127969499, 41.106923037 -2.129251118, 41.109654413 -2.128831539, 41.111630467 -2.13282492, 41.11340052 -2.130218767, 41.114201625 -2.135009347, 41.111847913 -2.139460692, 41.108509989 -2.141553816, 41.100098418 -2.143473153, 41.092892314 -2.143067168, 41.089901532 -2.140322747, 41.084084005 -2.140547797, 41.078422883 -2.139045663, 41.080280673 -2.133021616, 41.079838161 -2.1365301, 41.08210032 -2.134791233, 41.082935756 -2.136119102, 41.081955361 -2.138199829, 41.083244754 -2.138948633, 41.085556506 -2.139939885, 41.087193042 -2.138156676, 41.088703693 -2.13915818, 41.089798532 -2.138406276, 41.090088453 -2.135521676, 41.085041509 -2.135275415, 41.084251851 -2.133875074, 41.085117803 -2.132490704, 41.083111233 -2.131815327, 41.08499191 -2.122572687, 41.093186039 -2.120681004, 41.092796929 -2.115374294, 41.089718409 -2.116888353, 41.08998926 -2.120703415, 41.087776693 -2.121917809, 41.082828933 -2.120866721, 41.079319341 -2.116079718, 41.076229376 -2.116762011, 41.07516887 -2.11802909, 41.077656101 -2.118170458, 41.075817383 -2.12122885, 41.080273037 -2.122298772, 41.079758045 -2.125499963, 41.077652291 -2.126407063, 41.077240295 -2.124246713, 41.073055491 -2.126386087, 41.071968281 -2.125655163, 41.067962773 -2.130262658, 41.064125114 -2.13179579, 41.07426859 -2.129232304, 41.07764085 -2.132310957, 41.069996048 -2.133442392, 41.062297841 -2.136463598, 41.058319035 -2.139705795, 41.055862322 -2.139510073, 41.052860095 -2.136973534, 41.049297098 -2.136743245, 41.049247505 -2.13467277, 41.054267745 -2.135289976, 41.054935327 -2.129773715, 41.059551196 -2.12162126, 41.058914129 -2.120953273, 41.054355479 -2.125154541, 41.05281431 -2.123302915, 41.053928221 -2.119694065, 41.052268793 -2.115528084, 41.054111327 -2.114639578, 41.054668281 -2.109937442, 41.057807836 -2.106072553, 41.057170768 -2.10357797, 41.051852982 -2.113846911, 41.044707915 -2.114435039, 41.045589127 -2.11404526, 41.037291998 -2.113124816, 41.030867924 -2.116541997, 41.028098403 -2.122458766, 41.024043302 -2.125565316, 41.021845993 -2.12520653, 41.014533078 -2.128552432, 41.010317754 -2.126885327, 41.006911165 -2.131627515, 41.016715133 -2.13839583, 41.017005056 -2.139887478, 41.01388839 -2.143101305, 41.007967864 -2.143787176, 40.99580637 -2.14241974, 40.993376359 -2.138987068, 40.984663418 -2.135924391, 40.98564381 -2.129204941, 40.983755494 -2.121540012, 40.978960326 -2.12191692, 40.975900877 -2.119832142, 40.974817483 -2.120764989, 40.970052831 -2.118727654, 40.972345504 -2.109284998, 40.988157731 -2.104092947, 40.992521827 -2.09976533, 40.995211242 -2.101009759, 40.996176381 -2.103341278, 40.994711511 -2.108786259, 40.995844501 -2.113658133, 41.000609154 -2.117413355, 41.000456561 -2.114520173, 41.002112172 -2.115069676, 41.005457731 -2.121068927, 41.006583088 -2.120217612, 41.005194507 -2.113790676, 41.0030239 -2.110429999, 41.004771065 -2.109306673, 41.004229365 -2.104886084, 41.006354191 -2.10132086, 41.013365742 -2.101592151, 41.020587107 -2.105271562, 41.025832415 -2.099405808, 41.028598124 -2.098877758, 41.030509324 -2.09655172, 41.04482616 -2.092536635, 41.043559654 -2.088587356, 41.048274712 -2.089349508, 41.049358109 -2.092639143, 41.049819695 -2.089718306, 41.054370718 -2.090272814, 41.060924498 -2.093808472, 41.061275459 -2.097605416, 41.058113017 -2.103178894, 41.060790985 -2.101077902, 41.063182848 -2.10211445, 41.064674425 -2.104707251, 41.066597069 -2.103538391, 41.068214533 -2.104105774, 41.068519714 -2.102631767, 41.072464188 -2.102364284, 41.071712677 -2.10054794, 41.066711511 -2.100464266, 41.064491312 -2.098143475, 41.063144694 -2.091508896, 41.060394241 -2.08761588, 41.065784513 -2.086623193, 41.069187288 -2.083354772, 41.075771583 -2.082161593, 41.078731845 -2.079273654, 41.080677376 -2.074940316, 41.079235391 -2.074101399, 41.081276294 -2.073990305, 41.083309566 -2.070126847, 41.082821274 -2.068445912, 41.077488222 -2.066201649, 41.081886652 -2.064505216, 41.080929144 -2.06335829, 41.083111192 -2.0614206, 41.08237494 -2.057949545, 41.085094869 -2.052313369, 41.087238774 -2.058114989)), ((40.784063755 -2.339172941, 40.786463249 -2.342994915, 40.785791852 -2.346395883, 40.784948786 -2.344534005, 40.783987465 -2.347456034, 40.783117692 -2.339852373, 40.781935114 -2.341409104, 40.780767793 -2.34067818, 40.781729115 -2.339410863, 40.778715443 -2.336973259, 40.784063755 -2.339172941)), ((40.746087649 -2.259606643, 40.749116578 -2.259422122, 40.750058827 -2.260696114, 40.750917153 -2.264664941, 40.749597243 -2.265932497, 40.74567184 -2.26203972, 40.743623308 -2.263452937, 40.742585689 -2.261943887, 40.743093052 -2.259465514, 40.746087649 -2.259606643)), ((40.722771762 -2.261334795, 40.721287815 -2.260739758, 40.721905807 -2.257872322, 40.723752158 -2.260248421, 40.722771762 -2.261334795)), ((40.89210949 -2.251176369, 40.895210903 -2.257836455, 40.90100173 -2.26263037, 40.904862287 -2.275202932, 40.912613911 -2.285925532, 40.916031951 -2.293760437, 40.914097865 -2.299586137, 40.910462389 -2.300956444, 40.900761421 -2.297822726, 40.884846193 -2.297798658, 40.863483473 -2.304509299, 40.848117577 -2.313291366, 40.825053478 -2.333992794, 40.819239767 -2.336812553, 40.815100739 -2.335805092, 40.815417354 -2.317755603, 40.814116511 -2.31002583, 40.815333423 -2.308505335, 40.813307776 -2.304285, 40.81382658 -2.296815078, 40.819850097 -2.283442451, 40.82221907 -2.281874991, 40.825022928 -2.282992832, 40.827384269 -2.278920538, 40.829692207 -2.279794737, 40.83091675 -2.282126256, 40.833041578 -2.281418217, 40.83393805 -2.282601617, 40.844585079 -2.28295849, 40.846042321 -2.281781286, 40.84630554 -2.280876571, 40.841674407 -2.28147042, 40.841601925 -2.27968912, 40.843448275 -2.279542028, 40.843875528 -2.278040367, 40.842391581 -2.276532271, 40.83930543 -2.276147262, 40.839015507 -2.274447732, 40.837100491 -2.273618351, 40.838763731 -2.272820437, 40.835570765 -2.271052251, 40.837356078 -2.2704441, 40.837874885 -2.267034312, 40.841929988 -2.267942362, 40.84004549 -2.266696979, 40.843970888 -2.2619176, 40.850093597 -2.261755963, 40.851257101 -2.259322171, 40.853401004 -2.260829313, 40.855907309 -2.260256444, 40.858829425 -2.262377696, 40.860778772 -2.259978948, 40.867263886 -2.262258254, 40.8672677 -2.260124365, 40.86969008 -2.260148442, 40.869209417 -2.257481499, 40.87049118 -2.256530295, 40.871338062 -2.26044453, 40.873916847 -2.260025427, 40.875679269 -2.25482361, 40.876648224 -2.259678081, 40.878048245 -2.260083354, 40.879871705 -2.258353785, 40.87999759 -2.253723884, 40.886116484 -2.25262201, 40.8865857 -2.251138467, 40.887341025 -2.252050573, 40.887974275 -2.248423844, 40.89210949 -2.251176369)), ((40.75664695 -2.279180912, 40.757394646 -2.279650076, 40.75784479 -2.28140396, 40.754258903 -2.279527304, 40.75664695 -2.279180912)), ((40.761545123 -2.287503337, 40.761426865 -2.288308164, 40.760217582 -2.287414416, 40.760785981 -2.284375334, 40.761545123 -2.287503337)), ((40.796438845 -2.290769349, 40.797915162 -2.289736614, 40.798762042 -2.290829901, 40.794111836 -2.292797868, 40.792727072 -2.291217299, 40.79517997 -2.289414542, 40.796438845 -2.290769349)), ((40.804991555 -2.274744081, 40.804064565 -2.275134098, 40.806765422 -2.272246159, 40.806425908 -2.273313461, 40.804991555 -2.274744081)), ((40.79127745 -2.27724797, 40.79220444 -2.276641011, 40.792833878 -2.277607709, 40.792418069 -2.280411493, 40.789312846 -2.283101086, 40.788202751 -2.287985596, 40.786966765 -2.28795103, 40.785387451 -2.291533894, 40.778124124 -2.290774367, 40.779833142 -2.290211512, 40.784002684 -2.283360942, 40.787321535 -2.282443589, 40.787603826 -2.279404747, 40.789144994 -2.278652366, 40.788603294 -2.275623536, 40.79127745 -2.27724797)), ((40.760248095 -2.278470964, 40.761739671 -2.278686235, 40.761590897 -2.281914842, 40.758771779 -2.280100645, 40.758916739 -2.278644518, 40.760248095 -2.278470964)), ((40.973016973 -2.225679318, 40.975469872 -2.22755669, 40.97643883 -2.237817759, 40.986059694 -2.252425271, 40.985067856 -2.25569965, 40.985666777 -2.26011118, 40.989821065 -2.261235694, 40.978647604 -2.271178988, 40.970907439 -2.283567752, 40.969637124 -2.289148381, 40.970854038 -2.291479423, 40.968828394 -2.291744521, 40.96566595 -2.294886353, 40.961092042 -2.300995985, 40.961275153 -2.303988579, 40.959569952 -2.307851798, 40.950696798 -2.316272927, 40.929372227 -2.322740166, 40.924504578 -2.322195194, 40.915581824 -2.318464053, 40.912751259 -2.311993731, 40.913422657 -2.309669125, 40.915188894 -2.306257668, 40.92048761 -2.302787562, 40.924012453 -2.292465699, 40.923005361 -2.304483991, 40.925183595 -2.303070536, 40.927846306 -2.303636488, 40.927247386 -2.301620845, 40.924840265 -2.302067363, 40.924851706 -2.297799348, 40.928346033 -2.290913734, 40.929601093 -2.291110888, 40.927708968 -2.293871284, 40.928365111 -2.296592105, 40.931409299 -2.296334634, 40.933835492 -2.293220934, 40.938523846 -2.292202023, 40.943605125 -2.296923943, 40.946729423 -2.297000943, 40.947675488 -2.29889858, 40.952504987 -2.296079775, 40.951974735 -2.298223438, 40.953267943 -2.298276123, 40.953275572 -2.297209059, 40.954194933 -2.298989167, 40.955232551 -2.298273261, 40.956739387 -2.299790178, 40.95749471 -2.296859567, 40.956628756 -2.296381582, 40.960454971 -2.293898917, 40.963476267 -2.28880414, 40.964872469 -2.281677271, 40.955350803 -2.289846177, 40.953042866 -2.28926163, 40.951783989 -2.285999172, 40.948789393 -2.286382993, 40.944482514 -2.282889531, 40.934121595 -2.286339614, 40.928262103 -2.282938651, 40.915486419 -2.262258462, 40.91159535 -2.258881814, 40.911290167 -2.257046637, 40.909237821 -2.258785504, 40.908440533 -2.257936573, 40.910057995 -2.256767952, 40.909363704 -2.251813831, 40.905785445 -2.247550586, 40.905869367 -2.243038452, 40.902920545 -2.238132488, 40.902817539 -2.22631445, 40.904736369 -2.224548883, 40.908203998 -2.226406944, 40.911728847 -2.226004528, 40.917615042 -2.229251964, 40.923978086 -2.236477287, 40.925179738 -2.235363497, 40.924271822 -2.233646803, 40.925793916 -2.233699011, 40.929490434 -2.241036382, 40.933000023 -2.239404077, 40.93274062 -2.240561732, 40.938882403 -2.241078095, 40.934934116 -2.245152297, 40.934461087 -2.249149494, 40.932588035 -2.250499059, 40.933370064 -2.252966702, 40.93192427 -2.259315922, 40.936540146 -2.262772909, 40.937783761 -2.262409592, 40.93866116 -2.264126286, 40.940381622 -2.263292135, 40.939778887 -2.261683434, 40.943154959 -2.260883373, 40.940114585 -2.258753539, 40.937047509 -2.259200773, 40.936311256 -2.256995366, 40.942765845 -2.249020755, 40.944673227 -2.241567758, 40.949819354 -2.240991074, 40.949586651 -2.237754362, 40.946111391 -2.234024648, 40.946946826 -2.233544517, 40.952821576 -2.235851239, 40.955095179 -2.234112134, 40.956869052 -2.240167886, 40.963254981 -2.241217304, 40.963232093 -2.242835779, 40.965742214 -2.243980797, 40.962022814 -2.249148524, 40.960294722 -2.248689849, 40.959176996 -2.251403996, 40.952928401 -2.253663762, 40.953836317 -2.254828806, 40.957418388 -2.254417093, 40.957796053 -2.258621218, 40.959478369 -2.261141546, 40.964960196 -2.260419916, 40.967386388 -2.255778093, 40.96682943 -2.25419657, 40.974653526 -2.25259454, 40.972807174 -2.247895265, 40.969251807 -2.248216626, 40.970594604 -2.244516709, 40.969030545 -2.241200374, 40.973634973 -2.237306162, 40.970442005 -2.231505734, 40.96540269 -2.229260994, 40.966760747 -2.225904606, 40.969103017 -2.225973978, 40.966871375 -2.225126956, 40.966684449 -2.222622599, 40.973016973 -2.225679318)), ((40.788469775 -2.272829527, 40.787920448 -2.271808475, 40.78977824 -2.269959946, 40.789579873 -2.271815387, 40.788469775 -2.272829527)), ((40.757016974 -2.264946722, 40.759069322 -2.265758223, 40.760511308 -2.268749624, 40.76598932 -2.266852937, 40.765398032 -2.270507081, 40.762723876 -2.269289591, 40.758924365 -2.272124607, 40.756952127 -2.271927931, 40.757264936 -2.267406261, 40.754968442 -2.265865028, 40.757016974 -2.264946722)), ((40.795256255 -2.272667413, 40.791773368 -2.273467475, 40.791147745 -2.272527954, 40.801192033 -2.260976913, 40.805769759 -2.259813773, 40.798029591 -2.267319697, 40.795256255 -2.272667413)), ((40.800875406 -2.258816086, 40.794939625 -2.266609277, 40.791784809 -2.2678611, 40.798510247 -2.259488128, 40.800875406 -2.258816086)), ((40.726556015 -2.258716721, 40.727067195 -2.260361896, 40.726689533 -2.260959318, 40.724755441 -2.257488979, 40.726556015 -2.258716721)), ((40.815325762 -2.2587889, 40.814654362 -2.258554556, 40.815150282 -2.257007838, 40.815978088 -2.257549236, 40.815325762 -2.2587889)), ((40.771329994 -2.255768918, 40.770036786 -2.25508329, 40.771661878 -2.253833375, 40.772218835 -2.255107605, 40.771329994 -2.255768918)), ((40.962301295 -2.252403353, 40.961534525 -2.251011832, 40.963327467 -2.250738152, 40.96295362 -2.251543456, 40.962301295 -2.252403353)), ((40.81782061 -2.23758995, 40.817885463 -2.240546784, 40.810187253 -2.240728208, 40.81247993 -2.238274628, 40.81782061 -2.23758995)), ((40.932195102 -2.231746538, 40.933629457 -2.233806285, 40.933392942 -2.234647348, 40.929875721 -2.232391641, 40.930776006 -2.23114268, 40.932195102 -2.231746538)), ((40.941678624 -2.230070365, 40.943395272 -2.231677396, 40.942964204 -2.232573291, 40.939549981 -2.22993758, 40.941182702 -2.227900956, 40.941678624 -2.230070365)), ((40.991728431 -2.228429927, 40.992624904 -2.231792035, 40.991427067 -2.233484652, 40.988726208 -2.233117523, 40.983286341 -2.228766787, 40.983580077 -2.226804305, 40.98705915 -2.228617071, 40.9900423 -2.226578539, 40.991728431 -2.228429927)), ((40.823558037 -2.252240853, 40.824622358 -2.252628247, 40.823725888 -2.254121326, 40.817023334 -2.256281919, 40.816706707 -2.25446486, 40.818595018 -2.252346466, 40.82139506 -2.250986649, 40.823882289 -2.247673887, 40.825999488 -2.247183027, 40.823558037 -2.252240853)), ((41.245967599 -2.038552305, 41.249358929 -2.034687416, 41.250282104 -2.035391163, 41.247573617 -2.037754391, 41.245967599 -2.038552305)), ((41.260135657 -2.032538741, 41.259475702 -2.032467222, 41.259761809 -2.031888395, 41.260120398 -2.0323218, 41.260135657 -2.032538741)), ((41.536923854 -1.6890943, 41.521077301 -1.702889611, 41.50351029 -1.727045643, 41.492508499 -1.74714404, 41.482746502 -1.752842322, 41.468914149 -1.768922664, 41.460819207 -1.775531859, 41.459239894 -1.779800234, 41.450229408 -1.787450269, 41.441077777 -1.799818772, 41.425727142 -1.810731389, 41.423232284 -1.815236253, 41.42381976 -1.817820711, 41.422625738 -1.819548731, 41.425036674 -1.820114922, 41.423564173 -1.823000357, 41.419848587 -1.824858423, 41.418509605 -1.831314206, 41.41501909 -1.831915563, 41.394278187 -1.851432158, 41.393446569 -1.856215112, 41.395678211 -1.856085542, 41.390795307 -1.863938332, 41.385378334 -1.86823031, 41.382295995 -1.860370253, 41.379026735 -1.859181489, 41.373705129 -1.860246291, 41.371656598 -1.863078445, 41.367025466 -1.864259822, 41.366121367 -1.866792072, 41.370638055 -1.865095639, 41.37774116 -1.864769628, 41.379022925 -1.869133956, 41.38378376 -1.870139868, 41.384432273 -1.872950207, 41.390474868 -1.867735276, 41.389925544 -1.872346107, 41.382620259 -1.876993297, 41.360849368 -1.896692862, 41.353750084 -1.907893577, 41.352109734 -1.911701488, 41.352582767 -1.914457949, 41.341943371 -1.916886145, 41.32306408 -1.941970136, 41.322793233 -1.944790965, 41.325600905 -1.9448955, 41.326016716 -1.947597846, 41.320546337 -1.95280324, 41.317570815 -1.953051532, 41.314267225 -1.956581593, 41.313996377 -1.959348187, 41.315617657 -1.962328979, 41.313626347 -1.964989487, 41.311875364 -1.958962343, 41.303795678 -1.958494494, 41.300080091 -1.960298563, 41.297753083 -1.964107547, 41.296589581 -1.970735452, 41.28340955 -1.98036311, 41.277717915 -1.986843689, 41.276615444 -1.984440531, 41.277824722 -1.975227095, 41.276581102 -1.968213703, 41.283680386 -1.957066628, 41.282101068 -1.951662891, 41.282421507 -1.947404649, 41.280289048 -1.945409746, 41.279415464 -1.942364348, 41.27213688 -1.942238598, 41.270809338 -1.940116034, 41.268169515 -1.939098081, 41.267383674 -1.94198292, 41.262622839 -1.941148534, 41.262607578 -1.938617357, 41.260028792 -1.93823211, 41.258033668 -1.940024735, 41.258331221 -1.942040259, 41.250880972 -1.941453569, 41.252914248 -1.94673036, 41.247550681 -1.950217987, 41.248721818 -1.954872205, 41.246440586 -1.956439188, 41.242179484 -1.952892086, 41.239837215 -1.954061423, 41.237597943 -1.952699344, 41.24169882 -1.948761386, 41.241801818 -1.946681971, 41.238254081 -1.94704827, 41.237079128 -1.942231346, 41.24062305 -1.94059034, 41.243091208 -1.941328415, 41.24426997 -1.937059802, 41.248672216 -1.935426783, 41.253742045 -1.930963159, 41.253841228 -1.928259979, 41.251838473 -1.928380251, 41.252628129 -1.926137176, 41.250957258 -1.924539323, 41.253185084 -1.923370105, 41.250598668 -1.921890975, 41.251380695 -1.918319076, 41.249198645 -1.917065349, 41.252448829 -1.914683526, 41.252437384 -1.912902584, 41.244895582 -1.915886718, 41.245135913 -1.918010952, 41.243030161 -1.92067146, 41.239490054 -1.922592701, 41.237475854 -1.921166971, 41.24172932 -1.913377714, 41.241885724 -1.910557004, 41.237502554 -1.915354025, 41.237407181 -1.909089317, 41.235969012 -1.907545222, 41.237327069 -1.904659668, 41.227938916 -1.90592842, 41.224173738 -1.908762959, 41.221560622 -1.912870655, 41.219790568 -1.913397393, 41.219706641 -1.909085155, 41.22261731 -1.906649573, 41.225672939 -1.900299279, 41.223151375 -1.900085558, 41.221812388 -1.896010048, 41.218886458 -1.895507509, 41.210677073 -1.902289423, 41.203345082 -1.902398255, 41.201288921 -1.903964999, 41.201143962 -1.908621006, 41.196184761 -1.913030156, 41.193892083 -1.912752782, 41.192823949 -1.916442687, 41.190374867 -1.919103792, 41.183473947 -1.923985564, 41.180132206 -1.921123971, 41.181406341 -1.923192657, 41.177835718 -1.93017661, 41.174963194 -1.928408304, 41.169958217 -1.93487887, 41.165372861 -1.93468589, 41.163145035 -1.93618946, 41.161779348 -1.937691956, 41.163450219 -1.938892282, 41.166139632 -1.938472941, 41.166154893 -1.941691415, 41.150373191 -1.957099122, 41.149545383 -1.952209129, 41.14761511 -1.955393991, 41.145719168 -1.954365787, 41.14288098 -1.959161019, 41.13666672 -1.964259017, 41.134438894 -1.965084586, 41.132363657 -1.963197796, 41.129899314 -1.963092426, 41.128819735 -1.964657859, 41.12901429 -1.968798333, 41.127248052 -1.970301425, 41.124116121 -1.963705586, 41.121106268 -1.968329291, 41.122681771 -1.973037625, 41.119607067 -1.976504273, 41.115674034 -1.969683388, 41.117260977 -1.966797237, 41.113808608 -1.964233998, 41.112164442 -1.967065913, 41.108841776 -1.966907381, 41.105908216 -1.96508484, 41.104904933 -1.970040631, 41.100102137 -1.971854952, 41.097576757 -1.971008287, 41.094612681 -1.973615872, 41.09459742 -1.970505749, 41.086948805 -1.975334359, 41.084442502 -1.978393467, 41.077572098 -1.979071113, 41.070278258 -1.985391133, 41.066139229 -1.983226374, 41.068447168 -1.985800342, 41.067192109 -1.987248483, 41.067729994 -1.990990954, 41.066017162 -1.992322162, 41.061832357 -1.991775878, 41.063278156 -1.993835505, 41.062946273 -1.996367517, 41.064498885 -1.997332904, 41.062560982 -1.999134588, 41.062175692 -2.001720954, 41.063957191 -2.003065868, 41.063056905 -2.004341767, 41.065830245 -2.005025488, 41.063388792 -2.007804241, 41.061550071 -2.005708973, 41.060253049 -2.00641582, 41.062354993 -2.015101803, 41.060317905 -2.014896544, 41.058307517 -2.008136092, 41.057365268 -2.007703402, 41.056331465 -2.009241538, 41.054504189 -2.007905803, 41.052699803 -2.009843015, 41.054969594 -2.013031808, 41.051791889 -2.013352215, 41.051212046 -2.017457645, 41.049304659 -2.01600438, 41.04273181 -2.020424974, 41.043601579 -2.022015079, 41.042361779 -2.024050988, 41.044932936 -2.02502436, 41.045936222 -2.02747317, 41.043475694 -2.026418505, 41.037574244 -2.030232378, 41.037658172 -2.035729568, 41.031573614 -2.042138628, 41.031688059 -2.045248751, 41.029048238 -2.046409506, 41.022326606 -2.039076189, 41.022898823 -2.041787951, 41.020819775 -2.046890119, 41.014407145 -2.05013494, 41.015860575 -2.052456923, 41.011038703 -2.051486412, 41.012877421 -2.049504143, 41.01029482 -2.048747712, 41.006884412 -2.044249406, 41.009421234 -2.041813944, 41.008776537 -2.040847246, 41.010996732 -2.037878967, 41.007857172 -2.032494064, 41.001845094 -2.036588293, 41.000429813 -2.035396548, 40.996012307 -2.035564859, 40.991873281 -2.037369286, 40.992453128 -2.040442696, 40.990408408 -2.036412839, 40.990503775 -2.031855648, 40.98838276 -2.029498382, 40.989843817 -2.027932354, 40.989233452 -2.025527885, 40.985075349 -2.023525832, 40.982588116 -2.020165393, 40.982878038 -2.017913498, 40.985914594 -2.014537322, 40.987539687 -2.013712469, 40.986479181 -2.015440845, 40.989466148 -2.017145857, 40.990549542 -2.014350655, 40.989092298 -2.011775733, 40.989481402 -2.006404416, 40.988077566 -2.007789502, 40.98638762 -2.003333869, 40.986013768 -1.996218562, 40.9889931 -1.98642272, 40.993296163 -1.987258417, 40.992582799 -1.983172417, 40.993834043 -1.981552392, 40.991133183 -1.979846784, 40.990358776 -1.964431576, 40.991896129 -1.962757077, 40.995504903 -1.962499487, 40.99320841 -1.961598111, 40.993479257 -1.958894334, 40.986822479 -1.956569493, 40.984495465 -1.950378689, 40.989412705 -1.948790488, 40.987680797 -1.946559215, 40.991220904 -1.944294563, 41.002428697 -1.930411405, 41.005312661 -1.924006519, 41.009402098 -1.927491757, 41.009367762 -1.921687036, 41.014933515 -1.923199421, 41.012225026 -1.920453927, 41.011790139 -1.914704037, 41.013033753 -1.911764009, 41.016516638 -1.909436182, 41.022009909 -1.908028327, 41.024249181 -1.909336647, 41.025469909 -1.91220146, 41.028777315 -1.909765282, 41.026419785 -1.908231081, 41.026522783 -1.906214722, 41.045920891 -1.892114142, 41.048335642 -1.893820108, 41.050227769 -1.893582783, 41.047786311 -1.887211393, 41.050536762 -1.887533704, 41.053310098 -1.881418469, 41.052493736 -1.879014358, 41.049796692 -1.878167694, 41.047698564 -1.871850182, 41.044810779 -1.867667393, 41.038585073 -1.870757733, 41.037993787 -1.877946468, 41.034583384 -1.882751474, 41.027671019 -1.886240533, 41.024897683 -1.891894828, 41.018908494 -1.89676611, 41.015646864 -1.897592753, 41.011851164 -1.894396451, 41.009585192 -1.899534736, 41.004542059 -1.888862432, 41.005228722 -1.89846386, 41.001566542 -1.899462744, 41.003641779 -1.901928719, 41.001993799 -1.904299575, 40.999586678 -1.903850318, 40.998735985 -1.905813277, 41.001719136 -1.90590923, 41.002813976 -1.907282275, 40.999563792 -1.910179512, 40.99110263 -1.913227419, 40.993174052 -1.914707742, 40.989569093 -1.915652391, 40.985544507 -1.912799857, 40.984899809 -1.910558213, 40.981115555 -1.909667446, 40.986093837 -1.918721512, 40.99018709 -1.923355227, 40.991781664 -1.921734843, 40.991461225 -1.92611145, 40.985929808 -1.930747315, 40.983469281 -1.931220296, 40.983457835 -1.92926735, 40.978162929 -1.924526595, 40.978365115 -1.929933314, 40.980371686 -1.930437283, 40.980554796 -1.932453404, 40.977014688 -1.934139348, 40.976659913 -1.932358524, 40.973520357 -1.934107285, 40.961686942 -1.94896787, 40.96559327 -1.95118758, 40.964033032 -1.958612804, 40.965253761 -1.961947854, 40.971441321 -1.961904343, 40.973062601 -1.965293032, 40.972333981 -1.968051759, 40.967153524 -1.973844683, 40.966779679 -1.978501644, 40.968122481 -1.982867283, 40.971818998 -1.988251828, 40.964696822 -1.995086904, 40.963735505 -2.004039535, 40.960027546 -2.003293594, 40.960447173 -2.007425247, 40.962404151 -2.006979683, 40.957204619 -2.011859666, 40.953149521 -2.020002108, 40.952264496 -2.023972606, 40.953313562 -2.029233782, 40.949155461 -2.030875384, 40.95690708 -2.034157387, 40.957917996 -2.03778197, 40.957200823 -2.045622123, 40.958234627 -2.046081989, 40.959958903 -2.044506424, 40.960050458 -2.045528193, 40.961389443 -2.045291464, 40.957864596 -2.050232714, 40.959127294 -2.064074264, 40.960748574 -2.068448605, 40.96273607 -2.067803979, 40.961263569 -2.069415303, 40.961141498 -2.072191432, 40.958471159 -2.074509365, 40.956750695 -2.071808093, 40.953511953 -2.071531793, 40.953889613 -2.066612477, 40.952668886 -2.067174617, 40.949384372 -2.073914809, 40.95044488 -2.077530333, 40.952985519 -2.07844935, 40.947408323 -2.08021039, 40.94276956 -2.078461991, 40.943852954 -2.07667044, 40.941995158 -2.074014463, 40.939649073 -2.073185321, 40.936818508 -2.065711109, 40.938493191 -2.061748716, 40.940892682 -2.060489027, 40.941400047 -2.062432436, 40.942807698 -2.062656767, 40.942342294 -2.059139939, 40.944043681 -2.055873665, 40.943696535 -2.05366778, 40.942143924 -2.055523461, 40.935559623 -2.047954131, 40.935326921 -2.045495069, 40.930043459 -2.040347372, 40.924512038 -2.037505925, 40.924561628 -2.033798618, 40.923466789 -2.03513817, 40.919297243 -2.033551642, 40.922947976 -2.027371444, 40.926209607 -2.028868573, 40.927418888 -2.025476426, 40.930936109 -2.028980617, 40.931599879 -2.028373897, 40.931630396 -2.026493185, 40.926575821 -2.021426543, 40.9344724 -2.022918187, 40.933759037 -2.022213725, 40.936250081 -2.019398735, 40.935670234 -2.016478853, 40.937177068 -2.014777176, 40.936990143 -2.011838699, 40.92518724 -2.0139776, 40.923775772 -2.011112788, 40.921338133 -2.011124709, 40.920350106 -2.009706488, 40.922223155 -2.001168428, 40.916172923 -1.994755559, 40.909802252 -1.992321652, 40.900013549 -1.994168636, 40.905415262 -1.986883348, 40.903408692 -1.986722908, 40.901703489 -1.988578589, 40.896832026 -1.988548077, 40.897991717 -1.990671595, 40.896923583 -1.994362096, 40.892643411 -1.997269585, 40.890064625 -1.997055625, 40.891025946 -1.99474866, 40.893429252 -1.994384269, 40.895191676 -1.992130704, 40.893135514 -1.99346227, 40.886719067 -1.992927073, 40.885071087 -1.995361343, 40.878513492 -1.990793546, 40.878673711 -1.988722594, 40.874538497 -1.986855592, 40.875957591 -1.984367326, 40.874691086 -1.983057575, 40.878212118 -1.978026091, 40.879959281 -1.972833809, 40.875381555 -1.973725177, 40.874908522 -1.971257056, 40.877308012 -1.969916073, 40.873264351 -1.96396176, 40.875560839 -1.954745103, 40.873432195 -1.953201247, 40.871841436 -1.955400219, 40.867492602 -1.966418799, 40.868888811 -1.970260204, 40.86522663 -1.970861085, 40.865924734 -1.972750259, 40.863986831 -1.974832179, 40.856071178 -1.973041585, 40.853767055 -1.97058467, 40.857303347 -1.96751531, 40.857734414 -1.963192462, 40.853465681 -1.957581917, 40.852969757 -1.951144252, 40.84963946 -1.949728177, 40.84871247 -1.947776066, 40.845847576 -1.947453756, 40.845481356 -1.943945629, 40.843123826 -1.942112598, 40.844237736 -1.936640677, 40.842738529 -1.934354572, 40.837153706 -1.939849381, 40.836943896 -1.943593283, 40.840945596 -1.951799492, 40.845492806 -1.955854618, 40.846091728 -1.960393214, 40.843585424 -1.963172087, 40.836711205 -1.963324307, 40.832690434 -1.961285183, 40.834693189 -1.960640915, 40.82820426 -1.958089, 40.827071274 -1.960170085, 40.821387263 -1.958186866, 40.819792689 -1.959409365, 40.815317961 -1.958229661, 40.818224816 -1.95579408, 40.814730484 -1.95576166, 40.81803026 -1.951942066, 40.816187724 -1.950225968, 40.813959898 -1.951159769, 40.811751147 -1.955837233, 40.805086739 -1.952426375, 40.804087266 -1.947652839, 40.801569517 -1.948306644, 40.800985856 -1.946408291, 40.797831039 -1.945796805, 40.795034812 -1.947653559, 40.78827122 -1.947009653, 40.787687559 -1.9448853, 40.788881582 -1.943147745, 40.786119686 -1.941269776, 40.783971972 -1.946055711, 40.780012238 -1.945155646, 40.778047629 -1.942119308, 40.775007255 -1.941335818, 40.776186017 -1.936722722, 40.77412604 -1.937204165, 40.769010435 -1.944362506, 40.787794377 -1.953457689, 40.79079279 -1.957514723, 40.790350278 -1.959766857, 40.793154135 -1.959745757, 40.794519823 -1.957781964, 40.795519296 -1.962320321, 40.803858391 -1.968595991, 40.809076999 -1.969485566, 40.814024761 -1.97302492, 40.817171947 -1.972714049, 40.818442267 -1.974376508, 40.814448202 -1.976876577, 40.816233517 -1.978701264, 40.820246657 -1.979311796, 40.821154572 -1.977755423, 40.823676137 -1.977680326, 40.824778607 -1.98060891, 40.826548661 -1.979675467, 40.824271243 -1.982164807, 40.827769389 -1.982251343, 40.83448339 -1.984857134, 40.840194102 -1.981432682, 40.846679215 -1.983631768, 40.856868476 -1.992201648, 40.854251544 -1.995785467, 40.860606954 -1.994702189, 40.864108915 -1.996009316, 40.872917228 -2.003640033, 40.873722146 -2.005727911, 40.87374885 -2.00740074, 40.870307927 -2.008851386, 40.864192846 -2.007203592, 40.863365043 -2.010342323, 40.860008045 -2.013013799, 40.855964386 -2.011499267, 40.848094511 -2.01218633, 40.838492732 -2.015470727, 40.834403295 -2.013865843, 40.829554724 -2.021313359, 40.83211825 -2.020198138, 40.83497933 -2.022193278, 40.837050751 -2.021476656, 40.838469847 -2.022984992, 40.846301572 -2.019259562, 40.855869021 -2.020035299, 40.85844018 -2.025087163, 40.863422271 -2.022016133, 40.865806501 -2.018559141, 40.865184692 -2.016498202, 40.868442507 -2.01499344, 40.873500895 -2.015276891, 40.875022989 -2.016703933, 40.874237147 -2.017608887, 40.878860651 -2.019041411, 40.879265018 -2.02087635, 40.882419834 -2.019751592, 40.881901024 -2.01750971, 40.88272883 -2.018195815, 40.88831747 -2.016209014, 40.889282608 -2.018631362, 40.889976895 -2.015583222, 40.893455965 -2.011501153, 40.89638571 -2.011524753, 40.902054462 -2.014203852, 40.902908971 -2.012810184, 40.903656667 -2.014075355, 40.902683903 -2.020261273, 40.903500265 -2.022095974, 40.900406491 -2.031847116, 40.901364007 -2.048049509, 40.900417945 -2.050266122, 40.892216183 -2.04527553, 40.891453226 -2.041080702, 40.887668972 -2.041202764, 40.886692389 -2.038771595, 40.888458627 -2.035432848, 40.887749079 -2.034981563, 40.88499863 -2.038375619, 40.883255278 -2.036641522, 40.881286857 -2.037430616, 40.878162558 -2.036611487, 40.882297772 -2.038433074, 40.882782249 -2.040819663, 40.884144123 -2.040772936, 40.883098877 -2.044363907, 40.879127699 -2.043880202, 40.875915662 -2.045439318, 40.876796875 -2.046396719, 40.875118376 -2.047574161, 40.871841486 -2.045941384, 40.875385411 -2.048866986, 40.875293857 -2.050657584, 40.87865467 -2.048492463, 40.879528254 -2.050399398, 40.882431295 -2.049573113, 40.884979565 -2.053684263, 40.888824855 -2.052847727, 40.890655946 -2.053957939, 40.89113661 -2.059400774, 40.894043467 -2.061205674, 40.893764991 -2.06456969, 40.891865235 -2.065123487, 40.884762125 -2.058142282, 40.880287397 -2.057587058, 40.880050884 -2.060960133, 40.878399088 -2.063132167, 40.876487888 -2.06326114, 40.873176668 -2.067894621, 40.87246712 -2.066430627, 40.870521586 -2.066559601, 40.870777177 -2.069054899, 40.868927014 -2.070558229, 40.850787774 -2.07331935, 40.857406405 -2.075698784, 40.869152088 -2.074943537, 40.868625652 -2.080251916, 40.870384262 -2.079490238, 40.872516717 -2.075102307, 40.879852521 -2.071078643, 40.884052582 -2.065648202, 40.885967598 -2.06704759, 40.885914193 -2.069669954, 40.884552319 -2.069798212, 40.88515124 -2.071976681, 40.881714132 -2.075326395, 40.876594709 -2.077041423, 40.882423683 -2.080787109, 40.884071664 -2.080504846, 40.883655853 -2.07810896, 40.890613994 -2.073805657, 40.89203309 -2.07377681, 40.891842352 -2.075341408, 40.89522987 -2.077073358, 40.895615161 -2.074052871, 40.898117651 -2.074013535, 40.899964001 -2.075033156, 40.900257742 -2.080114582, 40.895596095 -2.087932566, 40.897755255 -2.087423588, 40.903553705 -2.080381822, 40.906697079 -2.083515545, 40.909306387 -2.090872704, 40.912674832 -2.093328188, 40.912671029 -2.114495669, 40.910817057 -2.126614566, 40.911621979 -2.134606815, 40.913414924 -2.138827151, 40.912442157 -2.139153993, 40.91218657 -2.142807184, 40.913365338 -2.149569306, 40.915184984 -2.148879861, 40.917729438 -2.151155356, 40.916501085 -2.156193156, 40.917702738 -2.156327372, 40.915970833 -2.159494235, 40.917691297 -2.161915391, 40.919209575 -2.160584183, 40.919537647 -2.163387012, 40.915955587 -2.181755956, 40.916199737 -2.189161272, 40.9169131 -2.190453382, 40.918007939 -2.189538653, 40.918954006 -2.194420063, 40.918797604 -2.201762442, 40.919797075 -2.202602075, 40.920762218 -2.211570558, 40.919800895 -2.211246339, 40.919976377 -2.21423917, 40.923363898 -2.220274657, 40.927972145 -2.224147647, 40.924107782 -2.225916076, 40.908509174 -2.218449501, 40.906639935 -2.216164232, 40.904240443 -2.216221687, 40.903111269 -2.213564757, 40.900742295 -2.212229498, 40.90396196 -2.208500018, 40.903694925 -2.206438603, 40.899990778 -2.201642064, 40.897137332 -2.206392834, 40.892052239 -2.20264691, 40.889977005 -2.206573782, 40.88763092 -2.206947589, 40.885689199 -2.202284313, 40.886318635 -2.201189357, 40.889290343 -2.20107707, 40.889870183 -2.193200443, 40.886902288 -2.189551068, 40.885952411 -2.190845325, 40.883720769 -2.190414305, 40.883301145 -2.191734784, 40.885181829 -2.193667465, 40.881393764 -2.19994779, 40.878101616 -2.201244908, 40.875469423 -2.20065154, 40.869537455 -2.204248711, 40.872875382 -2.207454668, 40.879051498 -2.206072202, 40.879982303 -2.208593961, 40.8787158 -2.209933752, 40.879898381 -2.212708211, 40.879375758 -2.214915288, 40.883865747 -2.217206278, 40.877823147 -2.216789087, 40.8756678 -2.214956056, 40.867534706 -2.214523371, 40.863945006 -2.215495555, 40.862625094 -2.214186043, 40.860557488 -2.214993494, 40.863273608 -2.217856398, 40.870929857 -2.220450864, 40.870903155 -2.222955698, 40.87389775 -2.221703876, 40.880527826 -2.225529423, 40.874626374 -2.226242233, 40.875385515 -2.228149167, 40.878395371 -2.229664415, 40.87708309 -2.230570323, 40.868312927 -2.227118344, 40.867450791 -2.231107198, 40.862667069 -2.23533612, 40.860595648 -2.23570945, 40.862895956 -2.236330472, 40.873977868 -2.23420945, 40.877701086 -2.235922566, 40.866012626 -2.238469604, 40.863117214 -2.237695532, 40.859233779 -2.242104204, 40.855228268 -2.241512506, 40.851562273 -2.24403999, 40.848941524 -2.24313909, 40.849086485 -2.241438845, 40.85151268 -2.241354451, 40.856616842 -2.236772464, 40.851329568 -2.237158908, 40.842723444 -2.240054479, 40.834746759 -2.24558934, 40.828368461 -2.247595929, 40.829013156 -2.24542485, 40.831851347 -2.245358097, 40.834327131 -2.241023567, 40.841228051 -2.237090256, 40.841888006 -2.235163534, 40.837146243 -2.232447721, 40.833979982 -2.23275001, 40.830245319 -2.230620653, 40.825820185 -2.232895914, 40.822398333 -2.231805967, 40.816748656 -2.232699242, 40.809565444 -2.238640092, 40.802431823 -2.242311167, 40.801882492 -2.236081385, 40.79797998 -2.235860156, 40.79431017 -2.238007874, 40.791143913 -2.243600185, 40.791430021 -2.244657713, 40.796057338 -2.242346215, 40.797617581 -2.243058544, 40.798926049 -2.244946883, 40.798220317 -2.24691008, 40.800554958 -2.248118988, 40.801756611 -2.247267435, 40.800856326 -2.250116991, 40.798613241 -2.250291499, 40.797026297 -2.253006361, 40.795149429 -2.253289101, 40.795317281 -2.255513342, 40.79358156 -2.255859018, 40.791712323 -2.259252357, 40.790533557 -2.256966134, 40.789888862 -2.259417329, 40.787252855 -2.260270791, 40.785662098 -2.263844597, 40.783396124 -2.265330286, 40.780920336 -2.263570205, 40.780844034 -2.253912517, 40.777010187 -2.252479517, 40.777487036 -2.255273049, 40.77582761 -2.25623355, 40.772874975 -2.254247708, 40.773706593 -2.25006909, 40.771791576 -2.247494169, 40.772733823 -2.243939197, 40.776895738 -2.242966536, 40.776655407 -2.242062535, 40.770456403 -2.243345113, 40.768079804 -2.250211416, 40.763902629 -2.250207604, 40.766328827 -2.254310172, 40.764284111 -2.257965986, 40.758893838 -2.257502308, 40.757001709 -2.255099032, 40.753080123 -2.254416505, 40.75350356 -2.250211187, 40.750886627 -2.251607001, 40.749734562 -2.244364987, 40.75057381 -2.241886138, 40.749272972 -2.240422621, 40.749726929 -2.238767195, 40.747911097 -2.238055105, 40.749780333 -2.234761177, 40.747792836 -2.233624264, 40.747411356 -2.22888613, 40.746099074 -2.228200502, 40.746980287 -2.229935553, 40.745999898 -2.242162919, 40.747491478 -2.248518336, 40.746041865 -2.249713658, 40.739011238 -2.245327163, 40.739507155 -2.241112548, 40.736752892 -2.24418143, 40.735986121 -2.241252489, 40.733373002 -2.242177946, 40.731362616 -2.239793027, 40.729668854 -2.235056324, 40.730454696 -2.232460184, 40.732106492 -2.232114507, 40.731900493 -2.230559446, 40.728780007 -2.225788415, 40.728661746 -2.221339217, 40.726876435 -2.224434084, 40.729081377 -2.230372783, 40.727147288 -2.232066116, 40.722668743 -2.227314873, 40.721192422 -2.221393338, 40.718270307 -2.221948327, 40.71668336 -2.219381988, 40.712780847 -2.217406159, 40.71144186 -2.214667458, 40.70680691 -2.211534928, 40.707146424 -2.209083972, 40.703690239 -2.20796637, 40.705361108 -2.204953273, 40.698158821 -2.209781526, 40.703495687 -2.209305206, 40.710076173 -2.216658548, 40.711735602 -2.22117831, 40.71326151 -2.220317459, 40.716275182 -2.222647069, 40.724469319 -2.234402405, 40.728459578 -2.245755807, 40.727212153 -2.254945046, 40.722481835 -2.253142055, 40.717465414 -2.261883588, 40.709809166 -2.261440652, 40.708454923 -2.263449621, 40.703194349 -2.256962851, 40.701405221 -2.257408177, 40.701862995 -2.260093477, 40.705418365 -2.263055315, 40.706066877 -2.265270258, 40.709694727 -2.267436328, 40.712052256 -2.267234643, 40.712510027 -2.264819446, 40.717759154 -2.265889367, 40.721310707 -2.265098365, 40.724526563 -2.270818691, 40.726205063 -2.271205608, 40.731969181 -2.266686318, 40.734094008 -2.263717563, 40.733243312 -2.262307924, 40.736100575 -2.259862926, 40.736146354 -2.262693171, 40.739224878 -2.2665962, 40.740083204 -2.270420321, 40.741860888 -2.271530295, 40.743691977 -2.267947191, 40.745889289 -2.272547292, 40.750371647 -2.274757465, 40.751332972 -2.277966522, 40.753560799 -2.278877196, 40.751062123 -2.278717472, 40.745137779 -2.274112605, 40.742814584 -2.276177361, 40.744855491 -2.281229939, 40.741544266 -2.277978448, 40.740437984 -2.280801066, 40.741155164 -2.284688838, 40.739530072 -2.286589815, 40.742383524 -2.290366255, 40.74337155 -2.290564123, 40.744008616 -2.288600926, 40.746110557 -2.291202786, 40.747918758 -2.290268985, 40.749944403 -2.29104425, 40.752794043 -2.299721887, 40.755487275 -2.303471389, 40.755674196 -2.299637016, 40.75686059 -2.299318994, 40.758668795 -2.303847338, 40.756399006 -2.304329378, 40.759069348 -2.306822052, 40.759870453 -2.311107231, 40.757814288 -2.307592074, 40.756116717 -2.310940118, 40.754728139 -2.309838726, 40.753331929 -2.303944369, 40.749433228 -2.298261233, 40.747869173 -2.300424445, 40.745389569 -2.297398001, 40.741342095 -2.29662536, 40.738919713 -2.293562679, 40.736730033 -2.293429655, 40.733380662 -2.290458758, 40.732137046 -2.291056896, 40.730832392 -2.288074316, 40.729264523 -2.290952003, 40.727578393 -2.290357205, 40.727715723 -2.287625894, 40.728898302 -2.287208699, 40.727494465 -2.285618594, 40.728314639 -2.281765388, 40.730267802 -2.281111941, 40.73113757 -2.282069342, 40.731744118 -2.279717558, 40.726700987 -2.27586221, 40.725030119 -2.279445313, 40.723652986 -2.279347572, 40.722603925 -2.28271278, 40.718163529 -2.279534955, 40.716340069 -2.281499345, 40.716618545 -2.278062856, 40.713551466 -2.274096414, 40.710636982 -2.277057064, 40.707939936 -2.274555331, 40.708748671 -2.280233463, 40.710427171 -2.280683555, 40.709816809 -2.282610516, 40.711701307 -2.283621078, 40.712963999 -2.28756249, 40.716523183 -2.290307148, 40.710297473 -2.286860175, 40.708489271 -2.287766798, 40.706768806 -2.283328568, 40.705208567 -2.286522608, 40.701920232 -2.284437593, 40.703133331 -2.286932175, 40.702244489 -2.287982075, 40.698753972 -2.286855891, 40.699860258 -2.289639887, 40.697338695 -2.291894644, 40.690601807 -2.291676515, 40.690876472 -2.293213697, 40.69492776 -2.294339165, 40.694679801 -2.296437533, 40.697201365 -2.295801489, 40.698135986 -2.297500542, 40.699898409 -2.295463679, 40.702213976 -2.296166233, 40.702938784 -2.298037408, 40.706669631 -2.297490285, 40.706044009 -2.29903748, 40.707299071 -2.301839355, 40.704163332 -2.30662684, 40.705921942 -2.307185402, 40.702007987 -2.308790768, 40.706044017 -2.311118947, 40.707680556 -2.313703405, 40.712933494 -2.309021767, 40.713887188 -2.309852579, 40.71355149 -2.312810128, 40.72848251 -2.315676601, 40.728970799 -2.31352364, 40.725793093 -2.311004743, 40.728116287 -2.307872924, 40.736321866 -2.313885521, 40.738255955 -2.313530547, 40.740933926 -2.315399099, 40.746831565 -2.316485946, 40.749829977 -2.318715906, 40.753915597 -2.317942068, 40.757509114 -2.320388254, 40.757589225 -2.321699436, 40.760061198 -2.321723512, 40.762163146 -2.336325069, 40.767461872 -2.34661808, 40.765333229 -2.347868711, 40.766111447 -2.354767433, 40.768808491 -2.354691621, 40.769109857 -2.352249724, 40.774553539 -2.355507172, 40.775373716 -2.357694461, 40.772878858 -2.362219232, 40.774736654 -2.365598742, 40.776388449 -2.363191173, 40.775968823 -2.360994348, 40.777803729 -2.362737265, 40.778913826 -2.360231, 40.777902914 -2.364572919, 40.77976834 -2.367002895, 40.781046288 -2.365943221, 40.780458811 -2.362815218, 40.782549306 -2.36275824, 40.783358039 -2.364999884, 40.78012693 -2.37028514, 40.77488925 -2.372552534, 40.77916561 -2.373577875, 40.780535112 -2.372825495, 40.778734542 -2.375269538, 40.778059326 -2.374293781, 40.773870707 -2.375121974, 40.772409647 -2.371280689, 40.771104996 -2.373832488, 40.76836599 -2.373736416, 40.768732209 -2.375635007, 40.771097368 -2.375975674, 40.769395981 -2.377361237, 40.769140393 -2.379767136, 40.770189454 -2.378372992, 40.771021075 -2.379357808, 40.771303367 -2.378254031, 40.774332297 -2.378548687, 40.776964488 -2.376971692, 40.780622855 -2.377346926, 40.777338339 -2.380796289, 40.77113552 -2.38290229, 40.769308247 -2.386585042, 40.771295745 -2.388716784, 40.770872306 -2.390073738, 40.761613858 -2.397265695, 40.760599131 -2.400033958, 40.768610148 -2.394010146, 40.774313236 -2.39855136, 40.774172084 -2.390584859, 40.772474508 -2.386192163, 40.777254416 -2.383889248, 40.779245728 -2.386318985, 40.78356786 -2.378428053, 40.784960252 -2.378751794, 40.786455641 -2.376670114, 40.78587961 -2.375296234, 40.788610986 -2.374632774, 40.787477997 -2.371984665, 40.788897091 -2.370083689, 40.78702785 -2.366297236, 40.789713449 -2.364259181, 40.792334197 -2.364056781, 40.791449168 -2.361354317, 40.788713976 -2.360598124, 40.791910753 -2.357854176, 40.78932815 -2.35393303, 40.790781578 -2.353325117, 40.789221335 -2.351609139, 40.790319988 -2.34970864, 40.794626868 -2.353464815, 40.797144618 -2.35384148, 40.796606734 -2.352178187, 40.797533724 -2.352520762, 40.798590414 -2.349779438, 40.796141327 -2.344203103, 40.800593171 -2.352127883, 40.803912025 -2.355460428, 40.810618396 -2.358544084, 40.817328581 -2.358842791, 40.821837645 -2.364515675, 40.825091651 -2.372875767, 40.82529766 -2.390173829, 40.823905269 -2.39258998, 40.821864368 -2.395585912, 40.814639192 -2.398932291, 40.780279559 -2.427769728, 40.772978091 -2.438006962, 40.771280522 -2.444076781, 40.771692523 -2.451916455, 40.770223837 -2.453989076, 40.753801242 -2.452591129, 40.737695277 -2.457612966, 40.66492469 -2.469380989, 40.443488553 -2.401592089, 40.250808204 -2.400516569, 40.250831 -2.252621687, 40.213343106 -2.039033969, 40.500122377 -1.905535448, 40.899036827 -1.71762199, 41.563352577 -1.661719074, 41.554879976 -1.673452607, 41.547975242 -1.678152482, 41.54536594 -1.682720283, 41.540051965 -1.684932607, 41.539437788 -1.687988377, 41.536923854 -1.6890943)), ((41.20590485 -2.007816081, 41.209990471 -2.009112242, 41.210886944 -2.012067407, 41.213656469 -2.013329239, 41.215479933 -2.019582621, 41.214091355 -2.017188881, 41.207327765 -2.016709946, 41.204512462 -2.014851407, 41.201750565 -2.010344042, 41.203783839 -2.01236636, 41.205092305 -2.009697508, 41.202349482 -2.006166378, 41.20590485 -2.007816081)), ((41.201384346 -2.008274282, 41.201849749 -2.009494158, 41.201453013 -2.009684399, 41.200682427 -2.007389116, 41.201384346 -2.008274282)), ((41.166841579 -1.992029236, 41.172952844 -1.993295834, 41.172014412 -1.995340324, 41.166967468 -1.994443002, 41.169496662 -1.995750487, 41.169908659 -1.997476718, 41.167100987 -1.997724532, 41.164957083 -1.993369741, 41.166841579 -1.992029236)), ((41.164728191 -1.983416203, 41.163553244 -1.988426348, 41.15903274 -1.988739723, 41.156488285 -1.984674703, 41.154084979 -1.985147922, 41.154783083 -1.987506619, 41.153302953 -1.988665823, 41.147687609 -1.98852851, 41.144586198 -1.987167386, 41.14702765 -1.983638279, 41.148988444 -1.985525307, 41.150876756 -1.985052684, 41.152230998 -1.981308067, 41.155992361 -1.978003172, 41.163908013 -1.980144566, 41.164728191 -1.983416203)), ((41.178823778 -1.993911848, 41.176077143 -1.994674957, 41.175493482 -1.99289473, 41.178327854 -1.98741232, 41.183149727 -1.989168824, 41.181681041 -1.992398265, 41.178823778 -1.993911848)), ((41.189901866 -1.977389043, 41.190611416 -1.981185153, 41.189085509 -1.985336832, 41.186392281 -1.985231939, 41.184439117 -1.983869384, 41.186438056 -1.982591934, 41.185450029 -1.980179479, 41.183321386 -1.979043163, 41.187326896 -1.977808265, 41.188345439 -1.975899423, 41.186964491 -1.974816387, 41.188559064 -1.972970004, 41.187754147 -1.972627547, 41.19039397 -1.973528089, 41.189901866 -1.977389043)), ((41.16620831 -1.960794381, 41.165491136 -1.96626499, 41.169370757 -1.963131859, 41.17349071 -1.962529786, 41.176649342 -1.963610556, 41.177305485 -1.968663374, 41.17563843 -1.967580696, 41.171922842 -1.968643351, 41.168844323 -1.971368585, 41.158597847 -1.972756178, 41.147367159 -1.972481432, 41.145986211 -1.971109102, 41.146890311 -1.96885673, 41.150209162 -1.96802973, 41.149949754 -1.962795373, 41.155057735 -1.964895288, 41.154756366 -1.9622467, 41.157953144 -1.959873936, 41.160886704 -1.961868123, 41.161382623 -1.958811639, 41.163160307 -1.959261373, 41.16437722 -1.961556179, 41.167162002 -1.95773742, 41.16620831 -1.960794381)), ((41.307320534 -1.971507017, 41.300171656 -1.980249385, 41.293045666 -1.985900225, 41.288769312 -1.994195836, 41.279423128 -2.005743896, 41.267940671 -2.016264587, 41.260238653 -2.026770971, 41.257362319 -2.032841029, 41.254836939 -2.031976604, 41.25101454 -2.034775384, 41.259967803 -2.023733798, 41.262668657 -2.015955628, 41.268798991 -2.010052922, 41.269439871 -2.006887968, 41.270519453 -2.008766771, 41.272064433 -2.004687565, 41.27344538 -2.004794127, 41.275009434 -1.999684332, 41.278412209 -1.99823309, 41.283398113 -1.993100526, 41.286289707 -1.987292823, 41.302994581 -1.969144509, 41.306771205 -1.968840908, 41.307320534 -1.971507017)), ((41.189402116 -1.949951491, 41.188517092 -1.955358925, 41.187208626 -1.956807185, 41.185755196 -1.953247089, 41.183283224 -1.951713365, 41.183737181 -1.950501356, 41.186377003 -1.951402017, 41.186308336 -1.949512604, 41.188185203 -1.94724998, 41.189402116 -1.949951491)), ((41.269043105 -1.951753012, 41.264343306 -1.951894979, 41.263813052 -1.949364399, 41.268684515 -1.949620077, 41.269043105 -1.951753012)), ((41.210730496 -1.93249357, 41.209887432 -1.935260998, 41.207877047 -1.934703151, 41.207236165 -1.932633749, 41.209914133 -1.930451464, 41.211348487 -1.930422498, 41.210730496 -1.93249357)), ((41.210741935 -1.924094973, 41.209025288 -1.924684768, 41.207682486 -1.920265728, 41.209216023 -1.917551581, 41.211386628 -1.916789425, 41.212962131 -1.921497402, 41.210741935 -1.924094973)), ((41.377229997 -1.896353972, 41.374311697 -1.897180614, 41.377592396 -1.889564911, 41.380110145 -1.889317335, 41.381609351 -1.890806836, 41.378755903 -1.892889829, 41.377229997 -1.896353972)), ((41.351033975 -1.924132446, 41.348924408 -1.925988484, 41.353002394 -1.917277705, 41.357961595 -1.91304938, 41.358007371 -1.911205262, 41.361375813 -1.909456025, 41.363344237 -1.912490575, 41.3588924 -1.915452537, 41.351033975 -1.924132446)), ((41.229987453 -1.913908391, 41.226897488 -1.914563388, 41.228591245 -1.91017653, 41.231047957 -1.908437663, 41.23608727 -1.908232162, 41.236613709 -1.91001239, 41.23535865 -1.911343001, 41.229987453 -1.913908391)), ((41.348821405 -1.917880017, 41.348661185 -1.919832843, 41.343904165 -1.91928799, 41.341516119 -1.92235568, 41.338704633 -1.922088439, 41.342691066 -1.917400366, 41.348821405 -1.917880017)), ((41.226241351 -1.920142109, 41.225398287 -1.922511773, 41.222979721 -1.920797225, 41.223773193 -1.918897799, 41.227141635 -1.916976797, 41.226241351 -1.920142109)), ((41.345155414 -1.928027612, 41.345399561 -1.931019372, 41.33513783 -1.939250619, 41.327279406 -1.947812998, 41.326978037 -1.945399828, 41.330342664 -1.942330707, 41.330502883 -1.940197175, 41.339101374 -1.931344429, 41.339078483 -1.927547842, 41.343042031 -1.928844003, 41.341645823 -1.925401913, 41.345155414 -1.928027612)), ((41.235927062 -1.931131477, 41.234565189 -1.933266797, 41.231963513 -1.928858486, 41.232467061 -1.926896123, 41.235927062 -1.931131477)), ((41.214240081 -1.924940207, 41.215907137 -1.92619465, 41.215231924 -1.928039721, 41.213442795 -1.926035044, 41.211096711 -1.927186263, 41.212065662 -1.925069538, 41.214240081 -1.924940207)), ((41.242663946 -1.926602413, 41.240836671 -1.927535975, 41.242015433 -1.923674186, 41.243384936 -1.92274122, 41.2455708 -1.923823182, 41.242663946 -1.926602413)), ((41.38921219 -1.888229168, 41.387506988 -1.890075551, 41.386007782 -1.888703579, 41.393297806 -1.881181921, 41.405001516 -1.863385602, 41.416964633 -1.852097273, 41.419249681 -1.850521351, 41.422515125 -1.85039035, 41.425647051 -1.84726759, 41.429705967 -1.845969399, 41.433795399 -1.839790154, 41.435798153 -1.839317294, 41.434302762 -1.83794544, 41.43767502 -1.836657262, 41.438945339 -1.838436178, 41.438556234 -1.840569948, 41.432818822 -1.849002161, 41.427325552 -1.850356615, 41.394560496 -1.881406133, 41.392637853 -1.885847107, 41.38921219 -1.888229168)), ((41.454269268 -1.823030975, 41.452098664 -1.82402819, 41.454936852 -1.819812143, 41.456107984 -1.814332951, 41.458068777 -1.816111032, 41.454269268 -1.823030975)), ((41.5066079 -1.75850459, 41.506001353 -1.762816829, 41.500580565 -1.766475744, 41.49420227 -1.773308555, 41.491947739 -1.769524366, 41.494297638 -1.769512206, 41.497345636 -1.761264871, 41.510991069 -1.75318405, 41.511548025 -1.750878515, 41.513730074 -1.751210005, 41.51100633 -1.75628428, 41.5066079 -1.75850459)), ((41.511548025 -1.750354281, 41.510121301 -1.751802303, 41.507794287 -1.745026593, 41.509976337 -1.745936552, 41.511548025 -1.750354281)), ((41.25605 -1.964490077, 41.255779152 -1.966678201, 41.250552914 -1.964696413, 41.248958338 -1.962122087, 41.251220497 -1.961070399, 41.252883738 -1.961746133, 41.2537001 -1.964104591, 41.25605 -1.964490077)), ((41.244292872 -1.962028995, 41.245620414 -1.963744855, 41.241149501 -1.962973406, 41.239772367 -1.961004488, 41.244292872 -1.962028995)), ((41.24513975 -1.959261567, 41.245837854 -1.961330731, 41.241469939 -1.958715044, 41.243014922 -1.958812309, 41.24513975 -1.959261567)), ((41.281380078 -1.955641493, 41.279842726 -1.957261757, 41.277801826 -1.961305443, 41.276588727 -1.959354405, 41.277374569 -1.956243566, 41.276806168 -1.95704899, 41.275192519 -1.955568547, 41.276203431 -1.951815587, 41.278026891 -1.9500232, 41.280262348 -1.95058963, 41.281380078 -1.955641493)), ((41.239402333 -1.957922257, 41.237987054 -1.960916521, 41.236361959 -1.957302547, 41.239337481 -1.956710964, 41.239402333 -1.957922257)))",Lamu,Lamu,1370683320,-332.4908,6459.011599999996,266315162783,0.0,0.0,0.0,0.0,0.0,48.148148148148145,59.052469135802454,1.3333333333333333,3.7876132976788432,-1.3333333333333333,-1.0,-0.3520246732026307,0,0,0,0,,,0.0,0.0,0.0,0.0,,0,0,0,0,,,0.0,0.0,0.0,0.0,,0,0,0,0,,,0.0,0.0,0.0,0.0,,0,0,0,0,48.148148148148145,59.052469135802454,1.3333333333333333,3.7876132976788432,-1.3333333333333333,-1.0,-0.3520246732026307,0,0,0,0,,,,,,,,,,,,,,,,,,,,
16,24227781,2021-07-01,Kenya,Kenya_2021-07,54986000,1453787,145379.0,0.1,2.0,0.5,0.4,0.1,0.0,0.0,0.5,0.4,0.1,0.0,0.0,,,,,,Kilifi,"MULTIPOLYGON (((39.975782888 -3.351397829, 39.97632077 -3.35078205, 39.976995986 -3.352355467, 39.975714225 -3.354744679, 39.969095591 -3.351675805, 39.96898496 -3.349106843, 39.971704888 -3.343704059, 39.970728304 -3.341226403, 39.97409675 -3.342905428, 39.975782888 -3.351397829)), ((39.980494147 -3.367910365, 39.97952901 -3.367839086, 39.98007452 -3.365812237, 39.978819458 -3.363208471, 39.982191715 -3.361133463, 39.986193411 -3.360604935, 39.980494147 -3.367910365)), ((39.96388462 -3.361857491, 39.961668242 -3.36712415, 39.957639843 -3.369226812, 39.953519887 -3.368290156, 39.948823898 -3.364242186, 39.949659331 -3.361925685, 39.959863851 -3.3643218, 39.959341225 -3.361509197, 39.962408303 -3.361732334, 39.965402897 -3.358463675, 39.96388462 -3.361857491)), ((40.18493131 -2.977250839, 40.184656646 -2.977296373, 40.182985775 -2.976791689, 40.184065356 -2.976482965, 40.18493131 -2.977250839)), ((40.161287344 -2.972174441, 40.159654621 -2.972221406, 40.158048597 -2.96653374, 40.160116198 -2.958173884, 40.162237215 -2.963119182, 40.161108044 -2.965363687, 40.162370738 -2.970011705, 40.161287344 -2.972174441)), ((40.167631262 -2.909656585, 40.164987632 -2.919961759, 40.165170738 -2.9158549, 40.16303447 -2.921754742, 40.16222193 -2.930267171, 40.165052505 -2.946771607, 40.16449555 -2.950127994, 40.163145121 -2.95082602, 40.163526593 -2.943408547, 40.160963065 -2.942949874, 40.159479112 -2.935073011, 40.162565266 -2.938633463, 40.162900965 -2.937131802, 40.159860586 -2.930079555, 40.160844797 -2.930567075, 40.161825186 -2.920408279, 40.16680727 -2.908418115, 40.166498271 -2.905352096, 40.169962081 -2.900038948, 40.170355004 -2.902724962, 40.167631262 -2.909656585)), ((40.177603132 -2.978534134, 40.17337254 -2.967205053, 40.169653134 -2.963156604, 40.170892933 -2.961138337, 40.171861886 -2.961245853, 40.171385041 -2.963589054, 40.176695212 -2.972845515, 40.177603132 -2.978534134)), ((40.17052665 -2.87802254, 40.170332101 -2.884028705, 40.169218185 -2.881343406, 40.169782769 -2.878158904, 40.167554943 -2.879282707, 40.166612693 -2.877646592, 40.16855441 -2.875311018, 40.169229622 -2.87165592, 40.170511385 -2.871111898, 40.17052665 -2.87802254)), ((40.182211265 -2.833743214, 40.179933845 -2.833474305, 40.182051041 -2.829121419, 40.182737701 -2.830703657, 40.182211265 -2.833743214)), ((40.185499588 -2.818869645, 40.183775308 -2.815307762, 40.184999849 -2.813940556, 40.185850544 -2.815414085, 40.185499588 -2.818869645)), ((40.181043929 -2.81342896, 40.179750721 -2.812860623, 40.18040686 -2.810797538, 40.181055372 -2.811728476, 40.181043929 -2.81342896)), ((40.09475361 -2.596223672, 40.180441124 -2.718373775, 40.179952839 -2.72599937, 40.182348519 -2.73004925, 40.182134895 -2.733495751, 40.178461273 -2.739767732, 40.17507757 -2.740693667, 40.17798442 -2.730659549, 40.176267771 -2.728798149, 40.178846552 -2.722246769, 40.17241103 -2.721882265, 40.171556519 -2.71927802, 40.167634932 -2.718160181, 40.165262147 -2.722658013, 40.167821864 -2.72957509, 40.166299774 -2.734813858, 40.16409865 -2.73497883, 40.161168903 -2.732521201, 40.158117085 -2.733655018, 40.165964078 -2.741082499, 40.165082868 -2.743634059, 40.166604966 -2.748652784, 40.166917776 -2.746490526, 40.168813718 -2.747148976, 40.170137446 -2.750096512, 40.171205583 -2.749814964, 40.169797929 -2.746316018, 40.172899338 -2.744594315, 40.17132766 -2.756228073, 40.175451434 -2.761868058, 40.170099307 -2.760905655, 40.173143497 -2.762928687, 40.173341866 -2.764665168, 40.172121141 -2.766909673, 40.172189805 -2.765082363, 40.170553267 -2.764658971, 40.16732216 -2.7710933, 40.16523929 -2.765731522, 40.167093269 -2.765015139, 40.167245859 -2.763649126, 40.164030003 -2.760196906, 40.162668135 -2.768691695, 40.163724828 -2.769703688, 40.160051203 -2.771254223, 40.159120401 -2.774448024, 40.161394004 -2.772745393, 40.162977136 -2.774778915, 40.164003309 -2.773773834, 40.166524875 -2.774440628, 40.167482387 -2.780680898, 40.166563025 -2.778474776, 40.165159189 -2.778467148, 40.163946094 -2.782140842, 40.162660515 -2.781762269, 40.162774957 -2.779374011, 40.160997275 -2.782198059, 40.159135665 -2.78087925, 40.158208677 -2.784453055, 40.16166105 -2.789343045, 40.155359048 -2.792542333, 40.155343792 -2.795852947, 40.159143304 -2.794392765, 40.16275971 -2.795944963, 40.164628952 -2.800936034, 40.163885073 -2.802836294, 40.16570472 -2.802644622, 40.166784296 -2.796438441, 40.168619202 -2.79667183, 40.168375058 -2.798734438, 40.170263371 -2.800396776, 40.171438325 -2.805271033, 40.172052504 -2.805975972, 40.171972391 -2.802403121, 40.175657469 -2.811806436, 40.179865167 -2.817057358, 40.181097342 -2.820918429, 40.179418841 -2.820250681, 40.180033021 -2.822185746, 40.178781777 -2.823679541, 40.179842285 -2.826192956, 40.176500546 -2.828855611, 40.177908202 -2.835321642, 40.176775219 -2.840270519, 40.174791539 -2.843022333, 40.176229712 -2.84847494, 40.169561501 -2.863903976, 40.169836162 -2.86030371, 40.172723941 -2.854394093, 40.168993097 -2.859544656, 40.168714622 -2.863931869, 40.163572319 -2.877767223, 40.163438808 -2.885464812, 40.162054044 -2.883693526, 40.159372259 -2.884112391, 40.157369502 -2.882359462, 40.159372256 -2.880421773, 40.15682017 -2.876435544, 40.158719923 -2.872118895, 40.157056682 -2.871243265, 40.157712821 -2.869207357, 40.15572151 -2.869933038, 40.155595625 -2.872339176, 40.157262682 -2.874273286, 40.156015253 -2.87611061, 40.152932914 -2.873481575, 40.151937261 -2.877227263, 40.152490406 -2.879931396, 40.154371089 -2.880734553, 40.15329151 -2.882960702, 40.155725338 -2.887200346, 40.155629971 -2.889787426, 40.153669179 -2.890639696, 40.152868079 -2.89433103, 40.150499104 -2.892804817, 40.148275089 -2.888953759, 40.146108298 -2.889145908, 40.147081067 -2.892093682, 40.143853772 -2.89604058, 40.145433088 -2.895966675, 40.146981889 -2.899266561, 40.143273932 -2.902526638, 40.147546479 -2.904973537, 40.149362313 -2.907504355, 40.149484382 -2.902221962, 40.150533443 -2.901081233, 40.156370045 -2.900215849, 40.158071435 -2.902104664, 40.157525921 -2.899482063, 40.158723758 -2.897789446, 40.160661662 -2.896756233, 40.163282413 -2.89957551, 40.16388133 -2.896490657, 40.166189266 -2.894715315, 40.167474842 -2.891331035, 40.170465624 -2.892160177, 40.166505898 -2.901960189, 40.163251899 -2.904876021, 40.163465533 -2.912944317, 40.162687317 -2.909978186, 40.15975376 -2.914612381, 40.159143394 -2.91229755, 40.156404388 -2.912236999, 40.158613139 -2.909521183, 40.156877417 -2.908898731, 40.15514551 -2.909199112, 40.151216297 -2.913372964, 40.149057135 -2.912615341, 40.150644083 -2.915716165, 40.150632641 -2.918185715, 40.148622257 -2.920485291, 40.150975972 -2.92054608, 40.150235909 -2.924047412, 40.153219059 -2.921041228, 40.152795618 -2.91991099, 40.158475814 -2.918711135, 40.16020772 -2.91714463, 40.157758642 -2.925712845, 40.158849674 -2.934494662, 40.15757554 -2.934170443, 40.157133025 -2.932244199, 40.156530292 -2.933791632, 40.15775484 -2.941080847, 40.155435457 -2.94045911, 40.154947165 -2.938976283, 40.154344433 -2.941807959, 40.152574377 -2.939874087, 40.151693166 -2.941883056, 40.149698041 -2.942717208, 40.153062688 -2.965435451, 40.15102942 -2.972700829, 40.151429975 -2.976834149, 40.157587017 -2.975136283, 40.166956101 -2.977586516, 40.168043313 -2.980082051, 40.169191557 -2.976724949, 40.172769812 -2.974206524, 40.173956207 -2.974919806, 40.168337053 -2.9826143, 40.168237873 -2.987905752, 40.16771906 -2.983329491, 40.163065037 -2.982873203, 40.158720011 -2.983972215, 40.158372869 -2.986668005, 40.155031129 -2.987639474, 40.154165178 -2.990408213, 40.151922092 -2.991134133, 40.152356979 -2.99420921, 40.156522711 -2.995109154, 40.156427344 -2.997759648, 40.153573895 -2.998757579, 40.153531934 -3.001570659, 40.151319367 -3.002450345, 40.165342472 -3.002507787, 40.165529398 -3.005338747, 40.159040469 -3.005345665, 40.152158621 -3.007939903, 40.154840413 -3.015272743, 40.157789234 -3.017548952, 40.156900393 -3.018753094, 40.157094957 -3.031687541, 40.15907101 -3.032833989, 40.159265559 -3.027216887, 40.161424719 -3.025930021, 40.162748447 -3.02743025, 40.165094532 -3.027246682, 40.168905484 -3.020295987, 40.174383494 -3.015514223, 40.176298506 -3.010826628, 40.178968848 -3.011809774, 40.18070075 -3.005892291, 40.17705001 -3.002657967, 40.182878982 -3.002344232, 40.186293199 -2.99588225, 40.193144531 -2.996055798, 40.200629112 -2.992022359, 40.21690675 -2.9959752, 40.226531418 -2.990519247, 40.226642043 -2.986512276, 40.230338553 -2.980230999, 40.238788273 -2.978186264, 40.240501106 -2.978926008, 40.240741438 -2.980562839, 40.241450991 -2.987309701, 40.240394303 -2.991751985, 40.237346303 -2.996313945, 40.233157679 -2.992447394, 40.221640888 -3.001849051, 40.213362831 -3.002039298, 40.20698835 -3.006731664, 40.197935903 -3.017351526, 40.196570217 -3.021061694, 40.197417101 -3.026849487, 40.196188747 -3.029727174, 40.182543309 -3.035223657, 40.177744328 -3.039036816, 40.171900102 -3.04669555, 40.169859204 -3.053110805, 40.17205652 -3.061321422, 40.174345386 -3.064520941, 40.174734499 -3.071349574, 40.166010117 -3.075818326, 40.159509748 -3.081089757, 40.156179458 -3.089206927, 40.159544095 -3.09698223, 40.164217219 -3.130118641, 40.16327116 -3.135320456, 40.153566388 -3.147849875, 40.142415826 -3.169688446, 40.126554016 -3.188275767, 40.122712548 -3.197804721, 40.12141935 -3.21017107, 40.130006418 -3.225556703, 40.12602763 -3.249268587, 40.132512749 -3.255285473, 40.130609185 -3.264387219, 40.12427667 -3.272905851, 40.123975305 -3.274878106, 40.126008582 -3.278919165, 40.119637923 -3.291897244, 40.117555057 -3.292369986, 40.112000753 -3.298472706, 40.088860355 -3.313803058, 40.074581665 -3.319625908, 40.071251371 -3.323510107, 40.053985721 -3.336943056, 40.041351198 -3.342691525, 40.035423045 -3.346768351, 40.027053435 -3.349436493, 40.023581995 -3.353673519, 40.023971103 -3.354704346, 40.025985303 -3.354466901, 40.025268127 -3.355607391, 40.019961781 -3.359059379, 40.018947051 -3.358689626, 40.020476774 -3.357512184, 40.019469673 -3.356563367, 40.014689763 -3.357454736, 40.013160041 -3.359989132, 40.015494683 -3.360638045, 40.015349723 -3.361723703, 40.013106638 -3.363372218, 40.012412346 -3.360378911, 40.010005224 -3.360164356, 40.007617178 -3.361677461, 39.99118315 -3.378184534, 39.976240695 -3.389416365, 39.972883695 -3.389962535, 39.969259658 -3.387677507, 39.972109284 -3.376711261, 39.982802086 -3.368776458, 39.987082263 -3.370798296, 39.992693791 -3.367997607, 39.995943975 -3.36417706, 39.99821758 -3.365223858, 39.996672595 -3.363407277, 39.992934121 -3.366360061, 39.990603294 -3.366109031, 39.99171339 -3.362652518, 39.993410964 -3.36230708, 39.992796783 -3.360091661, 39.991663796 -3.36023756, 39.989733518 -3.35755274, 39.991404388 -3.356908829, 39.993780988 -3.352655116, 39.9902218 -3.347195122, 39.990000539 -3.343251327, 39.984881109 -3.337765825, 39.983553565 -3.334040403, 39.987410294 -3.32698982, 39.991686651 -3.323204554, 39.993285041 -3.323546652, 39.997443136 -3.315102879, 39.989546558 -3.317019356, 39.990309515 -3.319551366, 39.971670537 -3.322844593, 39.967951136 -3.325932787, 39.954191254 -3.331192782, 39.950124709 -3.3339918, 39.948888726 -3.338045497, 39.956407648 -3.343121908, 39.955419625 -3.346325244, 39.947706158 -3.351362095, 39.94798082 -3.349037012, 39.945867434 -3.347799974, 39.94217092 -3.348617439, 39.938718553 -3.351795985, 39.937513091 -3.358391466, 39.938871156 -3.365409623, 39.932824743 -3.367957373, 39.936494557 -3.36981734, 39.934877095 -3.372107379, 39.937230809 -3.370748278, 39.937391031 -3.372693117, 39.939531118 -3.372111904, 39.937082036 -3.375108552, 39.937085853 -3.376872449, 39.943078859 -3.374487523, 39.94444455 -3.37674776, 39.939069542 -3.384821782, 39.936132169 -3.386941369, 39.935510364 -3.390813645, 39.938524034 -3.38966171, 39.94500151 -3.380166367, 39.94785496 -3.379593736, 39.952352584 -3.387061267, 39.960207203 -3.389332941, 39.96126008 -3.388852333, 39.961366891 -3.385442069, 39.96709287 -3.3908458, 39.967417129 -3.393839584, 39.969080371 -3.395664985, 39.968119052 -3.399302442, 39.969950147 -3.403977159, 39.967924508 -3.410003589, 39.961199073 -3.420955773, 39.961275371 -3.423705678, 39.958288407 -3.427209157, 39.95675869 -3.43506242, 39.947698621 -3.453416344, 39.942918717 -3.460214466, 39.935037415 -3.480620507, 39.926664 -3.494043674, 39.925496684 -3.498341727, 39.926664007 -3.500999848, 39.906201619 -3.559781793, 39.89937319 -3.57491307, 39.895615643 -3.580018575, 39.885529408 -3.606026461, 39.87672111 -3.61939575, 39.870495415 -3.634906315, 39.870316119 -3.633739602, 39.865814691 -3.637977344, 39.857666335 -3.637686747, 39.851402475 -3.634336566, 39.845676501 -3.634948059, 39.84119032 -3.627724646, 39.837631136 -3.626886686, 39.83499131 -3.624211402, 39.830512766 -3.623871929, 39.8302381 -3.620832612, 39.827682201 -3.620129344, 39.824126824 -3.611710849, 39.816123426 -3.606996087, 39.804324332 -3.607232826, 39.800349337 -3.605987923, 39.790720852 -3.608086061, 39.787054858 -3.61200602, 39.782107098 -3.612462792, 39.779352826 -3.606992308, 39.77861275 -3.596490224, 39.779772441 -3.595783615, 39.782488551 -3.587079037, 39.784033534 -3.586887604, 39.782240589 -3.585224789, 39.782534325 -3.583985126, 39.788618885 -3.580488081, 39.79057968 -3.582051484, 39.79141893 -3.581399468, 39.789843423 -3.575647437, 39.79152192 -3.57279645, 39.789229242 -3.573060834, 39.787672812 -3.570936245, 39.786314745 -3.562786897, 39.78333159 -3.559505848, 39.780043254 -3.558866233, 39.784079287 -3.56113338, 39.783121781 -3.563305174, 39.784151772 -3.566054363, 39.783716893 -3.571554888, 39.788821065 -3.577140992, 39.787394342 -3.579883031, 39.782664027 -3.583370063, 39.777186014 -3.584604963, 39.780497241 -3.589025548, 39.779432922 -3.591432878, 39.774092238 -3.590161752, 39.773264433 -3.590913417, 39.772314553 -3.589484946, 39.77085731 -3.590146498, 39.77203989 -3.590335545, 39.772127632 -3.5929858, 39.774607236 -3.594033074, 39.774176172 -3.599841131, 39.77703344 -3.603013948, 39.778872169 -3.611045289, 39.780859668 -3.613449756, 39.788248886 -3.615270622, 39.804545596 -3.61451465, 39.805827365 -3.619823503, 39.811278681 -3.624721594, 39.811534277 -3.631949063, 39.807189246 -3.627448139, 39.797202173 -3.630532763, 39.794177057 -3.629902207, 39.792597737 -3.625543365, 39.793219544 -3.62424005, 39.791605893 -3.622839472, 39.786597096 -3.622997534, 39.789107221 -3.627681309, 39.791747045 -3.628601517, 39.792098009 -3.632789668, 39.793822287 -3.63328577, 39.798068138 -3.642590385, 39.801947762 -3.642125508, 39.806842119 -3.645052059, 39.806014314 -3.645731252, 39.807189265 -3.646833835, 39.811351184 -3.648313559, 39.820476122 -3.648061088, 39.82310831 -3.642839008, 39.826720897 -3.63989576, 39.827773771 -3.636475483, 39.830680631 -3.639286176, 39.830753111 -3.637965221, 39.83445344 -3.636749633, 39.838626797 -3.632105186, 39.839412643 -3.634782141, 39.84355549 -3.638152349, 39.851753437 -3.637276234, 39.857204751 -3.640627131, 39.861793924 -3.641482017, 39.86823709 -3.655940286, 39.869175536 -3.668241788, 39.866451797 -3.677389783, 39.860485494 -3.680163771, 39.857071271 -3.678846395, 39.855297403 -3.680756669, 39.851532222 -3.680615542, 39.840789816 -3.676120823, 39.839462276 -3.677108263, 39.839603427 -3.681178646, 39.837467154 -3.681741503, 39.835304181 -3.685208268, 39.838878623 -3.684843041, 39.84151844 -3.678119301, 39.851726778 -3.682786381, 39.853443424 -3.681753645, 39.856109952 -3.68283644, 39.857372639 -3.679985692, 39.860615198 -3.681312366, 39.864586374 -3.679119352, 39.868614777 -3.681657318, 39.870735806 -3.697006241, 39.867073634 -3.706942138, 39.86154222 -3.714446629, 39.862522623 -3.720271372, 39.857838088 -3.72712361, 39.854832062 -3.742350956, 39.850563338 -3.749329305, 39.846889723 -3.761508751, 39.844402496 -3.765826116, 39.843357259 -3.777161636, 39.841034064 -3.779371098, 39.83711631 -3.796317999, 39.830753283 -3.811141505, 39.829437199 -3.824286455, 39.806895755 -3.873409761, 39.787345079 -3.909485858, 39.783522691 -3.923302612, 39.775179802 -3.942542416, 39.767035271 -3.952419194, 39.762617765 -3.953780205, 39.762903875 -3.954965036, 39.75876103 -3.953792844, 39.757475453 -3.95580229, 39.754980592 -3.956510092, 39.754541895 -3.958192934, 39.750921675 -3.958585339, 39.744867629 -3.956998578, 39.736955782 -3.950519682, 39.731969877 -3.954269189, 39.723218788 -3.954919067, 39.715600683 -3.952628084, 39.704579796 -3.946350399, 39.700387356 -3.942617828, 39.698598219 -3.934631545, 39.700616224 -3.924959556, 39.69907124 -3.92419192, 39.693783964 -3.924304926, 39.690648223 -3.926758983, 39.68674571 -3.926789264, 39.677018036 -3.925123836, 39.671627758 -3.92205234, 39.649853035 -3.925697208, 39.644584835 -3.927411047, 39.64162839 -3.931113349, 39.645992497 -3.937098528, 39.650554966 -3.937791542, 39.651527736 -3.940260376, 39.649170209 -3.942704659, 39.650883044 -3.944114534, 39.650448161 -3.945951381, 39.654087456 -3.946545461, 39.654228604 -3.948463361, 39.652462364 -3.948473614, 39.647426867 -3.951978526, 39.647808349 -3.956121381, 39.650654172 -3.958362783, 39.650062886 -3.961655994, 39.643791396 -3.959227455, 39.628539938 -3.965236972, 39.62282159 -3.962898307, 39.623451025 -3.960147687, 39.621528376 -3.957751803, 39.618251489 -3.960585865, 39.613597465 -3.959838497, 39.610396871 -3.961577842, 39.610290054 -3.958357343, 39.603652346 -3.955557859, 39.600421228 -3.951742563, 39.584357234 -3.968010524, 39.584048242 -3.972090682, 39.570326508 -3.977473691, 39.569876368 -3.981345968, 39.57225679 -3.984546677, 39.574492248 -3.984527127, 39.574919507 -3.988525275, 39.570933074 -3.993648422, 39.556261447 -3.986466502, 39.552164382 -3.987591023, 39.544943024 -3.99603623, 39.542669419 -3.995540129, 39.540048665 -3.991615647, 39.546808432 -3.980818897, 39.548986655 -3.968496176, 39.545732644 -3.95923471, 39.541231211 -3.959490992, 39.532678484 -3.954919031, 39.528081675 -3.948200305, 39.531507331 -3.937894179, 39.527463665 -3.932414637, 39.523362782 -3.931440315, 39.522050499 -3.92985784, 39.520471169 -3.916452086, 39.517762676 -3.913169845, 39.50037874 -3.900614707, 39.497582506 -3.895740214, 39.497605388 -3.889624865, 39.496342696 -3.887969917, 39.486668426 -3.883226312, 39.467441945 -3.861579444, 39.460270167 -3.858046176, 39.451187188 -3.855861757, 39.450641673 -3.853220562, 39.437469247 -3.840417486, 39.436118813 -3.836274631, 39.422206325 -3.82803113, 39.420005195 -3.823011453, 39.414973509 -3.822923251, 39.409979974 -3.827087092, 39.404913951 -3.822928268, 39.404685068 -3.826194063, 39.401297551 -3.828439286, 39.398657727 -3.827535766, 39.395674568 -3.821485024, 39.391424908 -3.820184337, 39.383780093 -3.811168185, 39.379934799 -3.809342309, 39.378847587 -3.807180769, 39.381174598 -3.806220743, 39.382662354 -3.800918801, 39.37946557 -3.79778079, 39.378408875 -3.794787006, 39.383501594 -3.790342812, 39.384150103 -3.78824349, 39.38857524 -3.78790687, 39.390494069 -3.78559013, 39.390673357 -3.779148653, 39.385317412 -3.77704314, 39.384638381 -3.77498101, 39.386152842 -3.771216726, 39.390845014 -3.771712348, 39.39267229 -3.770607854, 39.395464694 -3.760148439, 39.391825386 -3.7461548, 39.392531114 -3.741432162, 39.389994287 -3.739207925, 39.377222429 -3.743139813, 39.372556959 -3.741350412, 39.371362933 -3.73920699, 39.362627098 -3.735682304, 39.358743653 -3.730970638, 39.353944648 -3.710309761, 39.350183278 -3.707760113, 39.347978336 -3.704268797, 39.348081326 -3.695077177, 39.353776781 -3.692867712, 39.354631279 -3.681622066, 39.353647063 -3.677515208, 39.356252548 -3.671443959, 39.354772407 -3.662768707, 39.357385522 -3.657203812, 39.354802914 -3.651016946, 39.355966418 -3.648989858, 39.353032851 -3.642640167, 39.349458405 -3.639285215, 39.345220191 -3.638798413, 39.3441902 -3.636537222, 39.347707409 -3.623734605, 39.34642182 -3.612462737, 39.34818805 -3.601913446, 39.346475213 -3.597969891, 39.330746894 -3.591290033, 39.325844906 -3.587003666, 39.323063931 -3.581468099, 39.31957341 -3.578990446, 39.320961978 -3.56794386, 39.31879137 -3.566705153, 39.311936224 -3.569059565, 39.307224978 -3.568690293, 39.303696315 -3.571369398, 39.289440506 -3.571889593, 39.087417712 -3.571714086, 39.15683874 -3.320036768, 39.219557229 -3.072020257, 39.280757588 -3.002100127, 39.505100419 -2.752546531, 39.750928035 -2.474205084, 39.891132288 -2.312093788, 39.973909119 -2.425573675, 40.09475361 -2.596223672)), ((40.173845437 -2.791673602, 40.174776243 -2.793807251, 40.174352806 -2.798031878, 40.1727773 -2.791991385, 40.173219818 -2.796920474, 40.171957128 -2.797256376, 40.171678643 -2.788455725, 40.173845437 -2.791673602)), ((40.171476459 -2.786999598, 40.170267177 -2.788040916, 40.17085084 -2.792219294, 40.169832296 -2.792338016, 40.16889386 -2.790059421, 40.169832292 -2.787561977, 40.168050793 -2.787419179, 40.171770195 -2.785488879, 40.171476459 -2.786999598)), ((40.164766272 -2.784111905, 40.166524884 -2.786525193, 40.165418601 -2.788796637, 40.166601183 -2.791509113, 40.165052386 -2.792424081, 40.161023981 -2.786195971, 40.161603825 -2.783915945, 40.164766272 -2.784111905)), ((40.174043804 -2.790280411, 40.172376744 -2.784782747, 40.172796368 -2.783144962, 40.173212178 -2.783479194, 40.174043804 -2.790280411)), ((40.176874354 -2.77484661, 40.175695592 -2.779623603, 40.172929882 -2.779155871, 40.175153893 -2.77745324, 40.175665071 -2.775281923, 40.174013276 -2.777354783, 40.173296098 -2.776613847, 40.176420394 -2.772847892, 40.176874354 -2.77484661)), ((40.182565985 -2.761444899, 40.176737018 -2.769989278, 40.175810028 -2.769972114, 40.175390402 -2.768624935, 40.177713597 -2.765447821, 40.182565985 -2.761444899)), ((40.183878269 -2.764645611, 40.18309624 -2.764320677, 40.185045586 -2.759796146, 40.184866293 -2.762582287, 40.183878269 -2.764645611)), ((40.18890231 -2.744976453, 40.187593844 -2.745846125, 40.188150802 -2.74833284, 40.186178567 -2.750994063, 40.187464143 -2.748677323, 40.187128441 -2.745059654, 40.18890231 -2.744976453)), ((40.184648845 -2.754161402, 40.185671204 -2.754422684, 40.183378527 -2.755980847, 40.183241194 -2.754886606, 40.184648845 -2.754161402)), ((40.192503452 -2.740007072, 40.195074609 -2.74073704, 40.194628283 -2.744319427, 40.187067414 -2.757930929, 40.185362211 -2.758782959, 40.184545848 -2.757155426, 40.187960066 -2.752077813, 40.18964619 -2.744007846, 40.191576467 -2.746303366, 40.193045153 -2.744628629, 40.192362306 -2.741002139, 40.190348107 -2.742903593, 40.19093558 -2.73982756, 40.192503452 -2.740007072)), ((40.169038786 -2.742427292, 40.167890539 -2.741695653, 40.16885186 -2.739424448, 40.17086606 -2.738499706, 40.170911839 -2.741584082, 40.169038786 -2.742427292)), ((40.173219771 -2.73446341, 40.172666632 -2.73779262, 40.172365264 -2.736725556, 40.169652961 -2.73738854, 40.170022992 -2.734375921, 40.173219771 -2.73446341)), ((40.169179926 -2.732821098, 40.167379353 -2.733039948, 40.168634412 -2.73103956, 40.169023519 -2.731455324, 40.169179926 -2.732821098)), ((40.171762521 -2.724261702, 40.170614274 -2.723702186, 40.17166715 -2.722814635, 40.171823556 -2.723420401, 40.171762521 -2.724261702)), ((40.183718032 -2.743118154, 40.183534928 -2.749495265, 40.179907079 -2.749308842, 40.174604546 -2.751367401, 40.175367497 -2.746400883, 40.177908136 -2.746561083, 40.178888531 -2.744244582, 40.183718032 -2.743118154)))",Kilifi,Kilifi,539587344,-215.91660000000002,2472.0351999999984,106288366738,0.0,3.0,0.0,0.0,3.0,100.0,50.0,0.25,0.6580053301400784,2.75,11.0,4.179297452521502,0,0,1,1,,,0.0,0.0,0.0,0.0,,0,0,0,0,,,0.0,0.0,0.0,0.0,,0,0,0,0,,,0.0,0.0,0.0,0.0,,0,0,0,0,100.0,50.0,0.25,0.6580053301400784,2.75,11.0,4.179297452521502,0,0,1,1,17.94,70.47534032582008,51.39714611024243,7.8900000000000015,9.727916648431998,10.05,1.273764258555133,1.033109180846026,0.0,0.0,1.0,0.0,0.31704004263614444,0.0,0.0,0.0,0.0,0.6839489812820938,0.34655794995962524,0.31704004263614444
17,24227781,2021-07-01,Kenya,Kenya_2021-07,54986000,866820,86682.0,0.1,2.0,0.5,0.4,0.1,0.0,0.0,0.5,0.3,0.15,0.05,0.0,,,,,,Kwale,"MULTIPOLYGON (((39.535593519 -4.446336831, 39.534609309 -4.448192034, 39.532240334 -4.447280409, 39.533251244 -4.443235772, 39.537813712 -4.441920771, 39.535593519 -4.446336831)), ((39.364585098 -4.65658372, 39.366236897 -4.657994072, 39.377788032 -4.658178099, 39.381408254 -4.660139145, 39.390590417 -4.661744496, 39.395435179 -4.661533747, 39.398151294 -4.657877218, 39.400211271 -4.657713198, 39.40521627 -4.6700135, 39.402278898 -4.673127439, 39.396884804 -4.669891928, 39.394756161 -4.670562302, 39.388408375 -4.668946935, 39.368758479 -4.671653237, 39.356856384 -4.670799792, 39.352980572 -4.669363696, 39.351809431 -4.665365311, 39.361064058 -4.653907961, 39.364585098 -4.65658372)), ((39.282041038 -4.669739497, 39.280133653 -4.670861871, 39.275758106 -4.669787184, 39.272446878 -4.666450114, 39.271119334 -4.664551048, 39.271229951 -4.655477199, 39.274892135 -4.656127063, 39.288106523 -4.665059765, 39.286065623 -4.668245223, 39.282041038 -4.669739497)), ((39.320961978 -3.56794386, 39.31957341 -3.578990446, 39.323063931 -3.581468099, 39.325844906 -3.587003666, 39.330746894 -3.591290033, 39.346475213 -3.597969891, 39.34818805 -3.601913446, 39.34642182 -3.612462737, 39.347707409 -3.623734605, 39.3441902 -3.636537222, 39.345220191 -3.638798413, 39.349458405 -3.639285215, 39.353032851 -3.642640167, 39.355966418 -3.648989858, 39.354802914 -3.651016946, 39.357385522 -3.657203812, 39.354772407 -3.662768707, 39.356252548 -3.671443959, 39.353647063 -3.677515208, 39.354631279 -3.681622066, 39.353776781 -3.692867712, 39.348081326 -3.695077177, 39.347978336 -3.704268797, 39.350183278 -3.707760113, 39.353944648 -3.710309761, 39.358743653 -3.730970638, 39.362627098 -3.735682304, 39.371362933 -3.73920699, 39.372556959 -3.741350412, 39.377222429 -3.743139813, 39.389994287 -3.739207925, 39.392531114 -3.741432162, 39.391825386 -3.7461548, 39.395464694 -3.760148439, 39.39267229 -3.770607854, 39.390845014 -3.771712348, 39.386152842 -3.771216726, 39.384638381 -3.77498101, 39.385317412 -3.77704314, 39.390673357 -3.779148653, 39.390494069 -3.78559013, 39.38857524 -3.78790687, 39.384150103 -3.78824349, 39.383501594 -3.790342812, 39.378408875 -3.794787006, 39.37946557 -3.79778079, 39.382662354 -3.800918801, 39.381174598 -3.806220743, 39.378847587 -3.807180769, 39.379934799 -3.809342309, 39.383780093 -3.811168185, 39.391424908 -3.820184337, 39.395674568 -3.821485024, 39.398657727 -3.827535766, 39.401297551 -3.828439286, 39.404685068 -3.826194063, 39.404913951 -3.822928268, 39.409979974 -3.827087092, 39.414973509 -3.822923251, 39.420005195 -3.823011453, 39.422206325 -3.82803113, 39.436118813 -3.836274631, 39.437469247 -3.840417486, 39.450641673 -3.853220562, 39.451187188 -3.855861757, 39.460270167 -3.858046176, 39.467441945 -3.861579444, 39.486668426 -3.883226312, 39.496342696 -3.887969917, 39.497605388 -3.889624865, 39.497582506 -3.895740214, 39.50037874 -3.900614707, 39.517762676 -3.913169845, 39.520471169 -3.916452086, 39.522050499 -3.92985784, 39.523362782 -3.931440315, 39.527463665 -3.932414637, 39.531507331 -3.937894179, 39.528081675 -3.948200305, 39.532678484 -3.954919031, 39.541231211 -3.959490992, 39.545732644 -3.95923471, 39.548986655 -3.968496176, 39.546808432 -3.980818897, 39.540048665 -3.991615647, 39.542669419 -3.995540129, 39.544943024 -3.99603623, 39.552164382 -3.987591023, 39.556261447 -3.986466502, 39.570933074 -3.993648422, 39.568144492 -4.010739075, 39.565119381 -4.014848082, 39.563746062 -4.013998915, 39.557482208 -4.018010659, 39.553503406 -4.02460805, 39.556486559 -4.023873309, 39.557337256 -4.026686388, 39.554232033 -4.028796201, 39.552870156 -4.026210076, 39.551500652 -4.026482326, 39.550295186 -4.028084353, 39.5501426 -4.032888044, 39.548219955 -4.033459244, 39.54538939 -4.030973248, 39.546118006 -4.025328016, 39.543146296 -4.024606154, 39.53879745 -4.020465687, 39.537019768 -4.022637959, 39.535707484 -4.021390669, 39.534296019 -4.022259865, 39.532487812 -4.018353024, 39.530126467 -4.018246224, 39.53450202 -4.025371893, 39.537885727 -4.027495527, 39.536455191 -4.03181146, 39.538515176 -4.038061262, 39.545213918 -4.038047905, 39.54814748 -4.039674243, 39.548044484 -4.041773086, 39.54398175 -4.041911361, 39.538801292 -4.045424855, 39.540269982 -4.047595216, 39.546919134 -4.049381753, 39.548029231 -4.04804244, 39.550882684 -4.049569128, 39.555914369 -4.049031777, 39.559805441 -4.051119173, 39.562738995 -4.045399559, 39.563013655 -4.04154564, 39.566256209 -4.03879311, 39.570051899 -4.02982558, 39.572359837 -4.029027903, 39.573626342 -4.030040133, 39.575808397 -4.033620847, 39.566328692 -4.040828539, 39.563662173 -4.04799522, 39.564726498 -4.051025239, 39.569247009 -4.054676516, 39.571436702 -4.066752254, 39.57623951 -4.074320386, 39.573008402 -4.079461173, 39.56753039 -4.081247247, 39.564097089 -4.07722407, 39.56035098 -4.0761408, 39.557848482 -4.070199483, 39.556002134 -4.071837746, 39.547537153 -4.073263844, 39.544523481 -4.072370337, 39.544191597 -4.07402624, 39.535860134 -4.076383991, 39.533910788 -4.078791322, 39.529329241 -4.075329809, 39.527570633 -4.077800553, 39.542852623 -4.084159049, 39.544546374 -4.077011441, 39.545423774 -4.078693567, 39.552668033 -4.082125993, 39.554808124 -4.085399175, 39.557196172 -4.085090211, 39.560530281 -4.082464507, 39.563921618 -4.084796022, 39.565493307 -4.087680619, 39.575747422 -4.090568067, 39.575846608 -4.092395615, 39.577559443 -4.093769254, 39.577395411 -4.096845046, 39.578223218 -4.098192463, 39.581721366 -4.099067375, 39.584792266 -4.105949403, 39.58336936 -4.1097771, 39.575720745 -4.114930289, 39.575942003 -4.11601547, 39.577803611 -4.114286139, 39.579821627 -4.115786605, 39.577361104 -4.120609847, 39.59674015 -4.117511147, 39.60081432 -4.110551393, 39.600825759 -4.105982761, 39.599154885 -4.102835928, 39.601722224 -4.099323867, 39.606891239 -4.096705791, 39.607623666 -4.088002408, 39.609748495 -4.088217916, 39.610603011 -4.093744901, 39.614333858 -4.093162733, 39.613593795 -4.095696412, 39.631076922 -4.114227911, 39.632389211 -4.120152065, 39.638492849 -4.120617408, 39.633098766 -4.127397412, 39.630657324 -4.139168484, 39.627006592 -4.144029393, 39.643722939 -4.153677284, 39.634063952 -4.171117433, 39.630451372 -4.180347675, 39.62291339 -4.189336664, 39.61378084 -4.204994084, 39.607219458 -4.230591206, 39.60393113 -4.236763297, 39.601009034 -4.254505249, 39.598628619 -4.25800825, 39.599273324 -4.265226421, 39.598025901 -4.272500855, 39.575282278 -4.322508372, 39.565272343 -4.348822595, 39.559245025 -4.369904963, 39.551592608 -4.386094481, 39.545504257 -4.409502169, 39.543539668 -4.425922448, 39.539667686 -4.437414597, 39.535578251 -4.438946061, 39.533861601 -4.437744068, 39.536905774 -4.423222854, 39.536524291 -4.418582227, 39.53352969 -4.415472109, 39.534967857 -4.413435724, 39.533087168 -4.408805589, 39.531053892 -4.40711536, 39.529074026 -4.408600096, 39.527159008 -4.407091048, 39.522760577 -4.409156521, 39.520803596 -4.407891591, 39.521223216 -4.403178014, 39.515043285 -4.405498096, 39.511327694 -4.404270358, 39.511697732 -4.407843445, 39.51807223 -4.41742841, 39.524370452 -4.444228465, 39.519533335 -4.457439454, 39.507890639 -4.451449993, 39.500776079 -4.44567413, 39.500959193 -4.450034403, 39.498224009 -4.457381788, 39.500798985 -4.460166256, 39.500974468 -4.463088044, 39.498353721 -4.465270329, 39.497174959 -4.467414946, 39.49783873 -4.468427654, 39.494310069 -4.472148074, 39.491834281 -4.472050335, 39.479977979 -4.484035497, 39.472520116 -4.500677015, 39.466946752 -4.517199333, 39.463894951 -4.532688914, 39.4619189 -4.533594823, 39.462964154 -4.539085094, 39.461545068 -4.54749954, 39.462010477 -4.552890639, 39.458912887 -4.557949895, 39.454251239 -4.562267738, 39.455357526 -4.564465276, 39.455483424 -4.573403239, 39.45427796 -4.576416573, 39.450859926 -4.579621104, 39.450219051 -4.585302571, 39.444905071 -4.585161447, 39.442345366 -4.591676351, 39.437058087 -4.58981591, 39.436909308 -4.586785414, 39.435768691 -4.587130137, 39.435364322 -4.585257771, 39.436005196 -4.578761941, 39.434185544 -4.574429801, 39.43338825 -4.568939053, 39.434269461 -4.567527267, 39.432320106 -4.563140773, 39.42876855 -4.561360909, 39.426895492 -4.558493954, 39.427074784 -4.556196288, 39.428146735 -4.55590592, 39.42972987 -4.559107584, 39.432377324 -4.560381572, 39.430847597 -4.557967093, 39.433239455 -4.553415147, 39.435097255 -4.557611877, 39.446770466 -4.560426849, 39.447640232 -4.558563064, 39.446617868 -4.555252691, 39.449070765 -4.553134296, 39.450104565 -4.549768136, 39.449177574 -4.548692492, 39.445217839 -4.548712999, 39.449082202 -4.547163416, 39.446713226 -4.545265306, 39.448334504 -4.544413752, 39.452214117 -4.534614218, 39.454857753 -4.533535709, 39.457940093 -4.535587346, 39.460278546 -4.532971657, 39.457249608 -4.526559747, 39.46025565 -4.526792895, 39.460091612 -4.524350284, 39.458500849 -4.522451696, 39.450310528 -4.520647521, 39.453617933 -4.518012758, 39.452114912 -4.517778655, 39.450920883 -4.513663455, 39.446785663 -4.508916508, 39.445488636 -4.505362017, 39.444096244 -4.505688622, 39.445896825 -4.512734668, 39.442013387 -4.514139305, 39.440884223 -4.521503853, 39.439800825 -4.519830787, 39.436665082 -4.520276115, 39.436558265 -4.517444441, 39.433803998 -4.517066348, 39.433044855 -4.51469621, 39.431423577 -4.51517682, 39.430344 -4.518859571, 39.427765211 -4.517440638, 39.428543422 -4.514717194, 39.426201152 -4.515505813, 39.425030021 -4.518971147, 39.428348893 -4.534728201, 39.426719987 -4.537090236, 39.427379945 -4.539007897, 39.425445856 -4.539886152, 39.424953747 -4.537154605, 39.422241444 -4.53798852, 39.421261044 -4.535664154, 39.419410879 -4.535909228, 39.417514934 -4.533386518, 39.416679501 -4.535693721, 39.413734497 -4.537206589, 39.413227142 -4.544760423, 39.415874595 -4.545437466, 39.413768842 -4.547220674, 39.412353567 -4.551754025, 39.409496301 -4.551249105, 39.408336613 -4.554343493, 39.406253741 -4.549523117, 39.405067348 -4.550898667, 39.401668385 -4.550855283, 39.398647088 -4.554249577, 39.394897164 -4.553084299, 39.392116195 -4.554054099, 39.391017535 -4.549856891, 39.392699849 -4.548689223, 39.392554885 -4.546771084, 39.388454005 -4.547877249, 39.384543861 -4.547101512, 39.381568334 -4.544253153, 39.376918128 -4.547331335, 39.375460896 -4.556659317, 39.380431547 -4.557353045, 39.384036512 -4.560445044, 39.383841962 -4.562987305, 39.386752636 -4.565003183, 39.386558086 -4.567689912, 39.389018622 -4.573026177, 39.389075854 -4.582136263, 39.388488381 -4.583339689, 39.386973915 -4.582906286, 39.38663822 -4.587375268, 39.390765818 -4.597586741, 39.392108618 -4.597603904, 39.393161493 -4.595386815, 39.394172409 -4.596046695, 39.391914069 -4.601259, 39.392345145 -4.606116567, 39.397147958 -4.617232039, 39.398551806 -4.626368346, 39.401065746 -4.62961435, 39.404712682 -4.639798646, 39.404106141 -4.645905413, 39.397003035 -4.648252674, 39.38445243 -4.649082786, 39.36072453 -4.642663274, 39.350245341 -4.638525199, 39.341841395 -4.638963382, 39.331774211 -4.642378664, 39.32518228 -4.641341647, 39.322851452 -4.639777769, 39.322172418 -4.636738213, 39.320677028 -4.637417645, 39.320631247 -4.634269381, 39.319727148 -4.636667174, 39.318945116 -4.634161627, 39.318540755 -4.637807188, 39.317384878 -4.637608843, 39.317171245 -4.63303163, 39.315904745 -4.636496964, 39.312151007 -4.636670521, 39.311975525 -4.634164497, 39.308721521 -4.632944864, 39.307889898 -4.630828381, 39.310110084 -4.620613562, 39.314725955 -4.616251377, 39.316251866 -4.617390434, 39.318124918 -4.616231347, 39.319154913 -4.620989741, 39.320028492 -4.617515349, 39.321901545 -4.616881212, 39.320646481 -4.613968961, 39.323637263 -4.613071633, 39.324877067 -4.615694947, 39.326383899 -4.612147604, 39.320814325 -4.609011266, 39.318826828 -4.609084218, 39.320253549 -4.605691356, 39.319097672 -4.604949945, 39.308721493 -4.610120302, 39.315034933 -4.60127006, 39.315618589 -4.597759432, 39.318098192 -4.597749416, 39.319196849 -4.59911495, 39.321394157 -4.5982181, 39.315027294 -4.593525987, 39.315187503 -4.584117428, 39.318609352 -4.58095867, 39.317277991 -4.577458057, 39.318479643 -4.575467444, 39.320741803 -4.575222369, 39.3190633 -4.572572355, 39.32530808 -4.569330632, 39.32969507 -4.569265306, 39.330828055 -4.566397394, 39.33154142 -4.569002113, 39.337091915 -4.567769597, 39.333563242 -4.561945096, 39.327875416 -4.563793153, 39.32731464 -4.560274421, 39.324896076 -4.562392339, 39.322782692 -4.562546822, 39.319982644 -4.559345637, 39.317491596 -4.558849298, 39.314374921 -4.554327396, 39.311933465 -4.553885412, 39.309949784 -4.555631907, 39.313322046 -4.55662554, 39.321104196 -4.56669111, 39.32290477 -4.567242281, 39.323000142 -4.568952061, 39.321390308 -4.569821256, 39.316297584 -4.56894587, 39.314477939 -4.570837311, 39.30930129 -4.569853693, 39.301847224 -4.571512465, 39.29588473 -4.569388836, 39.293748461 -4.572655348, 39.288487889 -4.574177278, 39.284100904 -4.577752755, 39.282441483 -4.582783401, 39.279027265 -4.586583923, 39.277669204 -4.58485698, 39.277768384 -4.582251306, 39.274205391 -4.586567718, 39.272084376 -4.586007966, 39.274468607 -4.583609693, 39.272568847 -4.582027219, 39.272690918 -4.580353675, 39.267315902 -4.580617825, 39.262379589 -4.584229062, 39.260327236 -4.580530104, 39.252487872 -4.577230705, 39.249264383 -4.572807976, 39.246086674 -4.57113539, 39.243679547 -4.566947719, 39.244186915 -4.569399388, 39.241779795 -4.571426716, 39.242416871 -4.57886278, 39.24596843 -4.582416792, 39.24496133 -4.583213037, 39.250084573 -4.584360195, 39.251831743 -4.587055505, 39.253418695 -4.59214813, 39.252373451 -4.595803704, 39.253655213 -4.594210737, 39.256245446 -4.595530974, 39.257233472 -4.594526369, 39.267254891 -4.601190018, 39.267605852 -4.602609907, 39.269101242 -4.60204872, 39.269131762 -4.603206373, 39.265572577 -4.602656158, 39.264138226 -4.60572337, 39.262268987 -4.605697149, 39.262074429 -4.60194288, 39.260525631 -4.602151241, 39.257290698 -4.598579111, 39.257119036 -4.600994545, 39.255680868 -4.601962913, 39.257065633 -4.603789983, 39.256493419 -4.605970358, 39.253433969 -4.604596245, 39.253536972 -4.607889454, 39.255444361 -4.609969224, 39.254856887 -4.610910414, 39.253586567 -4.610024534, 39.252987651 -4.613453154, 39.250824673 -4.611888798, 39.249710762 -4.61482966, 39.246422428 -4.615436621, 39.249756536 -4.611970808, 39.248169586 -4.608244195, 39.249348348 -4.605999928, 39.247002261 -4.605087349, 39.247727065 -4.602354847, 39.244026736 -4.604038885, 39.246285084 -4.605865477, 39.244007665 -4.606563028, 39.245625132 -4.609086215, 39.241158031 -4.608346237, 39.241657774 -4.614036286, 39.238117663 -4.613594303, 39.237152527 -4.614879261, 39.23889588 -4.616525149, 39.236744352 -4.619890834, 39.234791184 -4.617041998, 39.235657136 -4.615114799, 39.234646219 -4.614083974, 39.227585075 -4.615850024, 39.228458659 -4.616700145, 39.226013391 -4.618212059, 39.226177428 -4.619369712, 39.23278462 -4.622389235, 39.230209648 -4.622887487, 39.229770952 -4.625818812, 39.226871722 -4.623955984, 39.226719135 -4.626977899, 39.222896736 -4.630959603, 39.222984481 -4.635464821, 39.229091931 -4.632712764, 39.232437489 -4.633471338, 39.22988922 -4.633698294, 39.227733876 -4.636187157, 39.22545264 -4.635554455, 39.222015531 -4.637355784, 39.21812446 -4.636208148, 39.217159324 -4.637764402, 39.215343492 -4.63754794, 39.214786537 -4.638995484, 39.216255227 -4.640849731, 39.215103166 -4.641519627, 39.214778915 -4.6456539, 39.20956031 -4.649934555, 39.213645938 -4.654447397, 39.213691721 -4.658744733, 39.215045965 -4.658309896, 39.215339699 -4.655179749, 39.217697227 -4.653577721, 39.220276013 -4.652346638, 39.220913082 -4.653848059, 39.218399157 -4.663248515, 39.215007826 -4.665890906, 39.213607803 -4.664986908, 39.215065041 -4.659893326, 39.210239354 -4.662156192, 39.214237247 -4.669763421, 39.219986115 -4.67250259, 39.219841151 -4.670485279, 39.221916386 -4.668756901, 39.225147497 -4.666855923, 39.225094092 -4.668394058, 39.220951253 -4.673388947, 39.218753951 -4.679622543, 39.212970751 -4.676964906, 39.205955384 -4.679074724, 39.207988654 -4.67541009, 39.204421838 -4.673674567, 39.207404988 -4.670615936, 39.206775548 -4.668625802, 39.202411445 -4.667948284, 39.198180866 -4.672165525, 39.197639166 -4.669994209, 39.194018944 -4.668909986, 39.191405814 -4.661247924, 38.446963456 -4.140393708, 38.832759079 -4.002451762, 38.92774692 -3.967228084, 38.946431678 -3.962045799, 39.033358729 -3.758138879, 38.932480785 -3.698146703, 38.969468776 -3.636358071, 39.05649145 -3.687444957, 39.087310899 -3.571741263, 39.289440506 -3.571889593, 39.303696315 -3.571369398, 39.307224978 -3.568690293, 39.311936224 -3.569059565, 39.31879137 -3.566705153, 39.320961978 -3.56794386)))",Kwale,Kwale,373369554,-178.51979999999998,1696.6253000000004,73185395449,0.0,0.0,0.0,0.0,0.0,50.0,46.866096866096846,0.25,1.2503622663458174,-0.25,-1.0,-0.19994205417812613,0,0,0,0,,,0.0,0.0,0.0,0.0,,0,0,0,0,,,0.0,0.0,0.0,0.0,,0,0,0,0,,,0.0,0.0,0.0,0.0,,0,0,0,0,50.0,46.86609686609686,0.25,1.2503622663458178,-0.25,-1.0,-0.19994205417812608,0,0,0,0,15.42,66.27906976744183,50.017419964552374,6.96499999999999,9.943806024901614,8.455000000000009,1.2139267767408501,0.850278050358858,0.0,0.0,0.0,0.0,0.22041147005683168,0.0,0.0,0.0,0.0,0.47079616226224535,0.2539740561536508,0.22041147005683168
18,24227781,2021-07-01,Kenya,Kenya_2021-07,54986000,867457,173492.0,0.2,3.0,0.4,0.4,0.15,0.05,0.0,0.35,0.4,0.2,0.05,0.0,,,,,,Mandera,"POLYGON ((40.769000973 4.278113279, 40.773979249 4.276564638, 40.783363592 4.278948133, 40.789490102 4.267187465, 40.79234355 4.265607359, 40.806477277 4.261658991, 40.81778044 4.255673276, 40.823063894 4.251067416, 40.830891803 4.248109839, 40.832539782 4.246134947, 40.842431488 4.247530995, 40.849122596 4.245281462, 40.851281755 4.243350434, 40.852666506 4.233717238, 40.855180434 4.227526034, 40.857392999 4.22531465, 40.867441109 4.225217849, 40.871324545 4.223508529, 40.882948147 4.21573149, 40.885496411 4.212650906, 40.888143858 4.208187136, 40.88730842 4.205313485, 40.888109504 4.190148499, 40.901598527 4.179645137, 40.905039428 4.15938272, 40.909041116 4.15278147, 40.919943734 4.152094871, 40.924147609 4.14818752, 40.9306022 4.145359634, 40.94026883 4.143482476, 40.941798556 4.145305267, 40.945411145 4.144925733, 40.95276602 4.140413801, 40.960376488 4.138152347, 40.965904083 4.129567147, 40.972534154 4.126964785, 40.979858508 4.119632127, 40.9829065 4.109923121, 40.986332163 4.108395461, 40.998898022 4.108228568, 41.00306375 4.105604754, 41.0047308 4.100112536, 41.014763642 4.092709785, 41.020440009 4.080335963, 41.024384481 4.078743459, 41.030068491 4.078521265, 41.032635825 4.071236769, 41.038811944 4.074638227, 41.041444136 4.07375472, 41.045010942 4.068474675, 41.04739898 4.060620884, 41.050786491 4.054663312, 41.061391549 4.04719524, 41.067014516 4.041204766, 41.069944254 4.035365917, 41.07203474 4.026355419, 41.075616806 4.022757034, 41.081583109 4.022298827, 41.084261077 4.020203781, 41.086607154 4.013552471, 41.096247076 4.007425153, 41.105688633 4.004109978, 41.103823206 4.001303081, 41.100588278 3.99949412, 41.100622608 3.99695375, 41.101881478 3.992240141, 41.10720689 3.983710013, 41.110308298 3.982951666, 41.115019545 3.985769288, 41.121729722 3.980001954, 41.127467137 3.977573148, 41.125277453 3.973311546, 41.128489489 3.971232949, 41.135150081 3.972264491, 41.137389351 3.970929697, 41.134280309 3.968062725, 41.130259538 3.966572503, 41.138236223 3.964363975, 41.138861842 3.960908871, 41.141902213 3.959237458, 41.15602068 3.955756354, 41.160434366 3.950682046, 41.168411052 3.94882587, 41.167949461 3.945889045, 41.171684117 3.941051705, 41.1799431 3.942413188, 41.183097914 3.94010859, 41.191650631 3.938594276, 41.197613114 3.933976976, 41.205708059 3.933385978, 41.208637805 3.934309291, 41.20807704 3.940928414, 41.209519028 3.944323677, 41.212048223 3.945989362, 41.214714748 3.945512086, 41.216820506 3.948914501, 41.216538216 3.951627471, 41.228371639 3.95247258, 41.230660498 3.948551882, 41.238656269 3.957172586, 41.241242685 3.95825944, 41.243249253 3.956536535, 41.243810017 3.949329999, 41.245931028 3.947606617, 41.248181748 3.951858444, 41.251225937 3.95254622, 41.253118062 3.950877669, 41.256562801 3.950922484, 41.260987938 3.953107159, 41.265123151 3.952924065, 41.274877518 3.949516392, 41.27769282 3.949562877, 41.280336459 3.952213384, 41.283891824 3.949609119, 41.2818204 3.946911886, 41.289057022 3.947126913, 41.29640427 3.945388983, 41.294866926 3.953049907, 41.298773253 3.953735058, 41.302034876 3.948031143, 41.306967373 3.944735999, 41.312754382 3.945542494, 41.31382633 3.942836436, 41.32103625 3.943846997, 41.323328924 3.941201015, 41.32746032 3.93946285, 41.334185766 3.942788496, 41.339122081 3.942729367, 41.347461178 3.948472844, 41.353374073 3.94736238, 41.355273833 3.951162443, 41.355575207 3.957841641, 41.358161624 3.959045548, 41.360515339 3.959789109, 41.362582944 3.95851773, 41.363723557 3.955007079, 41.367336142 3.952068104, 41.370380331 3.953496582, 41.373596183 3.953089632, 41.377437656 3.95054759, 41.381115096 3.95135051, 41.385608905 3.958252606, 41.389973005 3.959279382, 41.392506017 3.962616475, 41.395611242 3.963647066, 41.399342088 3.962659856, 41.410633801 3.952910078, 41.418553264 3.950536817, 41.421704261 3.946677148, 41.429268955 3.94885133, 41.438878364 3.948262715, 41.440030428 3.950564209, 41.439122518 3.955800385, 41.441708934 3.956606167, 41.447041981 3.953598531, 41.451982111 3.953593043, 41.461580081 3.958472325, 41.465368148 3.957828408, 41.469438504 3.952872108, 41.477480046 3.955568619, 41.479662093 3.954061703, 41.482935167 3.954178514, 41.485876363 3.960794772, 41.496382244 3.960428581, 41.501272787 3.966062637, 41.504202531 3.965710281, 41.506609649 3.962657115, 41.508211849 3.959199626, 41.505675021 3.955284656, 41.507624367 3.952639627, 41.516409786 3.953137155, 41.521529214 3.957279077, 41.526705873 3.970025261, 41.536547987 3.973149219, 41.541896302 3.978898897, 41.549487702 3.983258951, 41.552470853 3.982734472, 41.563651939 3.974140686, 41.566856339 3.967216649, 41.569210053 3.966757492, 41.572769235 3.967731344, 41.579441276 3.97250049, 41.590691033 3.969365304, 41.595711272 3.969213916, 41.600342408 3.972696906, 41.619290377 3.971859393, 41.621766166 3.973695294, 41.624936249 3.980942114, 41.629704713 3.981170971, 41.630093813 3.975060352, 41.632447527 3.975576958, 41.634187071 3.982946078, 41.638036177 3.983746853, 41.638600759 3.980401412, 41.636647593 3.978048902, 41.636468296 3.975048901, 41.642385008 3.976539359, 41.644334354 3.974409271, 41.644269499 3.971354677, 41.647195427 3.969275842, 41.651273418 3.970247787, 41.656259317 3.963842264, 41.667799 3.963714708, 41.669870424 3.966301563, 41.677721214 3.957934975, 41.680086378 3.962716999, 41.680265675 3.965933465, 41.683542567 3.968868856, 41.68326791 3.974165584, 41.685789472 3.972955473, 41.686590571 3.969844139, 41.690325234 3.971675271, 41.693899683 3.979155244, 41.705679702 3.984150147, 41.708266117 3.984665799, 41.711707039 3.98292835, 41.714297271 3.984772356, 41.715624816 3.98919583, 41.718272271 3.99225066, 41.721026535 3.991608889, 41.722457071 3.988902116, 41.721621633 3.985995091, 41.730670274 3.989516459, 41.732741698 3.991759544, 41.73612158 3.987609507, 41.734450707 3.984154167, 41.736400053 3.982828195, 41.739562501 3.985013586, 41.754428662 3.982343035, 41.755225945 3.978942763, 41.753234626 3.971105668, 41.76713947 3.973480812, 41.777000651 3.972001779, 41.782547338 3.980395768, 41.78392447 3.98010206, 41.786346845 3.976099593, 41.78892563 3.975675241, 41.795067417 3.980678494, 41.79447612 3.973659341, 41.800453861 3.9689946, 41.795776949 3.966742221, 41.798164994 3.964592583, 41.798500687 3.958491977, 41.799908335 3.956056501, 41.803051705 3.954708595, 41.807846875 3.957303791, 41.812245304 3.955300765, 41.819951143 3.956548532, 41.822457445 3.954506889, 41.820012174 3.951479236, 41.820893382 3.947961196, 41.826085282 3.945205547, 41.827531082 3.946113127, 41.828431372 3.949552733, 41.830552384 3.949247342, 41.835076696 3.943042313, 41.837132856 3.942158808, 41.837914888 3.945318773, 41.836175356 3.948785321, 41.836594983 3.950338007, 41.843209797 3.951535234, 41.847169523 3.945973642, 41.850026786 3.944969745, 41.853078603 3.945627958, 41.855684094 3.947724428, 41.85473041 3.95498341, 41.856946795 3.957839893, 41.861082007 3.958141939, 41.866174725 3.956651469, 41.867815079 3.959338213, 41.867155127 3.962051421, 41.869005292 3.963129217, 41.870874528 3.960981248, 41.874536706 3.959676254, 41.877622861 3.963785755, 41.882620211 3.963741169, 41.885855145 3.970949369, 41.898676598 3.977608527, 41.902300631 3.977975179, 41.905135002 3.97473034, 41.907709971 3.973899043, 41.913844128 3.97844028, 41.87218295 3.92112968, 41.3308814 3.151910495, 40.994883661 2.822846744, 40.993254311 2.175247394, 40.982347878 2.17647348, 40.959421096 2.171928444, 40.948968622 2.17344299, 40.934434344 2.177639273, 40.89840765 2.199983583, 40.890400448 2.206684944, 40.878166483 2.221258911, 40.871658485 2.226231412, 40.86812601 2.23300858, 40.866409369 2.243825633, 40.855583058 2.263009494, 40.848666881 2.269944961, 40.844813962 2.27125186, 40.832347296 2.286459489, 40.829123815 2.288742386, 40.824126464 2.289933185, 40.80767335 2.286744151, 40.797495541 2.291368832, 40.787191846 2.298742715, 40.779573752 2.307351973, 40.773077197 2.310660698, 40.756887305 2.312715695, 40.742555204 2.310056617, 40.730481454 2.315018156, 40.725403995 2.320694407, 40.720456238 2.323720868, 40.718316153 2.327395053, 40.71776683 2.333897587, 40.707035884 2.346345288, 40.705178092 2.350480296, 40.692207875 2.363319447, 40.686176721 2.364276379, 40.677074679 2.371892951, 40.674396714 2.380053304, 40.670364502 2.383259516, 40.668277824 2.387684178, 40.669738886 2.393506324, 40.666034748 2.402952118, 40.668968313 2.410373196, 40.664032006 2.423130334, 40.655906546 2.430004298, 40.652686878 2.431030125, 40.647353826 2.430539268, 40.642985913 2.432362536, 40.63951066 2.439321127, 40.63532204 2.438783782, 40.633254434 2.439862294, 40.63145005 2.444811431, 40.615962082 2.456080499, 40.603682346 2.479518335, 40.603754832 2.487983121, 40.593268029 2.497319973, 40.593359587 2.501814485, 40.596960734 2.505111045, 40.59614056 2.50833156, 40.579355574 2.526331073, 40.580469501 2.545393829, 40.57959592 2.547637867, 40.56610308 2.561853054, 40.561475766 2.569202381, 40.559835419 2.576050595, 40.562730836 2.582857085, 40.561227817 2.584694656, 40.556459352 2.586509343, 40.550790607 2.595415408, 40.550851651 2.60669305, 40.545453757 2.619225621, 40.541532182 2.634984905, 40.5379463 2.640723141, 40.536527211 2.649470431, 40.534104833 2.652340265, 40.532186006 2.657687765, 40.528386495 2.660369504, 40.522729209 2.690691792, 40.519204363 2.695742728, 40.511902891 2.699107241, 40.501042245 2.714025464, 40.501431354 2.716674778, 40.510800441 2.72495647, 40.512200468 2.731755573, 40.513966709 2.73424063, 40.519295947 2.735988319, 40.520310679 2.739269864, 40.519212027 2.741568496, 40.519929208 2.746813007, 40.518971706 2.755559821, 40.5212415 2.760811484, 40.519082344 2.767651356, 40.521588652 2.771808534, 40.519341753 2.773647297, 40.515435426 2.774430199, 40.509842974 2.779990354, 40.504101742 2.780775402, 40.501587815 2.790682023, 40.496029695 2.795165812, 40.494915786 2.801145306, 40.496945248 2.805176372, 40.500496803 2.808084107, 40.499768185 2.812281339, 40.496170855 2.813932008, 40.495533792 2.819051839, 40.497261892 2.828907678, 40.49979109 2.833760978, 40.495953436 2.843307382, 40.498318598 2.847744916, 40.494374127 2.851982678, 40.495457528 2.859804509, 40.493531075 2.868534399, 40.400065366 2.909506948, 40.361581956 2.929533826, 40.31071198 2.951338446, 40.293659954 2.961208368, 40.270565328 2.971383683, 40.045581681 3.223703231, 40.039886228 3.22619664, 40.035201691 3.231855019, 40.01661231 3.240973756, 39.790644305 3.331159185, 39.788191412 3.337927544, 39.786883275 3.69014132, 39.866749543 3.86466248, 40.118105079 3.996138313, 40.150057633 4.011389323, 40.157855028 4.010563981, 40.162711243 4.018471642, 40.208534317 4.039154063, 40.430111678 4.130527069, 40.699720848 4.239503817, 40.702013532 4.244318505, 40.704493135 4.245335032, 40.710142815 4.24734806, 40.727728917 4.248619655, 40.747165197 4.261506962, 40.758491275 4.277929725, 40.763965475 4.279544628, 40.769000973 4.278113279))",Mandera,Mandera,2196666498,877.9226000000002,10432.420099999994,430248001965,0.0,3.0,0.0,0.0,3.0,52.38095238095238,53.276204776204786,4.25,3.9155487149479367,-1.25,-0.29411764705882354,-0.319240058290686,0,0,0,0,,,0.0,0.0,0.0,0.0,,0,0,0,0,,,0.0,0.0,0.0,0.0,,0,0,0,0,,,0.0,0.0,0.0,0.0,,0,0,0,0,52.38095238095238,53.276204776204786,4.25,3.9155487149479375,-1.25,-0.29411764705882354,-0.3192400582906859,0,0,0,0,16.55,67.56980351602894,50.092157087784905,7.05500000000002,10.619877580219109,9.49499999999998,1.3458540042522966,0.8940781029044668,0.0,0.0,0.0,0.0,0.23842766857846487,0.0,0.0,0.0,0.0,0.5234459605804641,0.25676925619104213,0.23842766857846487
19,24227781,2021-07-01,Kenya,Kenya_2021-07,54986000,518560,25928.0,0.05,2.0,0.5,0.45,0.05,0.0,0.0,0.45,0.45,0.1,0.0,0.0,,,,,,Laikipia,"POLYGON ((36.831728273 0.813093651, 36.83352503 0.800347073, 36.835485824 0.797400778, 36.843302299 0.792170276, 36.843241261 0.785018888, 36.857832775 0.760136685, 36.8658438 0.736814915, 36.879065813 0.735980462, 36.881884931 0.7283782640000001, 36.887008176 0.730351658, 36.892970672 0.735498896, 36.902396983 0.7375647870000001, 36.904685849 0.735314613, 36.909835794 0.723798465, 36.911464703 0.72297647, 36.915676216 0.724397914, 36.917472976 0.728593948, 36.927151058 0.704168696, 36.926330878 0.6848288219999999, 36.927353237 0.674965127, 36.925056741 0.670416326, 36.923301942 0.66019885, 36.920143307 0.659230122, 36.914279997 0.659878624, 36.914184627 0.656813548, 36.912654902 0.655077001, 36.913467448 0.648685149, 36.91247942 0.645059183, 36.909038492 0.64288786, 36.910324071 0.6384490779999999, 36.910072295 0.631559571, 36.906783957 0.629279836, 36.89882252 0.629303677, 36.894900929 0.620830497, 36.891612592 0.620955775, 36.88854551 0.607103514, 36.888110626 0.609906054, 36.885322025 0.609425803, 36.884757438 0.6109173369999999, 36.883407007 0.608936791, 36.881198252 0.61110579, 36.880683256 0.604424226, 36.878791127 0.602913621, 36.876017785 0.603138549, 36.872107639 0.596826322, 36.868796413 0.595848595, 36.867148429 0.589510203, 36.869093964 0.584881955, 36.868422562 0.57541573, 36.86556148 0.571906758, 36.863795237 0.563163414, 37.364835506 0.508703962, 37.361802757 0.495915551, 37.359746593 0.493491348, 37.36301204 0.48533482, 37.360154772 0.479030729, 37.361249613 0.475531115, 37.358213051 0.4713251, 37.358487714 0.466125117, 37.350037985 0.458137644, 37.351434193 0.453932702, 37.348855404 0.44797241, 37.34975569 0.439896729, 37.352765547 0.432816267, 37.354184641 0.411934982, 37.356671874 0.408128133, 37.362840366 0.407252201, 37.366040963 0.405426017, 37.371461757 0.389094307, 37.370908614 0.383071109, 37.377332696 0.379879921, 37.379049344 0.375286063, 37.378313092 0.368032884, 37.379308748 0.364207589, 37.381025397 0.361078773, 37.383279929 0.361449987, 37.38402381 0.357344278, 37.391638101 0.354903804, 37.392862644 0.352570728, 37.392706237 0.335342377, 37.39384304 0.334067398, 37.392526942 0.325511765, 37.396067052 0.309676728, 37.394266478 0.305055068, 37.397043634 0.300397946, 37.392973268 0.296689407, 37.39573135 0.293813888, 37.39514006 0.290630419, 37.388891457 0.286125723, 37.387170993 0.282254747, 37.38951708 0.279822319, 37.387674544 0.27858307, 37.386976439 0.275797516, 37.38136109 0.273680519, 37.379407925 0.27504585, 37.378965411 0.27324607, 37.37635229 0.27282068, 37.374559345 0.271219693, 37.373041064 0.260864487, 37.36638428 0.259299052, 37.36503385 0.25762583, 37.366395724 0.254940046, 37.363523198 0.253347999, 37.367025162 0.247985549, 37.366990829 0.24428671, 37.36382838 0.241374269, 37.364484521 0.236038609, 37.357472963 0.235232886, 37.358907318 0.229680285, 37.355699092 0.223765409, 37.355805905 0.216512468, 37.352254349 0.21209881, 37.35180802 0.208635076, 37.348855384 0.204040638, 37.349263564 0.192709092, 37.345097829 0.190845719, 37.337147837 0.190790665, 37.341180054 0.186169824, 37.341191498 0.180770855, 37.337021949 0.180526289, 37.333767945 0.177568762, 37.324375968 0.180217625, 37.315117507 0.178154848, 37.313240638 0.1745102, 37.30657241 0.172963166, 37.303150556 0.167835284, 37.292648479 0.160039022, 37.28318402 0.148915016, 37.28121941 0.134807408, 37.282035772 0.127590958, 37.262233271 0.109883112, 37.26072262 0.105542314, 37.252932848 0.094436933, 37.24814912 0.107205508, 37.235133105 0.101371993, 37.233576676 0.079614425, 37.230654558 0.07669341, 37.220057111 0.070435235, 37.215277197 0.070371747, 37.208536488 0.065397885, 37.203943499 0.065614745, 37.202375626 0.063498656, 37.202314589 0.059103828, 37.199865503 0.061780423, 37.198396815 0.059619135, 37.188680581 0.054581968, 37.179193234 0.051814589, 37.152966651 0.049209514, 37.15017042 0.04229185, 37.138615465 0.040067089, 37.125950409 0.034975873, 37.123409769 0.036540161, 37.109710909 0.036322833, 37.104221447 0.0329047, 37.102676462 0.029341986, 37.092693194 0.02618604, 37.088104019 0.019992009, 37.094009292 0.018210756, 37.093829997 0.015597531, 37.097705809 0.01270403, 37.098213175 0.010280693, 37.099296571 0.010904622, 37.101169626 0.009656794999999999, 37.101829582 0.006184541, 37.107433488 -0.002622696, 37.109585021 -0.003888628, 37.111454261 -0.011927313, 37.11581455 -0.012931044, 37.117565532 -0.019342131, 37.121410826 -0.021277251, 37.120953053 -0.02678409, 37.118950296 -0.028818608, 37.115146964 -0.040573682, 37.107349563 -0.028610459, 37.102779461 -0.028040721, 37.100833926 -0.026449243, 37.09472647 -0.017804719, 37.090122035 -0.016737689, 37.078422118 -0.002441853, 37.079787808 0.003218577, 37.078292416 0.006826415, 37.079280442 0.01501867, 37.072059072 0.003073875, 37.07124271 -0.001112655, 37.069690096 -0.002948216, 37.062609872 -0.000949905, 37.028238743 -0.048329723, 37.000821949 -0.06416113599999999, 36.991185825 -0.066864256, 36.985101258 -0.07002860700000001, 36.980084827 -0.070408151, 36.979302798 -0.07745157599999999, 36.980248863 -0.08709909, 36.983228203 -0.098410408, 36.986119804 -0.134667832, 36.995965741 -0.145346957, 37.003515183 -0.147165019, 37.008180653 -0.146812802, 37.014841252 -0.155213281, 37.014841253 -0.161551623, 37.019079469 -0.170259381, 37.020857155 -0.178731826, 37.017412413 -0.19523288, 37.015814022 -0.197230947, 37.0165312 -0.205594773, 37.013971486 -0.208840477, 37.011056998 -0.220214753, 37.011564363 -0.226562199, 37.01494044 -0.231924498, 37.013738786 -0.24291923, 37.008394286 -0.242999824, 37.002641604 -0.24993404, 37.002588197 -0.253225234, 36.995034941 -0.254824462, 36.988973263 -0.258838059, 36.980023798 -0.256738972, 36.971642736 -0.25916985, 36.970231269 -0.260788061, 36.968751136 -0.267487649, 36.970418193 -0.268997896, 36.969815459 -0.271014081, 36.963952149 -0.273309638, 36.959870339 -0.282992471, 36.879054309 -0.258648421, 36.874247691 -0.253286271, 36.856505168 -0.253111587, 36.842836824 -0.215200925, 36.840734881 -0.200518261, 36.853567788 -0.200375281, 36.853682231 -0.196297839, 36.856024503 -0.195945532, 36.856570016 -0.193251405, 36.860091054 -0.189979, 36.867156019 -0.187484544, 36.867522238 -0.181644094, 36.870379505 -0.18195182, 36.872950663 -0.174963383, 36.872088524 -0.171138924, 36.866179436 -0.168100492, 36.86533637 -0.160334164, 36.860037646 -0.152793435, 36.862910172 -0.145994896, 36.862555398 -0.143165031, 36.849287607 -0.134430274, 36.832575073 -0.137168178, 36.830694388 -0.128362274, 36.83218978 -0.104331902, 36.792485591 -0.107547644, 36.769291753 -0.114226866, 36.766110229 -0.10955273, 36.753735096 -0.121909957, 36.742019919 -0.122596057, 36.717849497 -0.128560505, 36.712134963 -0.137672392, 36.70485637 -0.137409545, 36.657133521 -0.152962332, 36.636434544 -0.107255939, 36.595719437 -0.102443913, 36.574333802 -0.104123616, 36.569893402 -0.100155099, 36.568592563 -0.096729173, 36.565140191 -0.09475840200000001, 36.562668216 -0.089153994, 36.556144948 -0.092606487, 36.562054036 -0.076761365, 36.553306754 -0.069213289, 36.554657185 -0.063482601, 36.556782015 -0.062217229, 36.556217428 -0.056215275, 36.560860011 -0.051596491, 36.561737409 -0.044681616, 36.574616094 -0.036347901, 36.582516496 -0.024606139, 36.585896387 -0.022906815, 36.651388465 -0.017393573, 36.637384422 0.012590906, 36.61049025 0.002321829, 36.604462903 0.001535381, 36.595067109 0.0217111, 36.591012002 0.043748806, 36.578461389 0.06645485299999999, 36.563125988 0.061130032, 36.52975051 0.046738541, 36.52369646 0.045264984, 36.511821062 0.085107353, 36.466467188 0.136542, 36.446328982 0.093101793, 36.445058662 0.093616881, 36.445165475 0.088980246, 36.42418039 0.08236282, 36.402371313 0.055500479, 36.41351809 0.048469385, 36.428662752 0.045704322, 36.426598958 0.041338816, 36.420602129 0.037524525, 36.408009552 0.038726179, 36.401860133 0.035824786, 36.402180574 0.028467885, 36.3992699 0.027012702, 36.393776622 0.029805287, 36.391907381 0.033872293, 36.389759662 0.029244833, 36.390755319 0.027202295, 36.354163983 0.015407311, 36.34876226 0.031593547, 36.34482541 0.028927359, 36.329543416 0.024616101, 36.330134706 0.018823111, 36.305800247 0.014557088, 36.30146666 0.003287594, 36.296076381 0.0019591, 36.294611507 0.010815534, 36.280237429 0.001416813, 36.274469487 -0.000372539, 36.273077094 -0.002432983, 36.262330868 -0.002531146, 36.266454642 0.018966563, 36.270139716 0.019355222, 36.262582643 0.035260098, 36.260556997 0.045227767, 36.259015828 0.046131394, 36.257932431 0.056379202, 36.261129214 0.060617684, 36.272619321 0.087358835, 36.286787402 0.108371215, 36.28980489 0.109708989, 36.286241889 0.126870151, 36.278318599 0.14756416, 36.263021346 0.173724205, 36.259282865 0.174681565, 36.257077925 0.179109304, 36.254754726 0.18088018, 36.265272065 0.183945344, 36.267477006 0.189196165, 36.270368607 0.190253964, 36.278158381 0.19705109, 36.282820038 0.198886392, 36.288698609 0.204788635, 36.292540089 0.210808049, 36.291624543 0.214775205, 36.296698196 0.227166118, 36.296034425 0.231250804, 36.297644262 0.239592463, 36.297220822 0.244951442, 36.29495103 0.248014581, 36.296694383 0.256392431, 36.300871564 0.262963378, 36.271211678 0.280298835, 36.250260926 0.29682225, 36.243279886 0.308468917, 36.250096892 0.317073782, 36.266607246 0.325482623, 36.261487816 0.333442743, 36.260907973 0.361285356, 36.2590044 0.37082775, 36.260270906 0.372319253, 36.257871412 0.374848829, 36.257066494 0.379005556, 36.25842837 0.382250234, 36.256082282 0.384436399, 36.256276837 0.392217244, 36.253701863 0.398542196, 36.244595993 0.410494788, 36.244420514 0.420299657, 36.240773588 0.424148018, 36.238683091 0.428990973, 36.236977886 0.430716375, 36.235139164 0.430525925, 36.281420045 0.532381675, 36.294561954 0.563972496, 36.278036352 0.630721405, 36.288790209 0.643812882, 36.291708513 0.6451248429999999, 36.347907803 0.659795636, 36.40545753 0.715599828, 36.469339795 0.820915725, 36.475199295 0.836402384, 36.489611522 0.845820871, 36.488806603 0.839863913, 36.485293192 0.830741752, 36.483740575 0.81400136, 36.499625303 0.810920129, 36.669947433 0.810390077, 36.674506091 0.814180358, 36.688201138 0.814965756, 36.703391576 0.813374449, 36.708598745 0.811479069, 36.736305467 0.824241554, 36.743412396 0.8331321699999999, 36.74994711 0.845611562, 36.756581008 0.85496318, 36.776383512 0.862180064, 36.794011593 0.866629332, 36.815851183 0.853334197, 36.817628867 0.843806343, 36.822038746 0.832046789, 36.831728273 0.813093651))",Laikipia,Laikipia,963223914,43.633399999999966,4067.1035000000006,188265548848,0.0,2.0,0.0,0.0,2.0,75.0,56.25,0.25,0.9168313422570848,1.75,7.0,1.908748009957637,0,0,1,0,,,0.0,0.0,0.0,0.0,,0,0,0,0,,,0.0,0.0,0.0,0.0,,0,0,0,0,,,0.0,0.0,0.0,0.0,,0,0,0,0,75.0,56.25,0.25,0.9168313422570848,1.75,7.0,1.908748009957637,0,0,1,0,,,,,,,,,,,,,,,,,,,,
20,24227781,2021-07-01,Kenya,Kenya_2021-07,54986000,268002,107201.0,0.4,3.0,0.25,0.35,0.3,0.1,0.0,0.3,0.4,0.2,0.1,0.0,,,,,,Isiolo,"POLYGON ((39.09393215 1.897092933, 39.099146946 1.897979174, 39.103011309 1.891483075, 39.108073511 1.886895826, 39.12002138 1.881928091, 39.123477563 1.877096604, 39.129226425 1.873079244, 39.136802558 1.856341345, 39.140598256 1.853816831, 39.142276755 1.849790653, 39.143333444 1.843104673, 39.141574831 1.838255547, 39.147449579 1.831361086, 39.151733565 1.820829751, 39.159904807 1.813138922, 39.163559355 1.802372289, 39.167984491 1.798816349, 39.177731224 1.769511561, 39.178394991 1.760862258, 39.184403254 1.749588911, 39.189011499 1.744422476, 39.192654604 1.736134822, 39.196621967 1.733212185, 39.196580003 1.729231422, 39.207200325 1.711054438, 39.212270156 1.704621278, 39.21616504 1.705154691, 39.220532955 1.702810883, 39.229020826 1.702031915, 39.231962015 1.697896908, 39.234948982 1.696060054, 39.241197581 1.696149688, 39.253031007 1.690484642, 39.264708024 1.680847774, 39.274107627 1.680774105, 39.284396069 1.674819645, 39.284464733 1.67164407, 39.285849495 1.669752981, 39.299578862 1.661961309, 39.301532026 1.661047292, 39.307433481 1.661824465, 39.312640642 1.650487588, 39.313788888 1.64979981, 39.318252174 1.651545117, 39.321071291 1.649889087, 39.325454463 1.642297792, 39.332858938 1.640767635, 39.33625027 1.638478182, 39.339366938 1.632841271, 39.344753398 1.633202203, 39.347881509 1.625149729, 39.350921884 1.624868776, 39.353233635 1.620552827, 39.357544327 1.617231828, 39.360207037 1.610844085, 39.366135192 1.605333404, 39.373181074 1.592331439, 39.378880343 1.585608388, 39.385891895 1.581481605, 39.387303357 1.572787128, 39.38959985 1.571185334, 39.394700203 1.572242864, 39.399964585 1.559919737, 39.406743436 1.556896734, 39.411035057 1.558234858, 39.415971374 1.557392597, 39.419423742 1.553890656, 39.421891901 1.553383464, 39.425580784 1.547800789, 39.438814229 1.536389768, 39.4475348 1.534117121, 39.273710804 1.473865324, 39.398743711 1.150648403, 39.465788311 0.996124265, 39.460958806 0.99062438, 39.455625752 0.986879635, 39.401391113 0.968159199, 39.371605358 0.954990017, 39.362488049 0.952638766, 39.349460595 0.945266688, 39.337180837 0.935352222, 39.311347186 0.920915301, 39.285021427 0.891785535, 39.280825172 0.875193259, 39.27805946 0.871728393, 39.272539482 0.869530311, 39.248163078 0.864954101, 39.243871457 0.862231187, 39.241307928 0.859300032, 39.236348718 0.841866333, 39.225274425 0.815068985, 39.214806683 0.801661521, 39.20538419 0.794514669, 39.189293469 0.767093198, 39.183487381 0.753251075, 39.180580523 0.750193213, 39.176895449 0.738947594, 39.176372822 0.720871177, 39.173778775 0.718690855, 39.167160142 0.716691657, 39.164043471 0.711960067, 39.156734364 0.708784675, 39.154456944 0.705934874, 39.148318973 0.704758921, 39.141612598 0.690563911, 39.136653392 0.689894552, 39.132773766 0.686863808, 39.125651584 0.6872439930000001, 39.118903249 0.689605558, 39.100649556 0.687479832, 39.097902919 0.6848290339999999, 39.098108916 0.6814362819999999, 39.096361749 0.678070708, 39.090330592 0.6781341829999999, 39.086931627 0.674687197, 39.072698707 0.677564476, 39.067487726 0.681237762, 39.061143758 0.682079246, 39.057817275 0.684693989, 39.051351233 0.682975086, 39.049520142 0.6814280069999999, 39.047803492 0.674714917, 39.040662235 0.668571837, 39.034718816 0.663894423, 39.028706732 0.663659245, 39.026993899 0.662121165, 39.023423269 0.653245753, 39.025128471 0.642977027, 39.022229242 0.639855751, 39.016304898 0.639077683, 39.013596408 0.636833947, 39.012402383 0.631486994, 39.013825293 0.62647475, 39.012928821 0.62471055, 38.992477817 0.619544544, 38.980098875 0.614052766, 38.962924763 0.612749868, 38.953345866 0.615074958, 38.946479272 0.6133196990000001, 38.939624124 0.614631482, 38.934199515 0.610885844, 38.9241514 0.608216749, 38.902834442 0.605601713, 38.894529679 0.605809656, 38.891378676 0.604162987, 38.858014662 0.605754532, 38.843304893 0.600461399, 38.841935388 0.598633846, 38.838273203 0.583126637, 38.83274941 0.582312273, 38.825192342 0.577191262, 38.821610268 0.570812823, 38.816059771 0.565574222, 38.815704996 0.562461945, 38.8104902 0.557512937, 38.808411147 0.54946077, 38.803200165 0.546122195, 38.801475886 0.541182305, 38.793407638 0.537698845, 38.784069069 0.522444816, 38.77576812 0.515677135, 38.76883286 0.514184113, 38.766975065 0.509805172, 38.765342341 0.509063221, 38.756236476 0.514337405, 38.755092045 0.519521473, 38.75221952 0.521493675, 38.745417778 0.521212903, 38.738017115 0.516598486, 38.735728251 0.516580309, 38.72374986 0.522270496, 38.721491514 0.519610519, 38.723509528 0.510481988, 38.72263213 0.509360091, 38.710070079 0.510209979, 38.705278722 0.504528078, 38.701891202 0.5048807870000001, 38.696058413 0.50818271, 38.680341543 0.505766376, 38.661698741 0.506977735, 38.665784363 0.49942352, 38.675046635 0.496221306, 38.677503349 0.491308802, 38.678727889 0.475087236, 38.688673003 0.451402136, 38.707292907 0.373479241, 38.755809191 0.188428227, 38.757384693 0.175499722, 38.756476776 0.170125638, 38.753325772 0.165077234, 38.736052474 0.145770203, 38.733153246 0.136596261, 38.733504204 0.125974815, 38.730223498 0.116267087, 38.731219154 0.110386394, 38.730601161 0.103184794, 38.732512362 0.093884248, 38.728396221 0.083398466, 38.730833861 0.073772225, 38.728823475 0.065493993, 38.73144041 0.05730626, 38.730379903 0.047906176, 38.732508546 0.042396418, 38.732462769 0.036886649, 38.735278072 0.026292341, 38.738108635 0.022022049, 38.739516286 0.007302189, 38.73927977 0.004135654, 38.737639417 0.001837654, 38.741778447 -0.005843454, 38.742785548 -0.015632574, 38.749133332 -0.0205, 38.751307753 -0.028778238, 38.751151348 -0.036377927, 38.754557941 -0.040313492, 38.752761182 -0.048908373, 38.76420169 -0.054653425, 38.765243124 -0.056580493, 38.764617501 -0.058344707, 38.760482286 -0.064931092, 38.771289541 -0.073779367, 38.766383741 -0.076412092, 38.757571613 -0.076213008, 38.752204226 -0.073118814, 38.744631899 -0.073498759, 38.736544578 -0.067672288, 38.725477918 -0.064921874, 38.720354676 -0.065138979, 38.713263011 -0.058579704, 38.703771853 -0.052798487, 38.69663441 -0.043597443, 38.69233516 -0.046383967, 38.691770573 -0.056806342, 38.689897519 -0.057837716, 38.68313011 -0.057973386, 38.675080936 -0.053015485, 38.662698179 -0.049170369, 38.659615841 -0.050744565, 38.65565992 -0.056317603, 38.644211783 -0.05704131, 38.632996346 -0.044872824, 38.617653324 -0.032288189, 38.61518898 -0.032333415, 38.610554029 -0.036929341, 38.607780688 -0.037363589, 38.599525517 -0.033762804, 38.594436608 -0.028578792, 38.586490433 -0.027592632, 38.572574136 -0.021684842, 38.565436694 -0.022263836, 38.560542338 -0.019395903, 38.554457773 -0.023078043, 38.548655501 -0.035653432, 38.546610782 -0.046672732, 38.53607819 -0.046717901, 38.536974663 -0.058569527, 38.532519006 -0.060035111, 38.527388135 -0.065933728, 38.516401584 -0.062206257, 38.512819511 -0.065852174, 38.506185619 -0.06639493, 38.497762597 -0.062106574, 38.495515695 -0.06358121, 38.493909675 -0.07301719399999999, 38.490079641 -0.077965851, 38.48613135 -0.08052609500000001, 38.476121382 -0.082823902, 38.46854524 -0.08849623500000001, 38.462884115 -0.089817008, 38.459611038 -0.08881275299999999, 38.444756306 -0.075395975, 38.442726846 -0.075097397, 38.43903796 -0.07995553699999999, 38.434925633 -0.07949409, 38.417656149 -0.06731677599999999, 38.41306316 -0.067425284, 38.408817316 -0.06563396000000001, 38.411235883 -0.060178736, 38.408199322 -0.057066587, 38.410327967 -0.052868867, 38.408206952 -0.050860448, 38.409015684 -0.046952213, 38.40620801 -0.044581919, 38.404617249 -0.03089403, 38.405425981 -0.028143793, 38.403934404 -0.026813901, 38.400836807 -0.026750559, 38.398887458 -0.023647485, 38.400676587 -0.018988371, 38.400104371 -0.017260424, 38.393733697 -0.014953466, 38.3924176 -0.012194181, 38.393626884 -0.010068179, 38.377963419 -0.004287253, 38.375075635 0.004126267, 38.370959493 0.006225117, 38.365962139 0.014186274, 38.362242734 0.015706119, 38.35620776 0.022699243, 38.35579195 0.029837135, 38.357207231 0.036278442, 38.354643703 0.038883889, 38.344919843 0.042900558, 38.344412478 0.044863696, 38.347960218 0.052788683, 38.34920765 0.059745647, 38.344496403 0.058497138, 38.340830405 0.05932939, 38.339754638 0.061292517, 38.340418409 0.066865313, 38.338766612 0.06854797999999999, 38.3293136 0.07026672, 38.324293357 0.074663347, 38.324262839 0.078806735, 38.327165883 0.08512138599999999, 38.326723369 0.08742828900000001, 38.329237305 0.090350421, 38.329298342 0.093860545, 38.321443721 0.096800571, 38.318639862 0.106019087, 38.311132386 0.107864439, 38.30861082 0.111265928, 38.306264734 0.118059922, 38.3063334 0.130046759, 38.304620567 0.138568671, 38.297712011 0.158851062, 38.288472627 0.165074825, 38.28427256 0.173804665, 38.271279438 0.177694191, 38.266121863 0.181439263, 38.263260782 0.188920676, 38.258622017 0.193588509, 38.247673614 0.200445307, 38.246071409 0.202634494, 38.241997229 0.203502767, 38.229622101 0.214330846, 38.222740247 0.214737582, 38.203937224 0.223665442, 38.198722427 0.223728483, 38.197459736 0.225727683, 38.197108784 0.320950502, 38.177779321 0.328312718, 38.06309579 0.666627222, 37.827449496 0.560382907, 37.587255981 0.478358391, 37.586554061 0.467993172, 37.582930024 0.463162646, 37.580847156 0.451178202, 37.582445546 0.446339689, 37.581224817 0.438280756, 37.582968166 0.412920164, 37.585791099 0.400321609, 37.599470883 0.400269726, 37.604933637 0.35390788, 37.581777948 0.325965687, 37.555753551 0.326368939, 37.547578487 0.310919898, 37.548143073 0.305728498, 37.550206866 0.304173134, 37.550489159 0.301984408, 37.549615575 0.294730663, 37.546678198 0.286436552, 37.548619918 0.280910681, 37.547116896 0.274805504, 37.544416035 0.270717109, 37.540685184 0.268536966, 37.537003926 0.262485817, 37.470134729 0.277744114, 37.429118265 0.294451777, 37.399969566 0.292557414, 37.400816445 0.281967268, 37.388620608 0.273175056, 37.374116831 0.267475543, 37.374559345 0.271219693, 37.378965411 0.27324607, 37.379407925 0.27504585, 37.38136109 0.273680519, 37.386976439 0.275797516, 37.387674544 0.27858307, 37.38951708 0.279822319, 37.387170993 0.282254747, 37.388891457 0.286125723, 37.39514006 0.290630419, 37.39573135 0.293813888, 37.393671372 0.295097807, 37.393370005 0.297874212, 37.397043634 0.300397946, 37.394266478 0.305055068, 37.396067052 0.309676728, 37.392526942 0.325511765, 37.39384304 0.334067398, 37.392706237 0.335342377, 37.392862644 0.352570728, 37.391638101 0.354903804, 37.38402381 0.357344278, 37.383279929 0.361449987, 37.381025397 0.361078773, 37.379308748 0.364207589, 37.378313092 0.368032884, 37.379049344 0.375286063, 37.377332696 0.379879921, 37.370908614 0.383071109, 37.371461757 0.389094307, 37.366040963 0.405426017, 37.362840366 0.407252201, 37.356671874 0.408128133, 37.354184641 0.411934982, 37.352765547 0.432816267, 37.34975569 0.439896729, 37.348855404 0.44797241, 37.351434193 0.453932702, 37.350037985 0.458137644, 37.358487714 0.466125117, 37.358213051 0.4713251, 37.361249613 0.475531115, 37.360154772 0.479030729, 37.36301204 0.48533482, 37.359746593 0.493491348, 37.361802757 0.495915551, 37.364835506 0.508703962, 36.863795237 0.563163414, 36.86556148 0.571906758, 36.868422562 0.57541573, 36.869093964 0.584881955, 36.867148429 0.589510203, 36.868796413 0.595848595, 36.872107639 0.596826322, 36.876017785 0.603138549, 36.878791127 0.602913621, 36.880683256 0.604424226, 36.881198252 0.61110579, 36.883407007 0.608936791, 36.884757438 0.6109173369999999, 36.885322025 0.609425803, 36.888110626 0.609906054, 36.88854551 0.607103514, 36.891612592 0.620955775, 36.894900929 0.620830497, 36.89882252 0.629303677, 36.906783957 0.629279836, 36.910072295 0.631559571, 36.910324071 0.6384490779999999, 36.909038492 0.64288786, 36.91247942 0.645059183, 36.913467448 0.648685149, 36.912654902 0.655077001, 36.914184627 0.656813548, 36.914279997 0.659878624, 36.920143307 0.659230122, 36.923301942 0.66019885, 36.925056741 0.670416326, 36.927353237 0.674965127, 36.926330878 0.6848288219999999, 36.927151058 0.704168696, 36.917472976 0.728593948, 36.921119904 0.737094485, 36.923088328 0.738749977, 36.928127647 0.739276774, 36.932213273 0.741331104, 36.935097246 0.7529868320000001, 36.944763886 0.7446280790000001, 36.965195825 0.740153057, 36.970265663 0.741999862, 36.973061894 0.745066308, 36.975346945 0.745754501, 36.980618965 0.743632167, 36.991456743 0.7466480720000001, 36.996618136 0.74948053, 37.006631922 0.748553818, 37.018030473 0.754038447, 37.042902813 0.761952523, 37.057929217 0.769419129, 37.062850276 0.764466301, 37.068332109 0.762976853, 37.070079277 0.7642254590000001, 37.071540336 0.768168493, 37.071010084 0.7766046049999999, 37.091514505 0.779769744, 37.099727718 0.784439353, 37.106006839 0.784776803, 37.108200334 0.782155503, 37.10902051 0.778665543, 37.111461967 0.777219841, 37.116047328 0.779853298, 37.124474166 0.774576309, 37.127873129 0.76349172, 37.132263936 0.761811792, 37.13558279 0.75699354, 37.151196667 0.758438107, 37.152695872 0.750246174, 37.161191378 0.749797628, 37.162888953 0.748224919, 37.163220837 0.743459593, 37.165456295 0.740865291, 37.169892879 0.73980913, 37.175550192 0.743157302, 37.179269598 0.740997659, 37.187467551 0.740946819, 37.1902943 0.74256661, 37.203554461 0.744235986, 37.207857527 0.739047145, 37.219702405 0.737288545, 37.226763555 0.741876204, 37.231337472 0.747611331, 37.234934806 0.748209589, 37.238825878 0.753709357, 37.24321287 0.754895801, 37.246993314 0.760214626, 37.252272964 0.762242434, 37.258201125 0.761440046, 37.265281347 0.754922795, 37.26632278 0.751785246, 37.270087963 0.749969074, 37.273914182 0.742862684, 37.279067943 0.737972317, 37.288784176 0.734105568, 37.292011475 0.728029771, 37.299766912 0.7195139149999999, 37.304691785 0.706800834, 37.305210593 0.701519676, 37.310074431 0.696737541, 37.314575864 0.682342091, 37.320568875 0.675805828, 37.327462173 0.664739061, 37.326889956 0.6594393670000001, 37.331162502 0.647801877, 37.343144711 0.642370705, 37.344113664 0.640092043, 37.343419374 0.635307824, 37.353501823 0.617413832, 37.352265835 0.611110068, 37.353642968 0.608379345, 37.354383033 0.598223675, 37.357926959 0.596054258, 37.362951019 0.597032462, 37.36384749 0.5876183270000001, 37.368947844 0.585024324, 37.372320106 0.585504634, 37.384184057 0.580307987, 37.389925293 0.57479296, 37.395876343 0.575210691, 37.401789245 0.577301435, 37.42412857 0.578085521, 37.429331925 0.581189037, 37.435958189 0.577021671, 37.438804011 0.577890688, 37.439738632 0.579754002, 37.447974732 0.577920368, 37.456176499 0.582933029, 37.461791849 0.582943578, 37.465793549 0.588669584, 37.470848127 0.5912485669999999, 37.47273644 0.588246428, 37.476909804 0.586095129, 37.490860438 0.587672603, 37.49191713 0.584019043, 37.490761252 0.576747208, 37.495884495 0.573121898, 37.503155457 0.574326698, 37.506993121 0.571795334, 37.509682537 0.567698951, 37.516736056 0.566606435, 37.523625541 0.569023068, 37.533715621 0.564403998, 37.539060122 0.5713695519999999, 37.544629695 0.576037848, 37.547612849 0.5759210930000001, 37.551393291 0.571770653, 37.555463656 0.570677303, 37.564413119 0.571357926, 37.568025711 0.569396153, 37.576521216 0.573142746, 37.581392684 0.570656678, 37.583860844 0.571923581, 37.582960559 0.5848298790000001, 37.584169843 0.587480262, 37.593519857 0.58730176, 37.598170068 0.589600268, 37.608725552 0.590407897, 37.612460217 0.594207593, 37.621814047 0.597710305, 37.628299165 0.598227507, 37.632365715 0.594710132, 37.634490545 0.595633206, 37.638579985 0.606695977, 37.642947904 0.6116445700000001, 37.64157077 0.613778763, 37.638305323 0.614872352, 37.639743494 0.619422225, 37.645541952 0.621431676, 37.64950932 0.628523819, 37.652381846 0.630134551, 37.658344339 0.629548211, 37.666610958 0.631739201, 37.672123309 0.637321335, 37.677746287 0.637838358, 37.683205232 0.643076783, 37.682694052 0.646359932, 37.684189445 0.650276801, 37.692353066 0.6620825970000001, 37.699696508 0.662654391, 37.710118475 0.666890235, 37.714204097 0.6589588119999999, 37.715924561 0.6577472170000001, 37.725785754 0.654113681, 37.729055016 0.654458224, 37.731473585 0.660681886, 37.736348868 0.6610268459999999, 37.744222565 0.670752386, 37.749273328 0.6741456139999999, 37.752084817 0.674263919, 37.758676748 0.670747079, 37.778532653 0.675111894, 37.785357286 0.674245318, 37.791548665 0.671017714, 37.806525473 0.6749832730000001, 37.813407327 0.674342758, 37.824943207 0.677683359, 37.830676814 0.6769339559999999, 37.833949891 0.6779659179999999, 37.838771768 0.681133026, 37.846302135 0.690117031, 37.843097725 0.69737069, 37.84609614 0.707746638, 37.851898414 0.713446719, 37.863728033 0.721554493, 37.875439393 0.727138592, 37.877220894 0.731345233, 37.875618689 0.733940905, 37.878899397 0.741829474, 37.881424778 0.741658245, 37.884690225 0.738538337, 37.891511042 0.7362876860000001, 37.89408983 0.733637958, 37.897290424 0.725859526, 37.9021123 0.726548196, 37.904748309 0.724938715, 37.904111241 0.720786607, 37.905084008 0.7185977609999999, 37.909787626 0.718770777, 37.911962047 0.716925998, 37.912816556 0.711851531, 37.914704869 0.709491098, 37.916829699 0.710242348, 37.920797066 0.7159963660000001, 37.928254951 0.717780173, 37.930208116 0.7193907859999999, 37.932451205 0.7240589039999999, 37.946073769 0.741330555, 37.956114257 0.742943073, 37.962149233 0.750479708, 37.967367845 0.750888022, 37.974142886 0.754453731, 37.974032258 0.758135361, 37.985125626 0.771037427, 37.991843446 0.776050506, 37.996260955 0.776558112, 38.002643075 0.785714121, 38.006026781 0.786411492, 38.010394699 0.791306386, 38.01023448 0.799601543, 38.012759862 0.801610339, 38.017120149 0.801321937, 38.017627513 0.794293326, 38.024970955 0.795036826, 38.033622863 0.789104722, 38.044060086 0.786447602, 38.052189369 0.776652566, 38.062115414 0.776582416, 38.074681283 0.780900267, 38.081574581 0.781037463, 38.07338426 0.785703438, 38.050384986 0.803139055, 38.039875326 0.996495764, 38.037540687 1.007811657, 38.033249085 1.083245146, 37.950804202 1.192047282, 37.947569295 1.264176954, 38.222179751 1.479037528, 38.342913591 1.575098349, 38.38692091 1.760497877, 38.962501847 2.09369155, 38.961681672 2.096867246, 38.982880358 2.072403819, 38.988076075 2.063754749, 38.987171967 2.051242449, 38.989178535 2.046130725, 38.994713768 2.038123898, 38.994656543 2.032360874, 38.991993827 2.023404037, 38.997658755 2.002722084, 39.001027198 1.998895085, 39.007367352 1.998560372, 39.01607266 1.985622646, 39.023080398 1.982537539, 39.025731664 1.979090427, 39.031537748 1.975308603, 39.035009188 1.966442235, 39.040372755 1.958281524, 39.045495994 1.953052031, 39.05087482 1.941715744, 39.060125643 1.936278009, 39.065336618 1.92263463, 39.073389602 1.916038879, 39.080820777 1.907136035, 39.086504789 1.90462058, 39.09393215 1.897092933))",Isiolo,Isiolo,1067825226,78.7594,4683.0912,208766927248,0.0,9.0,0.0,0.0,9.0,63.63636363636363,59.87941548008289,4.416666666666667,4.21866109675515,4.583333333333333,1.0377358490566035,1.086442648085355,0,0,1,0,,,0.0,0.0,0.0,0.0,,0,0,0,0,,,0.0,0.0,0.0,0.0,,0,0,0,0,,,0.0,0.0,0.0,0.0,,0,0,0,0,63.63636363636363,59.87941548008289,4.416666666666667,4.218661096755149,4.583333333333333,1.0377358490566035,1.0864426480853553,0,0,1,0,22.01,68.38803088803093,52.993902426689296,9.250833333333322,10.919590160594927,12.75916666666668,1.3792451130528813,1.1684657097031128,0.0,0.0,1.0,0.0,0.47558714200889723,0.0,0.0,0.0,0.0,1.0324280282455192,0.6788806988675499,0.47558714200889723
21,24227781,2021-07-01,Kenya,Kenya_2021-07,54986000,272357,27236.0,0.1,2.0,0.7,0.2,0.1,0.0,0.0,0.5,0.45,0.05,0.0,0.0,,,,,,Embu,"POLYGON ((37.559579774 -0.366037944, 37.56253241 -0.368453295, 37.565210382 -0.368254739, 37.56847583 -0.365876548, 37.57043281 -0.366546176, 37.579767566 -0.373575257, 37.584448295 -0.372336902, 37.586584569 -0.376533914, 37.601889449 -0.387209041, 37.609976772 -0.387997241, 37.612269452 -0.386984619, 37.61579049 -0.390991986, 37.627177594 -0.393218853, 37.631617993 -0.39207091, 37.633063793 -0.394232845, 37.637469858 -0.39455918, 37.637759782 -0.401614128, 37.639228471 -0.404400156, 37.646178992 -0.411718562, 37.65632248 -0.417979288, 37.661323651 -0.424935627, 37.667518846 -0.425895444, 37.669800082 -0.42790382, 37.675392542 -0.429532847, 37.684097859 -0.430990585, 37.688519184 -0.434120919, 37.694229904 -0.441502588, 37.699879586 -0.441322687, 37.705384307 -0.445520503, 37.71508528 -0.446779478, 37.717435182 -0.448407998, 37.718301136 -0.4514925, 37.727487115 -0.454298106, 37.733232166 -0.453032782, 37.73434608 -0.451088296, 37.738786478 -0.44852931, 37.748449304 -0.448784215, 37.757009659 -0.450603751, 37.75852794 -0.452322594, 37.769152089 -0.452595766, 37.779894495 -0.44885284, 37.785059701 -0.450463779, 37.788267926 -0.446484393, 37.790961157 -0.446322015, 37.799822879 -0.441013862, 37.801863784 -0.440914689, 37.808329827 -0.433100536, 37.812674855 -0.432983631, 37.815711416 -0.430216227, 37.817393731 -0.424092757, 37.819262971 -0.423269899, 37.82003737 -0.421108173, 37.8231693 -0.419896549, 37.826179157 -0.416378343, 37.828452763 -0.417147531, 37.829879489 -0.415248221, 37.829562862 -0.412290308, 37.832263723 -0.408681571, 37.833907891 -0.407487826, 37.841300925 -0.408149199, 37.842430098 -0.406313153, 37.845760397 -0.40697393, 37.850559383 -0.396183359, 37.852592658 -0.394953438, 37.85458397 -0.391018901, 37.856819428 -0.392267506, 37.867424502 -0.384589268, 37.865677335 -0.382807071, 37.866501325 -0.372033932, 37.872013675 -0.367303804, 37.871140091 -0.364436243, 37.87351288 -0.359741905, 37.87392869 -0.351211964, 37.880787656 -0.35075147, 37.885044944 -0.348137802, 37.88587275 -0.345840309, 37.888176874 -0.346392377, 37.895512688 -0.355511217, 37.893105565 -0.363100234, 37.889908784 -0.367740248, 37.890713702 -0.370164568, 37.896458753 -0.372336217, 37.897145413 -0.374480122, 37.895711058 -0.377365503, 37.896947045 -0.381752816, 37.89262872 -0.384701133, 37.890698445 -0.390010656, 37.890721334 -0.396650136, 37.900487158 -0.39926565, 37.902833245 -0.401482148, 37.901799442 -0.408410983, 37.909173402 -0.412301623, 37.909776137 -0.417430589, 37.915998035 -0.416662592, 37.923024851 -0.418174179, 37.921262425 -0.422190247, 37.923417774 -0.428115489, 37.927907764 -0.430721289, 37.932573234 -0.428849453, 37.936120975 -0.431364692, 37.934911691 -0.432115315, 37.936563489 -0.435598149, 37.929983004 -0.45047747, 37.918847677 -0.464596155, 37.914525538 -0.468114272, 37.912000158 -0.476264058, 37.898839187 -0.504457234, 37.8931361 -0.512606364, 37.882805693 -0.538312134, 37.88303458 -0.542789769, 37.886059697 -0.5481452999999999, 37.888508784 -0.557480872, 37.888470637 -0.563333343, 37.88372506 -0.585258967, 37.902894307 -0.600025282, 37.90208939 -0.603887614, 37.918923995 -0.6230135570000001, 37.923707723 -0.626723314, 37.907830632 -0.641491601, 37.894208072 -0.647693922, 37.893403155 -0.654649873, 37.895470765 -0.66834537, 37.897805408 -0.67194606, 37.895890392 -0.676305628, 37.896733458 -0.6797521949999999, 37.895470768 -0.683116872, 37.897919854 -0.686889506, 37.90358098 -0.687442587, 37.902627286 -0.685253326, 37.904576637 -0.687135233, 37.899564026 -0.7058766440000001, 37.900216353 -0.711005698, 37.901631635 -0.712380951, 37.905991922 -0.711576956, 37.908784338 -0.71379381, 37.910508616 -0.709814128, 37.912496114 -0.710239726, 37.914372986 -0.726685252, 37.916513075 -0.731552307, 37.913186593 -0.73843525, 37.913873253 -0.742451704, 37.905763044 -0.756759942, 37.904958128 -0.760242328, 37.892296891 -0.7705691569999999, 37.894589573 -0.782310988, 37.885560002 -0.78491369, 37.885830851 -0.788622493, 37.881428603 -0.7971150930000001, 37.881581194 -0.800027829, 37.885636301 -0.8045064750000001, 37.885560006 -0.807337738, 37.884182873 -0.8089383959999999, 37.879326664 -0.808403374, 37.871941261 -0.813991464, 37.867924302 -0.812154138, 37.861114929 -0.814485961, 37.856827122 -0.812458514, 37.8447381 -0.813839014, 37.840454107 -0.812073923, 37.835899267 -0.816324008, 37.833831658 -0.815364579, 37.830199991 -0.808407557, 37.821590043 -0.8070301600000001, 37.815753438 -0.809950108, 37.813056393 -0.814987618, 37.809077583 -0.817736218, 37.808657956 -0.807795238, 37.807242674 -0.805841038, 37.805522211 -0.805650619, 37.798899763 -0.813916026, 37.79752263 -0.8175066439999999, 37.791975947 -0.820227591, 37.789374272 -0.824776565, 37.785357313 -0.824359252, 37.781645538 -0.827759153, 37.770281322 -0.822753591, 37.76634066 -0.825737311, 37.759226104 -0.825807461, 37.757925265 -0.820262344, 37.75562877 -0.818235552, 37.756700721 -0.815060997, 37.750806891 -0.806068302, 37.747861881 -0.788935894, 37.744955021 -0.782313998, 37.739408338 -0.778983711, 37.732942294 -0.777344613, 37.725328003 -0.78311305, 37.716908795 -0.782775839, 37.71622595 -0.781699237, 37.712853688 -0.782277113, 37.699501976 -0.787021575, 37.699883455 -0.791996446, 37.694146033 -0.793713145, 37.693531855 -0.7974214120000001, 37.691006475 -0.799799424, 37.68928601 -0.796967803, 37.683010705 -0.79749943, 37.68167172 -0.80086369, 37.68281997 -0.812577212, 37.680714215 -0.819577267, 37.682053202 -0.825158441, 37.6737904 -0.829488151, 37.671722793 -0.833241118, 37.671379464 -0.8396175850000001, 37.66621426 -0.8449794349999999, 37.665256752 -0.848569934, 37.657413574 -0.850068619, 37.653549207 -0.847236224, 37.650184575 -0.847388858, 37.646587241 -0.844900291, 37.640578971 -0.84819047, 37.636027943 -0.841459568, 37.629943376 -0.841421247, 37.627837623 -0.853775581, 37.625544943 -0.854697284, 37.61957482 -0.853817839, 37.617854356 -0.854314659, 37.616053783 -0.857371089, 37.604262313 -0.858415986, 37.603312435 -0.864828272, 37.596083436 -0.863568345, 37.588392849 -0.867318989, 37.588125816 -0.86953483, 37.591299709 -0.871028328, 37.592447957 -0.873443707, 37.589159621 -0.875622181, 37.588583591 -0.8805150430000001, 37.586020062 -0.881165271, 37.576227534 -0.879406916, 37.565321092 -0.883499839, 37.562223493 -0.877836836, 37.560617473 -0.877573944, 37.554571055 -0.88281737, 37.551740493 -0.887058098, 37.550325211 -0.887401211, 37.547761681 -0.885030591, 37.546151846 -0.885527351, 37.54382102 -0.889587374, 37.53830867 -0.8914935389999999, 37.533257909 -0.898157215, 37.536359324 -0.909554324, 37.533475355 -0.91459988, 37.530198463 -0.9164797609999999, 37.519333983 -0.9187363120000001, 37.516808601 -0.916564634, 37.517418964 -0.91112024, 37.51619442 -0.905005832, 37.508656424 -0.90392649, 37.503414922 -0.901753681, 37.496147775 -0.905305025, 37.491554785 -0.901558854, 37.485779215 -0.899910399, 37.483902344 -0.895586531, 37.478622695 -0.894851793, 37.47690223 -0.890347101, 37.47230924 -0.8865195769999999, 37.474109813 -0.883580974, 37.474910914 -0.876689689, 37.471546283 -0.877529443, 37.467529323 -0.874208632, 37.462974482 -0.876540097, 37.460830578 -0.873021118, 37.457694832 -0.871835033, 37.454444644 -0.872946084, 37.447745898 -0.871378744, 37.444991628 -0.8645675, 37.443652642 -0.863798193, 37.438910876 -0.864411232, 37.433860113 -0.86315208, 37.428385911 -0.86747279, 37.420542732 -0.86303801, 37.415301231 -0.862882039, 37.412165485 -0.86062883, 37.412852144 -0.857789401, 37.415915408 -0.854923748, 37.413733355 -0.851368651, 37.404894521 -0.852631085, 37.39881377 -0.8574850899999999, 37.394873106 -0.8557289380000001, 37.389368385 -0.856242089, 37.386377601 -0.853012226, 37.382436939 -0.858255891, 37.380907214 -0.858562768, 37.377348028 -0.855766728, 37.378534422 -0.852167885, 37.370843834 -0.850184065, 37.365026301 -0.845894945, 37.356038689 -0.844751594, 37.352162878 -0.847426828, 37.35110237 -0.8432934989999999, 37.347886514 -0.845516851, 37.344174737 -0.843028283, 37.337941395 -0.847583517, 37.334687391 -0.84463395, 37.331242649 -0.845093699, 37.327496539 -0.843789847, 37.324624012 -0.840614338, 37.327416427 -0.836907739, 37.326001145 -0.835948548, 37.320835939 -0.837176235, 37.316628239 -0.825960605, 37.313645085 -0.8241235770000001, 37.314026561 -0.819267427, 37.311119702 -0.8162456850000001, 37.306488564 -0.814525531, 37.307102741 -0.809172145, 37.305763755 -0.807679421, 37.307713104 -0.803619756, 37.30633597 -0.801864796, 37.30216642 -0.800099585, 37.300175106 -0.796011194, 37.294819161 -0.794173213, 37.286937833 -0.783724983, 37.281848922 -0.785450145, 37.276412867 -0.78558353, 37.267921176 -0.781447281, 37.277469554 -0.756437751, 37.286014652 -0.757589625, 37.293735758 -0.756887305, 37.29980888 -0.7557412100000001, 37.30592015 -0.751511328, 37.316571003 -0.7509004929999999, 37.318814093 -0.760134687, 37.326867085 -0.767580543, 37.348668529 -0.7750952330000001, 37.359231642 -0.772476677, 37.35975045 -0.764762682, 37.367589814 -0.765046075, 37.371751734 -0.767010109, 37.375555065 -0.7639819289999999, 37.378500071 -0.763702705, 37.390135135 -0.755088402, 37.397238247 -0.754322371, 37.407885284 -0.750274624, 37.421816844 -0.750270687, 37.445403598 -0.733267425, 37.464584289 -0.7362314720000001, 37.46437829 -0.731573729, 37.467990883 -0.731222271, 37.468288435 -0.7295492, 37.474262372 -0.726910381, 37.48094586 -0.730729263, 37.486080547 -0.7311198759999999, 37.493401102 -0.734387286, 37.497212062 -0.7326520520000001, 37.493706283 -0.728544828, 37.493275213 -0.724917973, 37.489799952 -0.7235692419999999, 37.490204318 -0.721688229, 37.48820156 -0.719489791, 37.485767734 -0.72101744, 37.484360082 -0.719497599, 37.484485969 -0.717164227, 37.480224865 -0.7170271499999999, 37.47911095 -0.7156611349999999, 37.478492954 -0.704979811, 37.480686449 -0.696569517, 37.480129491 -0.69296978, 37.475582278 -0.687641366, 37.474804063 -0.681617726, 37.477157779 -0.6787153, 37.477604107 -0.679393778, 37.477272221 -0.675115801, 37.479294052 -0.671688723, 37.476509265 -0.667319559, 37.47632997 -0.663132054, 37.473991512 -0.660363846, 37.474853651 -0.658555306, 37.472896671 -0.655452567, 37.473472701 -0.650216233, 37.479377972 -0.641617068, 37.478924013 -0.637899801, 37.4804957 -0.635729672, 37.481266283 -0.628277556, 37.487228777 -0.626036323, 37.487587365 -0.619370918, 37.489044609 -0.617698144, 37.484154065 -0.608715936, 37.483433072 -0.60667174, 37.484340989 -0.605948503, 37.482918078 -0.605758143, 37.481968198 -0.603822418, 37.479789962 -0.604427768, 37.477462948 -0.6013792650000001, 37.480102772 -0.598657723, 37.478443345 -0.5958988120000001, 37.480152363 -0.592055552, 37.483867954 -0.590880849, 37.485920303 -0.584242978, 37.479816661 -0.578181791, 37.477173021 -0.573387684, 37.476383362 -0.570837013, 37.477539239 -0.569444535, 37.472808916 -0.558644668, 37.463539012 -0.557773983, 37.461990212 -0.552546172, 37.452811862 -0.550979129, 37.448295167 -0.545741484, 37.446650997 -0.532564021, 37.438723893 -0.524494814, 37.433852424 -0.5217894239999999, 37.427783115 -0.5114597950000001, 37.4263335 -0.5060331, 37.427687745 -0.50275049, 37.426936234 -0.500507441, 37.430922674 -0.497279722, 37.431182078 -0.495262971, 37.426264832 -0.488750229, 37.424830476 -0.483956628, 37.429255613 -0.467253567, 37.427348225 -0.465480518, 37.428748247 -0.458969235, 37.427897552 -0.456310123, 37.428816912 -0.448550652, 37.426489899 -0.448468763, 37.424525289 -0.446759038, 37.423449522 -0.443665805, 37.425543834 -0.442074534, 37.424090404 -0.440853314, 37.425993977 -0.439985489, 37.42534928 -0.438339356, 37.427409258 -0.433908297, 37.426920966 -0.42972088, 37.425341649 -0.427577154, 37.426127493 -0.423806008, 37.308720128 -0.15250746, 37.500916154 -0.316438905, 37.553762241 -0.363504557, 37.559579774 -0.366037944))",Embu,Embu,460684482,-28.49470000000001,1987.9093000000007,91104909504,0.0,0.0,0.0,0.0,0.0,,33.33333333333329,0.0,0.48154341234307685,0.0,0.0,0.0,0,0,0,0,,,0.0,0.0,0.0,0.0,,0,0,0,0,,,0.0,0.0,0.0,0.0,,0,0,0,0,,,0.0,0.0,0.0,0.0,,0,0,0,0,,33.33333333333329,0.0,0.48154341234307685,0.0,0.0,0.0,0,0,0,0,,,,,,,,,,,,,,,,,,,,
22,24227781,2021-07-01,Kenya,Kenya_2021-07,54986000,666783,133356.0,0.2,3.0,0.5,0.3,0.15,0.05,0.0,0.55,0.35,0.1,0.0,0.0,,,,,,Baringo,"POLYGON ((35.781147003 1.656727553, 35.785461425 1.655861974, 36.09728241 1.169178247, 36.173236847 1.171178698, 36.317268371 0.991512477, 36.342216492 0.994311512, 36.342639923 0.989670337, 36.346916199 0.987321138, 36.346363067 0.982756377, 36.347793579 0.974696457, 36.351501465 0.966674685, 36.353984832 0.967075765, 36.355815887 0.965108514, 36.359062195 0.96560514, 36.363819122 0.964229941, 36.365406036 0.959015847, 36.369853973 0.955883503, 36.375297546 0.9572013619999999, 36.378677369 0.955367803, 36.384216308 0.955100417, 36.384292602 0.951452434, 36.389221191 0.948816717, 36.388362884 0.945760846, 36.390636444 0.94186455, 36.388076782 0.941387057, 36.388648987 0.9318755869999999, 36.386966705 0.927960157, 36.393863678 0.920759737, 36.392887116 0.912967146, 36.395221711 0.911594153, 36.393917084 0.909981609, 36.396110535 0.908958972, 36.395542144 0.906216621, 36.402954101 0.90221417, 36.40354538 0.900761664, 36.406513214 0.901624262, 36.410102845 0.901256919, 36.410850525 0.900107324, 36.416160584 0.901540935, 36.417388916 0.903254092, 36.419124603 0.902504623, 36.424648285 0.898257792, 36.423522949 0.893714965, 36.425918579 0.891434312, 36.426296234 0.889263034, 36.429080964 0.887501717, 36.429714203 0.885039389, 36.445671082 0.871863127, 36.45627594 0.872518122, 36.462535858 0.86948961, 36.464469909 0.865724146, 36.470581054 0.864040673, 36.471572876 0.860870004, 36.478900909 0.857098579, 36.481716156 0.853333115, 36.484214783 0.853452027, 36.488300324 0.850947678, 36.489925384 0.848835885, 36.475437164 0.839109719, 36.468959809 0.822359562, 36.404731751 0.7188789840000001, 36.347431183 0.661962747, 36.289100647 0.646683216, 36.277927399 0.632990181, 36.294124604 0.566389322, 36.265571594 0.500095307, 36.229549408 0.421760946, 36.227432251 0.398581952, 36.257568359 0.379271805, 36.258140564 0.376426667, 36.259841919 0.376178413, 36.258811951 0.37361905, 36.2607193 0.364260346, 36.260089874 0.345695764, 36.261352539 0.343098194, 36.249202728 0.331352055, 36.244525909 0.329080075, 36.24773407 0.343040884, 36.230983734 0.335993201, 36.225673675 0.320885509, 36.240016938 0.315404058, 36.249893189 0.2997998, 36.259841919 0.291434347, 36.265037537 0.278045564, 36.279552459 0.274378568, 36.281768799 0.267349959, 36.278980255 0.256807029, 36.291755676 0.254515141, 36.29643631 0.238261551, 36.296360016 0.230010569, 36.291240692 0.217500493, 36.292331695 0.213623315, 36.288585663 0.207798004, 36.28383255 0.203004047, 36.271911622 0.195860878, 36.270195007 0.193091408, 36.26738739 0.192365631, 36.26499939 0.186845884, 36.259155273 0.184382051, 36.25447464 0.183847368, 36.236064911 0.211044893, 36.202613831 0.236003712, 36.216621399 0.25237602, 36.210529327 0.268534034, 36.201053619 0.28562808, 36.196453094 0.301556975, 36.186214447 0.316970199, 36.155269623 0.307757587, 36.152694702 0.305036962, 36.151138306 0.308967531, 36.146469117 0.313551396, 36.144634247 0.316702813, 36.144958496 0.319319427, 36.14225769 0.322432637, 36.138980866 0.324361682, 36.134395599 0.323845982, 36.125907898 0.328105211, 36.123790741 0.327111959, 36.123588562 0.328754544, 36.11951065 0.330970079, 36.103775025 0.317753285, 36.085647583 0.305262267, 36.055335999 0.302989453, 35.983951569 0.300946027, 35.986179352 0.305548757, 35.986103058 0.314945638, 35.989597321 0.324609965, 35.988929749 0.328238845, 35.99143219 0.330129713, 35.990989685 0.333032787, 35.993816376 0.3465361, 35.993740082 0.352514207, 35.991489411 0.357785643, 35.992858887 0.365396201, 35.989635467 0.375070602, 35.993324279 0.375947237, 35.996395111 0.382805824, 35.998535156 0.396099031, 35.997341156 0.400950283, 35.992717743 0.406890214, 35.991840362 0.409844905, 35.980239869 0.409583211, 35.977642059 0.406718343, 35.956192017 0.393692523, 35.934436798 0.391572445, 35.924343109 0.393749804, 35.925518036 0.388917655, 35.928153992 0.387714386, 35.924640655 0.38041839, 35.926551819 0.377820909, 35.923358917 0.376082838, 35.923149109 0.367984712, 35.921718597 0.366437644, 35.921298981 0.362904281, 35.922290802 0.358759701, 35.921127319 0.351425528, 35.922557831 0.344866306, 35.92483902 0.34115541, 35.921985627 0.336986393, 35.923664093 0.335000008, 35.921508789 0.333529383, 35.921680451 0.331695825, 35.919788361 0.331237465, 35.919872284 0.328238845, 35.918228149 0.328553409, 35.916999817 0.326672763, 35.922004699 0.325163901, 35.922462463 0.318899244, 35.919273376 0.317600459, 35.91474533 0.308929324, 35.919101715 0.307821601, 35.917324066 0.305425376, 35.918212891 0.302296519, 35.92079544 0.301246136, 35.91853714 0.294449151, 35.910068512 0.286812216, 35.909206391 0.28228572, 35.906669616 0.283058345, 35.905540466 0.280815035, 35.902885437 0.281299472, 35.897754669 0.27628848, 35.898136139 0.273859859, 35.89427185 0.273576349, 35.892974854 0.271342904, 35.890068054 0.273237347, 35.888313293 0.272468597, 35.888256073 0.274684161, 35.885379791 0.275390804, 35.883480072 0.273671836, 35.882354736 0.275047034, 35.877502441 0.27306071, 35.874828339 0.275047034, 35.871582032 0.275373131, 35.861995697 0.270023882, 35.85867691 0.270313292, 35.852481842 0.266356766, 35.852935791 0.265162468, 35.845111847 0.2627711, 35.842063904 0.263624578, 35.834274292 0.257872581, 35.833057403 0.259557396, 35.829864502 0.25989005, 35.824157715 0.257685662, 35.819728851 0.25911808, 35.816959381 0.258526027, 35.81300354 0.262212217, 35.779319764 0.2622886, 35.777477264 0.253732145, 35.777496338 0.244468852, 35.783859253 0.24399139, 35.784030914 0.234575361, 35.781776428 0.229590401, 35.776657105 0.228998333, 35.777709961 0.224872872, 35.75725174 0.221434966, 35.75522995 0.218340904, 35.751159668 0.216755644, 35.740432739 0.223574102, 35.722362518 0.213071227, 35.722686767 0.22116597, 35.720417023 0.227483839, 35.720844269 0.236110166, 35.719627381 0.23973471, 35.718109131 0.240524575, 35.71831131 0.242104038, 35.716854095 0.242407783, 35.71478653 0.251925081, 35.713085174 0.252147823, 35.709098816 0.257291228, 35.710556031 0.258526444, 35.708106995 0.260389418, 35.709827423 0.260308415, 35.709056854 0.26314336, 35.711021424 0.266140283, 35.709278107 0.268914491, 35.710819244 0.268954992, 35.713592529 0.271749437, 35.711303711 0.27361238, 35.713348389 0.277216822, 35.714523315 0.277318061, 35.712680817 0.281853974, 35.714546204 0.282987952, 35.715171814 0.287139118, 35.713977813 0.289447576, 35.715049743 0.291391522, 35.713573456 0.297000646, 35.715110778 0.298094124, 35.713996887 0.299855858, 35.71559906 0.299977332, 35.715496063 0.303197026, 35.713409424 0.304270267, 35.71503067 0.30524224, 35.712600708 0.30655846, 35.714424133 0.311155111, 35.712924957 0.310466617, 35.711708068 0.312491595, 35.713531494 0.313666076, 35.712440491 0.313888818, 35.713371276 0.31482029, 35.712135315 0.315529019, 35.712356568 0.317898244, 35.71786499 0.323021382, 35.716487884 0.324033856, 35.717582703 0.328245759, 35.716732025 0.331181944, 35.718151092 0.330513716, 35.719161988 0.331546456, 35.719791412 0.338228822, 35.723129272 0.33992979, 35.718574524 0.345619917, 35.722583771 0.351168305, 35.720355988 0.353294492, 35.720844269 0.356757164, 35.719768524 0.357789904, 35.718006134 0.356736928, 35.714424133 0.359106123, 35.712863922 0.357607662, 35.710273742 0.358215153, 35.706668854 0.366355478, 35.705371856 0.366294742, 35.70419693 0.363682539, 35.70029068 0.365950495, 35.698406219 0.369008183, 35.699539184 0.369656176, 35.698951721 0.370729387, 35.696422577 0.369858653, 35.698223114 0.366618723, 35.697353363 0.365525246, 35.683986664 0.374151588, 35.683582306 0.372612595, 35.681556701 0.373301089, 35.680465698 0.371579886, 35.679737091 0.375042558, 35.675907135 0.378059745, 35.673763276 0.376176537, 35.673923492 0.378525496, 35.672588348 0.380165696, 35.669914246 0.380327702, 35.667404175 0.383142382, 35.666248321 0.386139333, 35.667545319 0.388427526, 35.664367676 0.387536556, 35.663578033 0.389743745, 35.661186218 0.387394786, 35.660133362 0.387799799, 35.661026001 0.389925986, 35.659183503 0.395676881, 35.65454483 0.400192529, 35.661003113 0.4136585, 35.658878327 0.416311205, 35.660034179 0.417971671, 35.657764434 0.420057386, 35.657966614 0.422791064, 35.655235291 0.424735039, 35.653656006 0.429412693, 35.654930115 0.436358303, 35.652763367 0.442716658, 35.65298462 0.446867823, 35.651405334 0.449824273, 35.645431519 0.453003436, 35.647377014 0.455190391, 35.645610809 0.460196108, 35.647956848 0.462059051, 35.644004821 0.465590596, 35.643310547 0.469737709, 35.640132904 0.47121188, 35.639225006 0.476849347, 35.631954193 0.484365999, 35.632923126 0.48780033, 35.631450654 0.489096314, 35.633750915 0.491202265, 35.633136749 0.496224165, 35.629928589 0.494944394, 35.630981446 0.503594995, 35.628601074 0.502315223, 35.624599457 0.5035787819999999, 35.62317276 0.506186962, 35.621246338 0.505668581, 35.613647461 0.510010063, 35.613548279 0.515258789, 35.611766815 0.517721117, 35.614051819 0.519632697, 35.611865998 0.52499479, 35.608562469 0.5295306440000001, 35.603588104 0.531085849, 35.603488922 0.533612966, 35.60213089 0.534503997, 35.60226059 0.5376790769999999, 35.604431152 0.540060461, 35.603733062 0.541777611, 35.605644226 0.543510973, 35.602630615 0.550395846, 35.601787567 0.556551695, 35.60382843 0.557993472, 35.60415268 0.561881423, 35.608283996 0.566384912, 35.608089447 0.5682317019999999, 35.610374451 0.569689632, 35.61013031 0.572135806, 35.612903595 0.575699747, 35.613956451 0.580284238, 35.611152649 0.589015841, 35.612854004 0.592514992, 35.604980469 0.5974234940000001, 35.603717804 0.5995618109999999, 35.601222992 0.60006404, 35.60079956 0.602218568, 35.597446442 0.6041301489999999, 35.598564148 0.607532084, 35.595794677 0.612764537, 35.597770691 0.616490483, 35.596023559 0.61984384, 35.596897125 0.6255785230000001, 35.600364685 0.628688812, 35.599845886 0.632414758, 35.601593018 0.6362540719999999, 35.605289459 0.63801986, 35.604770661 0.639461637, 35.606712341 0.638651609, 35.606018066 0.6405631899999999, 35.608074188 0.640595615, 35.606796265 0.642085969, 35.608867645 0.644775092, 35.608188629 0.645844281, 35.609565735 0.646395087, 35.607070923 0.647059262, 35.608917237 0.64786923, 35.606811524 0.6496512290000001, 35.608997345 0.651708543, 35.607379913 0.652615726, 35.60830307 0.653587699, 35.607700348 0.655936658, 35.606925964 0.655418277, 35.604885101 0.657329857, 35.606777191 0.661719978, 35.604915619 0.662481308, 35.605140686 0.668005406, 35.603847504 0.669398606, 35.606048584 0.6724279520000001, 35.605175018 0.674517691, 35.606876373 0.674404323, 35.606227874 0.672832906, 35.608818054 0.672346949, 35.612998963 0.676153839, 35.615333557 0.6767694359999999, 35.615219116 0.679328978, 35.616401673 0.67895639, 35.616142273 0.677822411, 35.618312835 0.678972602, 35.618846893 0.676526427, 35.620822906 0.677676618, 35.619998932 0.678729593, 35.622898102 0.678697229, 35.623188019 0.680252373, 35.624420166 0.678697229, 35.626235962 0.679507196, 35.62657547 0.680527746, 35.624111176 0.680835545, 35.623722077 0.68671602, 35.625164032 0.688627601, 35.626121521 0.687785208, 35.627548218 0.689048767, 35.629863739 0.68671602, 35.627513886 0.690377175, 35.632472992 0.692142903, 35.633022309 0.693746686, 35.630607605 0.695334256, 35.633052826 0.699789166, 35.633720398 0.698687613, 35.63634491 0.701538741, 35.635696411 0.702705086, 35.633087158 0.701311946, 35.633995056 0.703385472, 35.6328125 0.705248475, 35.634204864 0.705361843, 35.633247376 0.70775938, 35.634124756 0.708909571, 35.631660462 0.711857915, 35.634643554 0.711938918, 35.630706787 0.716863632, 35.629619599 0.716231823, 35.628826141 0.717349589, 35.62953949 0.718451202, 35.630428314 0.717495382, 35.631694793 0.719698548, 35.630622864 0.720670521, 35.630901337 0.722857475, 35.628437042 0.722987115, 35.628128052 0.724769055, 35.625198364 0.725773453, 35.628860474 0.726713002, 35.626087189 0.729029595, 35.626785278 0.730001569, 35.624130249 0.729126751, 35.622753144 0.730341732, 35.62266922 0.734197259, 35.624500275 0.735201657, 35.620353698 0.7358981959999999, 35.62002945 0.7388465400000001, 35.621002197 0.741600513, 35.622444153 0.74126029, 35.623886109 0.744775652, 35.624629975 0.743998051, 35.626087189 0.7471894019999999, 35.624938965 0.748080373, 35.626800537 0.748679757, 35.625682831 0.756034434, 35.627658844 0.75893414, 35.627109528 0.760165333, 35.628307342 0.760132909, 35.627902985 0.761882484, 35.629055023 0.76230371, 35.627010345 0.763243258, 35.628356934 0.76395607, 35.627998352 0.765576005, 35.629264832 0.76567322, 35.629264832 0.769836545, 35.631855011 0.771213472, 35.630916596 0.774745047, 35.632194519 0.774113238, 35.634803772 0.778389931, 35.633766174 0.779669702, 35.63552475 0.782441914, 35.634967804 0.784950793, 35.633605957 0.785598815, 35.634010315 0.7871377470000001, 35.635078431 0.786635577, 35.634140015 0.787963926, 35.637931824 0.78893596, 35.636440277 0.789697349, 35.637653351 0.791365862, 35.636989593 0.792953432, 35.634025574 0.793455661, 35.635097503 0.797440767, 35.636894226 0.798671961, 35.635112762 0.798704326, 35.635742188 0.801150501, 35.634204864 0.800745487, 35.634918213 0.802300692, 35.633945466 0.802219689, 35.634075165 0.80432564, 35.633022309 0.804682017, 35.633850098 0.807484568, 35.634399415 0.805443406, 35.635223389 0.80591321, 35.634399415 0.807419777, 35.635776519 0.808764339, 35.633880615 0.810692072, 35.637073517 0.81169647, 35.637023926 0.813478411, 35.642467499 0.818613708, 35.642662048 0.823473632, 35.636260986 0.826729774, 35.637218475 0.828268707, 35.638999939 0.827523529, 35.638515472 0.828997731, 35.639713287 0.829791486, 35.638141632 0.833517433, 35.639614106 0.835428953, 35.636665345 0.835445165, 35.636325836 0.8367249369999999, 35.639225006 0.83636856, 35.643520355 0.84119606, 35.641609192 0.841163635, 35.639064789 0.844095826, 35.635597229 0.845148802, 35.63608551 0.849636078, 35.631336212 0.8507214789999999, 35.625457764 0.854900956, 35.623035431 0.869098246, 35.62467575 0.870364666, 35.623519898 0.872115314, 35.624340058 0.874946177, 35.626449585 0.876116216, 35.626499176 0.880486667, 35.625465393 0.88200897, 35.624336243 0.881468773, 35.622127533 0.887803495, 35.624977112 0.889350354, 35.627456665 0.89308244, 35.627285004 0.894506514, 35.625564575 0.894752025, 35.627677918 0.897772074, 35.626106262 0.901651442, 35.627109528 0.9029527899999999, 35.625907898 0.909803092, 35.627601624 0.910466015, 35.629936219 0.909189284, 35.633079529 0.9113745090000001, 35.634624482 0.91385436, 35.634037017 0.9183967119999999, 35.636955262 0.918273926, 35.636096954 0.922546208, 35.634746552 0.923675657, 35.635509491 0.924657762, 35.634403229 0.928512573, 35.635997772 0.930133105, 35.633861542 0.933398664, 35.634181976 0.936246813, 35.631507874 0.938333869, 35.631946564 0.947271168, 35.629592895 0.953728676, 35.634868621 0.959916055, 35.636688232 0.960456193, 35.63666153 0.964040995, 35.634822846 0.966152549, 35.637741089 0.966177106, 35.638305664 0.968877912, 35.634822846 0.9726099969999999, 35.636219024 0.9758755569999999, 35.635238647 0.979509473, 35.638946533 0.97987777, 35.639659882 0.982406735, 35.638134003 0.98424822, 35.637424469 0.9892324810000001, 35.63553238 0.988864183, 35.633003235 0.994241297, 35.637447357 1.000797033, 35.63646698 1.00494647, 35.639411926 1.004578233, 35.639167785 1.006984353, 35.640663147 1.007279039, 35.64282608 1.015185117, 35.644420624 1.015946269, 35.641670227 1.020597339, 35.643512726 1.022796631, 35.642433166 1.025399208, 35.644348145 1.025743008, 35.647762299 1.029966116, 35.650165558 1.029204964, 35.651592255 1.030359029, 35.654514312 1.028591156, 35.65542221 1.032691479, 35.65758133 1.033010721, 35.660182953 1.036349893, 35.662223816 1.034950376, 35.664283752 1.035269618, 35.664283752 1.038093209, 35.666275025 1.038756132, 35.66720581 1.040867687, 35.665710449 1.044231534, 35.669589997 1.043789506, 35.671478272 1.045360923, 35.671527862 1.046932339, 35.667942047 1.048577428, 35.669635772 1.052063942, 35.672164917 1.053365231, 35.671257019 1.056336164, 35.675308227 1.060485721, 35.67432785 1.063088298, 35.675579071 1.064831614, 35.673984528 1.066280246, 35.674179077 1.069545746, 35.673294068 1.070331454, 35.671699524 1.06925118, 35.672290802 1.074235439, 35.67634201 1.07654345, 35.677864074 1.083050012, 35.676879882 1.086585641, 35.67855072 1.087616921, 35.679653168 1.086561084, 35.67975235 1.089286446, 35.682086944 1.089556575, 35.682895661 1.088255286, 35.683952332 1.089212894, 35.684810638 1.093239546, 35.683681488 1.096333265, 35.686481476 1.0951792, 35.686016082 1.098592162, 35.691318512 1.100188136, 35.692790985 1.10470581, 35.695270538 1.103551865, 35.698879242 1.105196952, 35.697185517 1.112341881, 35.69757843 1.115312815, 35.700206757 1.118136406, 35.702243805 1.123783588, 35.700721741 1.129111648, 35.705459595 1.133948684, 35.705314636 1.147060037, 35.709781647 1.150080085, 35.708995819 1.15140593, 35.70703125 1.150448322, 35.70369339 1.152805447, 35.705879212 1.155727267, 35.702835083 1.158059835, 35.705360412 1.159729481, 35.705387115 1.162503957, 35.703838349 1.163903474, 35.705436706 1.169992685, 35.704257965 1.176057219, 35.706222534 1.176253676, 35.706638336 1.178267002, 35.703445435 1.17939651, 35.704479217 1.182514787, 35.702907562 1.18506825, 35.70381546 1.187425375, 35.702709198 1.189733386, 35.704330444 1.191476583, 35.702316284 1.196853757, 35.703128815 1.199480891, 35.699886322 1.202648282, 35.697872162 1.201003194, 35.696548462 1.204391599, 35.698341369 1.205300093, 35.697284698 1.206797838, 35.698020935 1.211020947, 35.696769714 1.214998483, 35.704231262 1.227054119, 35.703716278 1.232308507, 35.700893403 1.233020544, 35.699642181 1.235966921, 35.701778412 1.237120867, 35.699615478 1.239674449, 35.702907562 1.242227912, 35.702537537 1.245272517, 35.701065063 1.245665431, 35.70381546 1.2474823, 35.70079422 1.247801542, 35.700401306 1.251975537, 35.701824188 1.25341332, 35.699741364 1.258580327, 35.701828003 1.260495424, 35.70381546 1.260078073, 35.703079224 1.262336969, 35.705879212 1.264890432, 35.707130432 1.27220738, 35.706172943 1.273508668, 35.702392578 1.272010923, 35.702835083 1.2746135, 35.701358795 1.277658105, 35.697185517 1.278934836, 35.698513031 1.281463861, 35.698043823 1.284852147, 35.695270538 1.284410238, 35.694778442 1.288559675, 35.69745636 1.296171189, 35.694511414 1.295753717, 35.694190979 1.296784997, 35.696498871 1.300369739, 35.696426392 1.302800536, 35.698734283 1.304936648, 35.697700501 1.30594337, 35.695121765 1.304470181, 35.694683075 1.305869699, 35.697357177 1.307121873, 35.698215485 1.313996792, 35.696861267 1.320459008, 35.698131561 1.321564436, 35.697052002 1.324104786, 35.70022583 1.328079939, 35.699310303 1.329561711, 35.696369171 1.329326511, 35.698249817 1.331302285, 35.694957733 1.335230351, 35.696041107 1.339205503, 35.691524506 1.339958191, 35.688819885 1.341769337, 35.689384461 1.342874885, 35.69166565 1.342475057, 35.692417145 1.343956828, 35.691028595 1.345579863, 35.689052582 1.344968319, 35.687713623 1.347367406, 35.690982819 1.353083133, 35.688606262 1.35524714, 35.687782288 1.358634234, 35.691875458 1.36369133, 35.690887451 1.367807507, 35.6927948 1.369148254, 35.693359375 1.367666363, 35.694721222 1.367995739, 35.694862365 1.370606542, 35.693309784 1.372935176, 35.695735932 1.375075698, 35.69549942 1.377498389, 35.69890976 1.380109191, 35.70274353 1.385895491, 35.702365875 1.387588978, 35.699401855 1.387753725, 35.699073792 1.390129328, 35.702861786 1.395939111, 35.702178955 1.398691177, 35.703472137 1.401631355, 35.711868286 1.402336955, 35.710269928 1.40513599, 35.706718445 1.406217932, 35.707164765 1.409769655, 35.709800721 1.410616517, 35.711585998 1.413015604, 35.706741333 1.416661501, 35.706459046 1.420001507, 35.708248138 1.421459794, 35.70570755 1.428563237, 35.709022522 1.431644559, 35.708576203 1.435690283, 35.706436157 1.438018918, 35.707141876 1.439712405, 35.712200165 1.44251144, 35.71276474 1.447850823, 35.720336914 1.451496601, 35.720550537 1.457141757, 35.723255158 1.458459019, 35.72315979 1.462387085, 35.719348907 1.468714357, 35.719539643 1.47257185, 35.72473526 1.4755826, 35.726898193 1.480804324, 35.73021698 1.482027411, 35.728923798 1.48739028, 35.731651306 1.488166451, 35.735225677 1.491553545, 35.739059448 1.497951388, 35.741577148 1.498821735, 35.742542266 1.504844666, 35.751647949 1.50579989, 35.752578736 1.507068276, 35.750972748 1.510206342, 35.753864289 1.51172185, 35.756141662 1.517070532, 35.761287689 1.518764615, 35.760829925 1.522634387, 35.764053345 1.527475596, 35.762329102 1.529510975, 35.763454438 1.532699108, 35.769348145 1.534645677, 35.768268585 1.5431391, 35.770645141 1.55026567, 35.773895263 1.552768349, 35.774208069 1.558330059, 35.77602005 1.561768293, 35.77545929 1.571833133, 35.779842377 1.57166779, 35.779689789 1.578150153, 35.78130722 1.579996824, 35.784122467 1.580047727, 35.779148102 1.589087129, 35.782398224 1.593275547, 35.780479431 1.596400022, 35.781772613 1.601152301, 35.77910614 1.604805469, 35.783321381 1.605646014, 35.786697388 1.609466672, 35.78446579 1.610485435, 35.78414917 1.613467693, 35.780647278 1.616843462, 35.780208588 1.623157382, 35.780895233 1.625032783, 35.787117004 1.624570847, 35.790390015 1.626150131, 35.790523529 1.627283335, 35.785522461 1.633222222, 35.781208039 1.633534789, 35.780208588 1.639223575, 35.777519226 1.641286611, 35.777458191 1.645037413, 35.781715393 1.649061203, 35.779335022 1.651601314, 35.781147003 1.656727553))",Baringo,Baringo,1748752758,145.28869999999998,7239.682200000002,342908236418,0.0,0.0,0.0,0.0,0.0,48.64864864864865,49.56206206206207,1.5833333333333333,3.331883742774096,-1.5833333333333333,-1.0,-0.4752066565248956,0,0,0,0,,,0.0,0.0,0.0,0.0,,0,0,0,0,,,0.0,0.0,0.0,0.0,,0,0,0,0,,,0.0,0.0,0.0,0.0,,0,0,0,0,48.64864864864865,49.56206206206207,1.5833333333333333,3.331883742774096,-1.5833333333333333,-1.0,-0.4752066565248956,0,0,0,0,24.490000000000002,63.321612117933434,48.99932075821996,13.746666666666648,18.574060995049706,10.743333333333354,0.7815227934044642,0.5784051929298946,0.0,0.0,0.0,0.0,0.08070682595239283,0.0,0.0,0.0,0.0,0.17134175505725477,0.18313318063368342,0.08070682595239283
23,23204309,2021-02-01,Kenya,Kenya_2021-02,54986000,666783,66678.0,0.1,2.0,0.6,0.3,0.1,0.0,0.0,0.5,0.35,0.15,0.0,0.0,,,,,,Baringo,"POLYGON ((35.781147003 1.656727553, 35.785461425 1.655861974, 36.09728241 1.169178247, 36.173236847 1.171178698, 36.317268371 0.991512477, 36.342216492 0.994311512, 36.342639923 0.989670337, 36.346916199 0.987321138, 36.346363067 0.982756377, 36.347793579 0.974696457, 36.351501465 0.966674685, 36.353984832 0.967075765, 36.355815887 0.965108514, 36.359062195 0.96560514, 36.363819122 0.964229941, 36.365406036 0.959015847, 36.369853973 0.955883503, 36.375297546 0.9572013619999999, 36.378677369 0.955367803, 36.384216308 0.955100417, 36.384292602 0.951452434, 36.389221191 0.948816717, 36.388362884 0.945760846, 36.390636444 0.94186455, 36.388076782 0.941387057, 36.388648987 0.9318755869999999, 36.386966705 0.927960157, 36.393863678 0.920759737, 36.392887116 0.912967146, 36.395221711 0.911594153, 36.393917084 0.909981609, 36.396110535 0.908958972, 36.395542144 0.906216621, 36.402954101 0.90221417, 36.40354538 0.900761664, 36.406513214 0.901624262, 36.410102845 0.901256919, 36.410850525 0.900107324, 36.416160584 0.901540935, 36.417388916 0.903254092, 36.419124603 0.902504623, 36.424648285 0.898257792, 36.423522949 0.893714965, 36.425918579 0.891434312, 36.426296234 0.889263034, 36.429080964 0.887501717, 36.429714203 0.885039389, 36.445671082 0.871863127, 36.45627594 0.872518122, 36.462535858 0.86948961, 36.464469909 0.865724146, 36.470581054 0.864040673, 36.471572876 0.860870004, 36.478900909 0.857098579, 36.481716156 0.853333115, 36.484214783 0.853452027, 36.488300324 0.850947678, 36.489925384 0.848835885, 36.475437164 0.839109719, 36.468959809 0.822359562, 36.404731751 0.7188789840000001, 36.347431183 0.661962747, 36.289100647 0.646683216, 36.277927399 0.632990181, 36.294124604 0.566389322, 36.265571594 0.500095307, 36.229549408 0.421760946, 36.227432251 0.398581952, 36.257568359 0.379271805, 36.258140564 0.376426667, 36.259841919 0.376178413, 36.258811951 0.37361905, 36.2607193 0.364260346, 36.260089874 0.345695764, 36.261352539 0.343098194, 36.249202728 0.331352055, 36.244525909 0.329080075, 36.24773407 0.343040884, 36.230983734 0.335993201, 36.225673675 0.320885509, 36.240016938 0.315404058, 36.249893189 0.2997998, 36.259841919 0.291434347, 36.265037537 0.278045564, 36.279552459 0.274378568, 36.281768799 0.267349959, 36.278980255 0.256807029, 36.291755676 0.254515141, 36.29643631 0.238261551, 36.296360016 0.230010569, 36.291240692 0.217500493, 36.292331695 0.213623315, 36.288585663 0.207798004, 36.28383255 0.203004047, 36.271911622 0.195860878, 36.270195007 0.193091408, 36.26738739 0.192365631, 36.26499939 0.186845884, 36.259155273 0.184382051, 36.25447464 0.183847368, 36.236064911 0.211044893, 36.202613831 0.236003712, 36.216621399 0.25237602, 36.210529327 0.268534034, 36.201053619 0.28562808, 36.196453094 0.301556975, 36.186214447 0.316970199, 36.155269623 0.307757587, 36.152694702 0.305036962, 36.151138306 0.308967531, 36.146469117 0.313551396, 36.144634247 0.316702813, 36.144958496 0.319319427, 36.14225769 0.322432637, 36.138980866 0.324361682, 36.134395599 0.323845982, 36.125907898 0.328105211, 36.123790741 0.327111959, 36.123588562 0.328754544, 36.11951065 0.330970079, 36.103775025 0.317753285, 36.085647583 0.305262267, 36.055335999 0.302989453, 35.983951569 0.300946027, 35.986179352 0.305548757, 35.986103058 0.314945638, 35.989597321 0.324609965, 35.988929749 0.328238845, 35.99143219 0.330129713, 35.990989685 0.333032787, 35.993816376 0.3465361, 35.993740082 0.352514207, 35.991489411 0.357785643, 35.992858887 0.365396201, 35.989635467 0.375070602, 35.993324279 0.375947237, 35.996395111 0.382805824, 35.998535156 0.396099031, 35.997341156 0.400950283, 35.992717743 0.406890214, 35.991840362 0.409844905, 35.980239869 0.409583211, 35.977642059 0.406718343, 35.956192017 0.393692523, 35.934436798 0.391572445, 35.924343109 0.393749804, 35.925518036 0.388917655, 35.928153992 0.387714386, 35.924640655 0.38041839, 35.926551819 0.377820909, 35.923358917 0.376082838, 35.923149109 0.367984712, 35.921718597 0.366437644, 35.921298981 0.362904281, 35.922290802 0.358759701, 35.921127319 0.351425528, 35.922557831 0.344866306, 35.92483902 0.34115541, 35.921985627 0.336986393, 35.923664093 0.335000008, 35.921508789 0.333529383, 35.921680451 0.331695825, 35.919788361 0.331237465, 35.919872284 0.328238845, 35.918228149 0.328553409, 35.916999817 0.326672763, 35.922004699 0.325163901, 35.922462463 0.318899244, 35.919273376 0.317600459, 35.91474533 0.308929324, 35.919101715 0.307821601, 35.917324066 0.305425376, 35.918212891 0.302296519, 35.92079544 0.301246136, 35.91853714 0.294449151, 35.910068512 0.286812216, 35.909206391 0.28228572, 35.906669616 0.283058345, 35.905540466 0.280815035, 35.902885437 0.281299472, 35.897754669 0.27628848, 35.898136139 0.273859859, 35.89427185 0.273576349, 35.892974854 0.271342904, 35.890068054 0.273237347, 35.888313293 0.272468597, 35.888256073 0.274684161, 35.885379791 0.275390804, 35.883480072 0.273671836, 35.882354736 0.275047034, 35.877502441 0.27306071, 35.874828339 0.275047034, 35.871582032 0.275373131, 35.861995697 0.270023882, 35.85867691 0.270313292, 35.852481842 0.266356766, 35.852935791 0.265162468, 35.845111847 0.2627711, 35.842063904 0.263624578, 35.834274292 0.257872581, 35.833057403 0.259557396, 35.829864502 0.25989005, 35.824157715 0.257685662, 35.819728851 0.25911808, 35.816959381 0.258526027, 35.81300354 0.262212217, 35.779319764 0.2622886, 35.777477264 0.253732145, 35.777496338 0.244468852, 35.783859253 0.24399139, 35.784030914 0.234575361, 35.781776428 0.229590401, 35.776657105 0.228998333, 35.777709961 0.224872872, 35.75725174 0.221434966, 35.75522995 0.218340904, 35.751159668 0.216755644, 35.740432739 0.223574102, 35.722362518 0.213071227, 35.722686767 0.22116597, 35.720417023 0.227483839, 35.720844269 0.236110166, 35.719627381 0.23973471, 35.718109131 0.240524575, 35.71831131 0.242104038, 35.716854095 0.242407783, 35.71478653 0.251925081, 35.713085174 0.252147823, 35.709098816 0.257291228, 35.710556031 0.258526444, 35.708106995 0.260389418, 35.709827423 0.260308415, 35.709056854 0.26314336, 35.711021424 0.266140283, 35.709278107 0.268914491, 35.710819244 0.268954992, 35.713592529 0.271749437, 35.711303711 0.27361238, 35.713348389 0.277216822, 35.714523315 0.277318061, 35.712680817 0.281853974, 35.714546204 0.282987952, 35.715171814 0.287139118, 35.713977813 0.289447576, 35.715049743 0.291391522, 35.713573456 0.297000646, 35.715110778 0.298094124, 35.713996887 0.299855858, 35.71559906 0.299977332, 35.715496063 0.303197026, 35.713409424 0.304270267, 35.71503067 0.30524224, 35.712600708 0.30655846, 35.714424133 0.311155111, 35.712924957 0.310466617, 35.711708068 0.312491595, 35.713531494 0.313666076, 35.712440491 0.313888818, 35.713371276 0.31482029, 35.712135315 0.315529019, 35.712356568 0.317898244, 35.71786499 0.323021382, 35.716487884 0.324033856, 35.717582703 0.328245759, 35.716732025 0.331181944, 35.718151092 0.330513716, 35.719161988 0.331546456, 35.719791412 0.338228822, 35.723129272 0.33992979, 35.718574524 0.345619917, 35.722583771 0.351168305, 35.720355988 0.353294492, 35.720844269 0.356757164, 35.719768524 0.357789904, 35.718006134 0.356736928, 35.714424133 0.359106123, 35.712863922 0.357607662, 35.710273742 0.358215153, 35.706668854 0.366355478, 35.705371856 0.366294742, 35.70419693 0.363682539, 35.70029068 0.365950495, 35.698406219 0.369008183, 35.699539184 0.369656176, 35.698951721 0.370729387, 35.696422577 0.369858653, 35.698223114 0.366618723, 35.697353363 0.365525246, 35.683986664 0.374151588, 35.683582306 0.372612595, 35.681556701 0.373301089, 35.680465698 0.371579886, 35.679737091 0.375042558, 35.675907135 0.378059745, 35.673763276 0.376176537, 35.673923492 0.378525496, 35.672588348 0.380165696, 35.669914246 0.380327702, 35.667404175 0.383142382, 35.666248321 0.386139333, 35.667545319 0.388427526, 35.664367676 0.387536556, 35.663578033 0.389743745, 35.661186218 0.387394786, 35.660133362 0.387799799, 35.661026001 0.389925986, 35.659183503 0.395676881, 35.65454483 0.400192529, 35.661003113 0.4136585, 35.658878327 0.416311205, 35.660034179 0.417971671, 35.657764434 0.420057386, 35.657966614 0.422791064, 35.655235291 0.424735039, 35.653656006 0.429412693, 35.654930115 0.436358303, 35.652763367 0.442716658, 35.65298462 0.446867823, 35.651405334 0.449824273, 35.645431519 0.453003436, 35.647377014 0.455190391, 35.645610809 0.460196108, 35.647956848 0.462059051, 35.644004821 0.465590596, 35.643310547 0.469737709, 35.640132904 0.47121188, 35.639225006 0.476849347, 35.631954193 0.484365999, 35.632923126 0.48780033, 35.631450654 0.489096314, 35.633750915 0.491202265, 35.633136749 0.496224165, 35.629928589 0.494944394, 35.630981446 0.503594995, 35.628601074 0.502315223, 35.624599457 0.5035787819999999, 35.62317276 0.506186962, 35.621246338 0.505668581, 35.613647461 0.510010063, 35.613548279 0.515258789, 35.611766815 0.517721117, 35.614051819 0.519632697, 35.611865998 0.52499479, 35.608562469 0.5295306440000001, 35.603588104 0.531085849, 35.603488922 0.533612966, 35.60213089 0.534503997, 35.60226059 0.5376790769999999, 35.604431152 0.540060461, 35.603733062 0.541777611, 35.605644226 0.543510973, 35.602630615 0.550395846, 35.601787567 0.556551695, 35.60382843 0.557993472, 35.60415268 0.561881423, 35.608283996 0.566384912, 35.608089447 0.5682317019999999, 35.610374451 0.569689632, 35.61013031 0.572135806, 35.612903595 0.575699747, 35.613956451 0.580284238, 35.611152649 0.589015841, 35.612854004 0.592514992, 35.604980469 0.5974234940000001, 35.603717804 0.5995618109999999, 35.601222992 0.60006404, 35.60079956 0.602218568, 35.597446442 0.6041301489999999, 35.598564148 0.607532084, 35.595794677 0.612764537, 35.597770691 0.616490483, 35.596023559 0.61984384, 35.596897125 0.6255785230000001, 35.600364685 0.628688812, 35.599845886 0.632414758, 35.601593018 0.6362540719999999, 35.605289459 0.63801986, 35.604770661 0.639461637, 35.606712341 0.638651609, 35.606018066 0.6405631899999999, 35.608074188 0.640595615, 35.606796265 0.642085969, 35.608867645 0.644775092, 35.608188629 0.645844281, 35.609565735 0.646395087, 35.607070923 0.647059262, 35.608917237 0.64786923, 35.606811524 0.6496512290000001, 35.608997345 0.651708543, 35.607379913 0.652615726, 35.60830307 0.653587699, 35.607700348 0.655936658, 35.606925964 0.655418277, 35.604885101 0.657329857, 35.606777191 0.661719978, 35.604915619 0.662481308, 35.605140686 0.668005406, 35.603847504 0.669398606, 35.606048584 0.6724279520000001, 35.605175018 0.674517691, 35.606876373 0.674404323, 35.606227874 0.672832906, 35.608818054 0.672346949, 35.612998963 0.676153839, 35.615333557 0.6767694359999999, 35.615219116 0.679328978, 35.616401673 0.67895639, 35.616142273 0.677822411, 35.618312835 0.678972602, 35.618846893 0.676526427, 35.620822906 0.677676618, 35.619998932 0.678729593, 35.622898102 0.678697229, 35.623188019 0.680252373, 35.624420166 0.678697229, 35.626235962 0.679507196, 35.62657547 0.680527746, 35.624111176 0.680835545, 35.623722077 0.68671602, 35.625164032 0.688627601, 35.626121521 0.687785208, 35.627548218 0.689048767, 35.629863739 0.68671602, 35.627513886 0.690377175, 35.632472992 0.692142903, 35.633022309 0.693746686, 35.630607605 0.695334256, 35.633052826 0.699789166, 35.633720398 0.698687613, 35.63634491 0.701538741, 35.635696411 0.702705086, 35.633087158 0.701311946, 35.633995056 0.703385472, 35.6328125 0.705248475, 35.634204864 0.705361843, 35.633247376 0.70775938, 35.634124756 0.708909571, 35.631660462 0.711857915, 35.634643554 0.711938918, 35.630706787 0.716863632, 35.629619599 0.716231823, 35.628826141 0.717349589, 35.62953949 0.718451202, 35.630428314 0.717495382, 35.631694793 0.719698548, 35.630622864 0.720670521, 35.630901337 0.722857475, 35.628437042 0.722987115, 35.628128052 0.724769055, 35.625198364 0.725773453, 35.628860474 0.726713002, 35.626087189 0.729029595, 35.626785278 0.730001569, 35.624130249 0.729126751, 35.622753144 0.730341732, 35.62266922 0.734197259, 35.624500275 0.735201657, 35.620353698 0.7358981959999999, 35.62002945 0.7388465400000001, 35.621002197 0.741600513, 35.622444153 0.74126029, 35.623886109 0.744775652, 35.624629975 0.743998051, 35.626087189 0.7471894019999999, 35.624938965 0.748080373, 35.626800537 0.748679757, 35.625682831 0.756034434, 35.627658844 0.75893414, 35.627109528 0.760165333, 35.628307342 0.760132909, 35.627902985 0.761882484, 35.629055023 0.76230371, 35.627010345 0.763243258, 35.628356934 0.76395607, 35.627998352 0.765576005, 35.629264832 0.76567322, 35.629264832 0.769836545, 35.631855011 0.771213472, 35.630916596 0.774745047, 35.632194519 0.774113238, 35.634803772 0.778389931, 35.633766174 0.779669702, 35.63552475 0.782441914, 35.634967804 0.784950793, 35.633605957 0.785598815, 35.634010315 0.7871377470000001, 35.635078431 0.786635577, 35.634140015 0.787963926, 35.637931824 0.78893596, 35.636440277 0.789697349, 35.637653351 0.791365862, 35.636989593 0.792953432, 35.634025574 0.793455661, 35.635097503 0.797440767, 35.636894226 0.798671961, 35.635112762 0.798704326, 35.635742188 0.801150501, 35.634204864 0.800745487, 35.634918213 0.802300692, 35.633945466 0.802219689, 35.634075165 0.80432564, 35.633022309 0.804682017, 35.633850098 0.807484568, 35.634399415 0.805443406, 35.635223389 0.80591321, 35.634399415 0.807419777, 35.635776519 0.808764339, 35.633880615 0.810692072, 35.637073517 0.81169647, 35.637023926 0.813478411, 35.642467499 0.818613708, 35.642662048 0.823473632, 35.636260986 0.826729774, 35.637218475 0.828268707, 35.638999939 0.827523529, 35.638515472 0.828997731, 35.639713287 0.829791486, 35.638141632 0.833517433, 35.639614106 0.835428953, 35.636665345 0.835445165, 35.636325836 0.8367249369999999, 35.639225006 0.83636856, 35.643520355 0.84119606, 35.641609192 0.841163635, 35.639064789 0.844095826, 35.635597229 0.845148802, 35.63608551 0.849636078, 35.631336212 0.8507214789999999, 35.625457764 0.854900956, 35.623035431 0.869098246, 35.62467575 0.870364666, 35.623519898 0.872115314, 35.624340058 0.874946177, 35.626449585 0.876116216, 35.626499176 0.880486667, 35.625465393 0.88200897, 35.624336243 0.881468773, 35.622127533 0.887803495, 35.624977112 0.889350354, 35.627456665 0.89308244, 35.627285004 0.894506514, 35.625564575 0.894752025, 35.627677918 0.897772074, 35.626106262 0.901651442, 35.627109528 0.9029527899999999, 35.625907898 0.909803092, 35.627601624 0.910466015, 35.629936219 0.909189284, 35.633079529 0.9113745090000001, 35.634624482 0.91385436, 35.634037017 0.9183967119999999, 35.636955262 0.918273926, 35.636096954 0.922546208, 35.634746552 0.923675657, 35.635509491 0.924657762, 35.634403229 0.928512573, 35.635997772 0.930133105, 35.633861542 0.933398664, 35.634181976 0.936246813, 35.631507874 0.938333869, 35.631946564 0.947271168, 35.629592895 0.953728676, 35.634868621 0.959916055, 35.636688232 0.960456193, 35.63666153 0.964040995, 35.634822846 0.966152549, 35.637741089 0.966177106, 35.638305664 0.968877912, 35.634822846 0.9726099969999999, 35.636219024 0.9758755569999999, 35.635238647 0.979509473, 35.638946533 0.97987777, 35.639659882 0.982406735, 35.638134003 0.98424822, 35.637424469 0.9892324810000001, 35.63553238 0.988864183, 35.633003235 0.994241297, 35.637447357 1.000797033, 35.63646698 1.00494647, 35.639411926 1.004578233, 35.639167785 1.006984353, 35.640663147 1.007279039, 35.64282608 1.015185117, 35.644420624 1.015946269, 35.641670227 1.020597339, 35.643512726 1.022796631, 35.642433166 1.025399208, 35.644348145 1.025743008, 35.647762299 1.029966116, 35.650165558 1.029204964, 35.651592255 1.030359029, 35.654514312 1.028591156, 35.65542221 1.032691479, 35.65758133 1.033010721, 35.660182953 1.036349893, 35.662223816 1.034950376, 35.664283752 1.035269618, 35.664283752 1.038093209, 35.666275025 1.038756132, 35.66720581 1.040867687, 35.665710449 1.044231534, 35.669589997 1.043789506, 35.671478272 1.045360923, 35.671527862 1.046932339, 35.667942047 1.048577428, 35.669635772 1.052063942, 35.672164917 1.053365231, 35.671257019 1.056336164, 35.675308227 1.060485721, 35.67432785 1.063088298, 35.675579071 1.064831614, 35.673984528 1.066280246, 35.674179077 1.069545746, 35.673294068 1.070331454, 35.671699524 1.06925118, 35.672290802 1.074235439, 35.67634201 1.07654345, 35.677864074 1.083050012, 35.676879882 1.086585641, 35.67855072 1.087616921, 35.679653168 1.086561084, 35.67975235 1.089286446, 35.682086944 1.089556575, 35.682895661 1.088255286, 35.683952332 1.089212894, 35.684810638 1.093239546, 35.683681488 1.096333265, 35.686481476 1.0951792, 35.686016082 1.098592162, 35.691318512 1.100188136, 35.692790985 1.10470581, 35.695270538 1.103551865, 35.698879242 1.105196952, 35.697185517 1.112341881, 35.69757843 1.115312815, 35.700206757 1.118136406, 35.702243805 1.123783588, 35.700721741 1.129111648, 35.705459595 1.133948684, 35.705314636 1.147060037, 35.709781647 1.150080085, 35.708995819 1.15140593, 35.70703125 1.150448322, 35.70369339 1.152805447, 35.705879212 1.155727267, 35.702835083 1.158059835, 35.705360412 1.159729481, 35.705387115 1.162503957, 35.703838349 1.163903474, 35.705436706 1.169992685, 35.704257965 1.176057219, 35.706222534 1.176253676, 35.706638336 1.178267002, 35.703445435 1.17939651, 35.704479217 1.182514787, 35.702907562 1.18506825, 35.70381546 1.187425375, 35.702709198 1.189733386, 35.704330444 1.191476583, 35.702316284 1.196853757, 35.703128815 1.199480891, 35.699886322 1.202648282, 35.697872162 1.201003194, 35.696548462 1.204391599, 35.698341369 1.205300093, 35.697284698 1.206797838, 35.698020935 1.211020947, 35.696769714 1.214998483, 35.704231262 1.227054119, 35.703716278 1.232308507, 35.700893403 1.233020544, 35.699642181 1.235966921, 35.701778412 1.237120867, 35.699615478 1.239674449, 35.702907562 1.242227912, 35.702537537 1.245272517, 35.701065063 1.245665431, 35.70381546 1.2474823, 35.70079422 1.247801542, 35.700401306 1.251975537, 35.701824188 1.25341332, 35.699741364 1.258580327, 35.701828003 1.260495424, 35.70381546 1.260078073, 35.703079224 1.262336969, 35.705879212 1.264890432, 35.707130432 1.27220738, 35.706172943 1.273508668, 35.702392578 1.272010923, 35.702835083 1.2746135, 35.701358795 1.277658105, 35.697185517 1.278934836, 35.698513031 1.281463861, 35.698043823 1.284852147, 35.695270538 1.284410238, 35.694778442 1.288559675, 35.69745636 1.296171189, 35.694511414 1.295753717, 35.694190979 1.296784997, 35.696498871 1.300369739, 35.696426392 1.302800536, 35.698734283 1.304936648, 35.697700501 1.30594337, 35.695121765 1.304470181, 35.694683075 1.305869699, 35.697357177 1.307121873, 35.698215485 1.313996792, 35.696861267 1.320459008, 35.698131561 1.321564436, 35.697052002 1.324104786, 35.70022583 1.328079939, 35.699310303 1.329561711, 35.696369171 1.329326511, 35.698249817 1.331302285, 35.694957733 1.335230351, 35.696041107 1.339205503, 35.691524506 1.339958191, 35.688819885 1.341769337, 35.689384461 1.342874885, 35.69166565 1.342475057, 35.692417145 1.343956828, 35.691028595 1.345579863, 35.689052582 1.344968319, 35.687713623 1.347367406, 35.690982819 1.353083133, 35.688606262 1.35524714, 35.687782288 1.358634234, 35.691875458 1.36369133, 35.690887451 1.367807507, 35.6927948 1.369148254, 35.693359375 1.367666363, 35.694721222 1.367995739, 35.694862365 1.370606542, 35.693309784 1.372935176, 35.695735932 1.375075698, 35.69549942 1.377498389, 35.69890976 1.380109191, 35.70274353 1.385895491, 35.702365875 1.387588978, 35.699401855 1.387753725, 35.699073792 1.390129328, 35.702861786 1.395939111, 35.702178955 1.398691177, 35.703472137 1.401631355, 35.711868286 1.402336955, 35.710269928 1.40513599, 35.706718445 1.406217932, 35.707164765 1.409769655, 35.709800721 1.410616517, 35.711585998 1.413015604, 35.706741333 1.416661501, 35.706459046 1.420001507, 35.708248138 1.421459794, 35.70570755 1.428563237, 35.709022522 1.431644559, 35.708576203 1.435690283, 35.706436157 1.438018918, 35.707141876 1.439712405, 35.712200165 1.44251144, 35.71276474 1.447850823, 35.720336914 1.451496601, 35.720550537 1.457141757, 35.723255158 1.458459019, 35.72315979 1.462387085, 35.719348907 1.468714357, 35.719539643 1.47257185, 35.72473526 1.4755826, 35.726898193 1.480804324, 35.73021698 1.482027411, 35.728923798 1.48739028, 35.731651306 1.488166451, 35.735225677 1.491553545, 35.739059448 1.497951388, 35.741577148 1.498821735, 35.742542266 1.504844666, 35.751647949 1.50579989, 35.752578736 1.507068276, 35.750972748 1.510206342, 35.753864289 1.51172185, 35.756141662 1.517070532, 35.761287689 1.518764615, 35.760829925 1.522634387, 35.764053345 1.527475596, 35.762329102 1.529510975, 35.763454438 1.532699108, 35.769348145 1.534645677, 35.768268585 1.5431391, 35.770645141 1.55026567, 35.773895263 1.552768349, 35.774208069 1.558330059, 35.77602005 1.561768293, 35.77545929 1.571833133, 35.779842377 1.57166779, 35.779689789 1.578150153, 35.78130722 1.579996824, 35.784122467 1.580047727, 35.779148102 1.589087129, 35.782398224 1.593275547, 35.780479431 1.596400022, 35.781772613 1.601152301, 35.77910614 1.604805469, 35.783321381 1.605646014, 35.786697388 1.609466672, 35.78446579 1.610485435, 35.78414917 1.613467693, 35.780647278 1.616843462, 35.780208588 1.623157382, 35.780895233 1.625032783, 35.787117004 1.624570847, 35.790390015 1.626150131, 35.790523529 1.627283335, 35.785522461 1.633222222, 35.781208039 1.633534789, 35.780208588 1.639223575, 35.777519226 1.641286611, 35.777458191 1.645037413, 35.781715393 1.649061203, 35.779335022 1.651601314, 35.781147003 1.656727553))",Baringo,Baringo,1748751753,145.28869999999998,7239.682200000002,342908236418,0.0,0.0,0.0,0.0,0.0,45.94594594594595,48.945536445536455,1.5,3.339487073345767,-1.5,-1.0,-0.4491707759470916,0,0,0,0,,,0.0,0.0,0.0,0.0,,0,0,0,0,,,0.0,0.0,0.0,0.0,,0,0,0,0,,,0.0,0.0,0.0,0.0,,0,0,0,0,45.94594594594595,48.945536445536455,1.5,3.339487073345767,-1.5,-1.0,-0.4491707759470916,0,0,0,0,19.67,33.197674418604635,28.442155144435873,12.66749999999998,21.035873909186403,7.002500000000021,0.5527925794355659,0.33288372188530835,0.0,0.0,0.0,0.0,0.04792768509368895,0.0,0.0,0.0,0.0,0.09120871948831746,-0.6471019517816939,0.04792768509368895
24,23204309,2021-02-01,Kenya,Kenya_2021-02,54986000,272357,0.0,0.0,2.0,0.45,0.55,0.0,0.0,0.0,0.4,0.6,0.0,0.0,0.0,,,,,,Embu,"POLYGON ((37.559579774 -0.366037944, 37.56253241 -0.368453295, 37.565210382 -0.368254739, 37.56847583 -0.365876548, 37.57043281 -0.366546176, 37.579767566 -0.373575257, 37.584448295 -0.372336902, 37.586584569 -0.376533914, 37.601889449 -0.387209041, 37.609976772 -0.387997241, 37.612269452 -0.386984619, 37.61579049 -0.390991986, 37.627177594 -0.393218853, 37.631617993 -0.39207091, 37.633063793 -0.394232845, 37.637469858 -0.39455918, 37.637759782 -0.401614128, 37.639228471 -0.404400156, 37.646178992 -0.411718562, 37.65632248 -0.417979288, 37.661323651 -0.424935627, 37.667518846 -0.425895444, 37.669800082 -0.42790382, 37.675392542 -0.429532847, 37.684097859 -0.430990585, 37.688519184 -0.434120919, 37.694229904 -0.441502588, 37.699879586 -0.441322687, 37.705384307 -0.445520503, 37.71508528 -0.446779478, 37.717435182 -0.448407998, 37.718301136 -0.4514925, 37.727487115 -0.454298106, 37.733232166 -0.453032782, 37.73434608 -0.451088296, 37.738786478 -0.44852931, 37.748449304 -0.448784215, 37.757009659 -0.450603751, 37.75852794 -0.452322594, 37.769152089 -0.452595766, 37.779894495 -0.44885284, 37.785059701 -0.450463779, 37.788267926 -0.446484393, 37.790961157 -0.446322015, 37.799822879 -0.441013862, 37.801863784 -0.440914689, 37.808329827 -0.433100536, 37.812674855 -0.432983631, 37.815711416 -0.430216227, 37.817393731 -0.424092757, 37.819262971 -0.423269899, 37.82003737 -0.421108173, 37.8231693 -0.419896549, 37.826179157 -0.416378343, 37.828452763 -0.417147531, 37.829879489 -0.415248221, 37.829562862 -0.412290308, 37.832263723 -0.408681571, 37.833907891 -0.407487826, 37.841300925 -0.408149199, 37.842430098 -0.406313153, 37.845760397 -0.40697393, 37.850559383 -0.396183359, 37.852592658 -0.394953438, 37.85458397 -0.391018901, 37.856819428 -0.392267506, 37.867424502 -0.384589268, 37.865677335 -0.382807071, 37.866501325 -0.372033932, 37.872013675 -0.367303804, 37.871140091 -0.364436243, 37.87351288 -0.359741905, 37.87392869 -0.351211964, 37.880787656 -0.35075147, 37.885044944 -0.348137802, 37.88587275 -0.345840309, 37.888176874 -0.346392377, 37.895512688 -0.355511217, 37.893105565 -0.363100234, 37.889908784 -0.367740248, 37.890713702 -0.370164568, 37.896458753 -0.372336217, 37.897145413 -0.374480122, 37.895711058 -0.377365503, 37.896947045 -0.381752816, 37.89262872 -0.384701133, 37.890698445 -0.390010656, 37.890721334 -0.396650136, 37.900487158 -0.39926565, 37.902833245 -0.401482148, 37.901799442 -0.408410983, 37.909173402 -0.412301623, 37.909776137 -0.417430589, 37.915998035 -0.416662592, 37.923024851 -0.418174179, 37.921262425 -0.422190247, 37.923417774 -0.428115489, 37.927907764 -0.430721289, 37.932573234 -0.428849453, 37.936120975 -0.431364692, 37.934911691 -0.432115315, 37.936563489 -0.435598149, 37.929983004 -0.45047747, 37.918847677 -0.464596155, 37.914525538 -0.468114272, 37.912000158 -0.476264058, 37.898839187 -0.504457234, 37.8931361 -0.512606364, 37.882805693 -0.538312134, 37.88303458 -0.542789769, 37.886059697 -0.5481452999999999, 37.888508784 -0.557480872, 37.888470637 -0.563333343, 37.88372506 -0.585258967, 37.902894307 -0.600025282, 37.90208939 -0.603887614, 37.918923995 -0.6230135570000001, 37.923707723 -0.626723314, 37.907830632 -0.641491601, 37.894208072 -0.647693922, 37.893403155 -0.654649873, 37.895470765 -0.66834537, 37.897805408 -0.67194606, 37.895890392 -0.676305628, 37.896733458 -0.6797521949999999, 37.895470768 -0.683116872, 37.897919854 -0.686889506, 37.90358098 -0.687442587, 37.902627286 -0.685253326, 37.904576637 -0.687135233, 37.899564026 -0.7058766440000001, 37.900216353 -0.711005698, 37.901631635 -0.712380951, 37.905991922 -0.711576956, 37.908784338 -0.71379381, 37.910508616 -0.709814128, 37.912496114 -0.710239726, 37.914372986 -0.726685252, 37.916513075 -0.731552307, 37.913186593 -0.73843525, 37.913873253 -0.742451704, 37.905763044 -0.756759942, 37.904958128 -0.760242328, 37.892296891 -0.7705691569999999, 37.894589573 -0.782310988, 37.885560002 -0.78491369, 37.885830851 -0.788622493, 37.881428603 -0.7971150930000001, 37.881581194 -0.800027829, 37.885636301 -0.8045064750000001, 37.885560006 -0.807337738, 37.884182873 -0.8089383959999999, 37.879326664 -0.808403374, 37.871941261 -0.813991464, 37.867924302 -0.812154138, 37.861114929 -0.814485961, 37.856827122 -0.812458514, 37.8447381 -0.813839014, 37.840454107 -0.812073923, 37.835899267 -0.816324008, 37.833831658 -0.815364579, 37.830199991 -0.808407557, 37.821590043 -0.8070301600000001, 37.815753438 -0.809950108, 37.813056393 -0.814987618, 37.809077583 -0.817736218, 37.808657956 -0.807795238, 37.807242674 -0.805841038, 37.805522211 -0.805650619, 37.798899763 -0.813916026, 37.79752263 -0.8175066439999999, 37.791975947 -0.820227591, 37.789374272 -0.824776565, 37.785357313 -0.824359252, 37.781645538 -0.827759153, 37.770281322 -0.822753591, 37.76634066 -0.825737311, 37.759226104 -0.825807461, 37.757925265 -0.820262344, 37.75562877 -0.818235552, 37.756700721 -0.815060997, 37.750806891 -0.806068302, 37.747861881 -0.788935894, 37.744955021 -0.782313998, 37.739408338 -0.778983711, 37.732942294 -0.777344613, 37.725328003 -0.78311305, 37.716908795 -0.782775839, 37.71622595 -0.781699237, 37.712853688 -0.782277113, 37.699501976 -0.787021575, 37.699883455 -0.791996446, 37.694146033 -0.793713145, 37.693531855 -0.7974214120000001, 37.691006475 -0.799799424, 37.68928601 -0.796967803, 37.683010705 -0.79749943, 37.68167172 -0.80086369, 37.68281997 -0.812577212, 37.680714215 -0.819577267, 37.682053202 -0.825158441, 37.6737904 -0.829488151, 37.671722793 -0.833241118, 37.671379464 -0.8396175850000001, 37.66621426 -0.8449794349999999, 37.665256752 -0.848569934, 37.657413574 -0.850068619, 37.653549207 -0.847236224, 37.650184575 -0.847388858, 37.646587241 -0.844900291, 37.640578971 -0.84819047, 37.636027943 -0.841459568, 37.629943376 -0.841421247, 37.627837623 -0.853775581, 37.625544943 -0.854697284, 37.61957482 -0.853817839, 37.617854356 -0.854314659, 37.616053783 -0.857371089, 37.604262313 -0.858415986, 37.603312435 -0.864828272, 37.596083436 -0.863568345, 37.588392849 -0.867318989, 37.588125816 -0.86953483, 37.591299709 -0.871028328, 37.592447957 -0.873443707, 37.589159621 -0.875622181, 37.588583591 -0.8805150430000001, 37.586020062 -0.881165271, 37.576227534 -0.879406916, 37.565321092 -0.883499839, 37.562223493 -0.877836836, 37.560617473 -0.877573944, 37.554571055 -0.88281737, 37.551740493 -0.887058098, 37.550325211 -0.887401211, 37.547761681 -0.885030591, 37.546151846 -0.885527351, 37.54382102 -0.889587374, 37.53830867 -0.8914935389999999, 37.533257909 -0.898157215, 37.536359324 -0.909554324, 37.533475355 -0.91459988, 37.530198463 -0.9164797609999999, 37.519333983 -0.9187363120000001, 37.516808601 -0.916564634, 37.517418964 -0.91112024, 37.51619442 -0.905005832, 37.508656424 -0.90392649, 37.503414922 -0.901753681, 37.496147775 -0.905305025, 37.491554785 -0.901558854, 37.485779215 -0.899910399, 37.483902344 -0.895586531, 37.478622695 -0.894851793, 37.47690223 -0.890347101, 37.47230924 -0.8865195769999999, 37.474109813 -0.883580974, 37.474910914 -0.876689689, 37.471546283 -0.877529443, 37.467529323 -0.874208632, 37.462974482 -0.876540097, 37.460830578 -0.873021118, 37.457694832 -0.871835033, 37.454444644 -0.872946084, 37.447745898 -0.871378744, 37.444991628 -0.8645675, 37.443652642 -0.863798193, 37.438910876 -0.864411232, 37.433860113 -0.86315208, 37.428385911 -0.86747279, 37.420542732 -0.86303801, 37.415301231 -0.862882039, 37.412165485 -0.86062883, 37.412852144 -0.857789401, 37.415915408 -0.854923748, 37.413733355 -0.851368651, 37.404894521 -0.852631085, 37.39881377 -0.8574850899999999, 37.394873106 -0.8557289380000001, 37.389368385 -0.856242089, 37.386377601 -0.853012226, 37.382436939 -0.858255891, 37.380907214 -0.858562768, 37.377348028 -0.855766728, 37.378534422 -0.852167885, 37.370843834 -0.850184065, 37.365026301 -0.845894945, 37.356038689 -0.844751594, 37.352162878 -0.847426828, 37.35110237 -0.8432934989999999, 37.347886514 -0.845516851, 37.344174737 -0.843028283, 37.337941395 -0.847583517, 37.334687391 -0.84463395, 37.331242649 -0.845093699, 37.327496539 -0.843789847, 37.324624012 -0.840614338, 37.327416427 -0.836907739, 37.326001145 -0.835948548, 37.320835939 -0.837176235, 37.316628239 -0.825960605, 37.313645085 -0.8241235770000001, 37.314026561 -0.819267427, 37.311119702 -0.8162456850000001, 37.306488564 -0.814525531, 37.307102741 -0.809172145, 37.305763755 -0.807679421, 37.307713104 -0.803619756, 37.30633597 -0.801864796, 37.30216642 -0.800099585, 37.300175106 -0.796011194, 37.294819161 -0.794173213, 37.286937833 -0.783724983, 37.281848922 -0.785450145, 37.276412867 -0.78558353, 37.267921176 -0.781447281, 37.277469554 -0.756437751, 37.286014652 -0.757589625, 37.293735758 -0.756887305, 37.29980888 -0.7557412100000001, 37.30592015 -0.751511328, 37.316571003 -0.7509004929999999, 37.318814093 -0.760134687, 37.326867085 -0.767580543, 37.348668529 -0.7750952330000001, 37.359231642 -0.772476677, 37.35975045 -0.764762682, 37.367589814 -0.765046075, 37.371751734 -0.767010109, 37.375555065 -0.7639819289999999, 37.378500071 -0.763702705, 37.390135135 -0.755088402, 37.397238247 -0.754322371, 37.407885284 -0.750274624, 37.421816844 -0.750270687, 37.445403598 -0.733267425, 37.464584289 -0.7362314720000001, 37.46437829 -0.731573729, 37.467990883 -0.731222271, 37.468288435 -0.7295492, 37.474262372 -0.726910381, 37.48094586 -0.730729263, 37.486080547 -0.7311198759999999, 37.493401102 -0.734387286, 37.497212062 -0.7326520520000001, 37.493706283 -0.728544828, 37.493275213 -0.724917973, 37.489799952 -0.7235692419999999, 37.490204318 -0.721688229, 37.48820156 -0.719489791, 37.485767734 -0.72101744, 37.484360082 -0.719497599, 37.484485969 -0.717164227, 37.480224865 -0.7170271499999999, 37.47911095 -0.7156611349999999, 37.478492954 -0.704979811, 37.480686449 -0.696569517, 37.480129491 -0.69296978, 37.475582278 -0.687641366, 37.474804063 -0.681617726, 37.477157779 -0.6787153, 37.477604107 -0.679393778, 37.477272221 -0.675115801, 37.479294052 -0.671688723, 37.476509265 -0.667319559, 37.47632997 -0.663132054, 37.473991512 -0.660363846, 37.474853651 -0.658555306, 37.472896671 -0.655452567, 37.473472701 -0.650216233, 37.479377972 -0.641617068, 37.478924013 -0.637899801, 37.4804957 -0.635729672, 37.481266283 -0.628277556, 37.487228777 -0.626036323, 37.487587365 -0.619370918, 37.489044609 -0.617698144, 37.484154065 -0.608715936, 37.483433072 -0.60667174, 37.484340989 -0.605948503, 37.482918078 -0.605758143, 37.481968198 -0.603822418, 37.479789962 -0.604427768, 37.477462948 -0.6013792650000001, 37.480102772 -0.598657723, 37.478443345 -0.5958988120000001, 37.480152363 -0.592055552, 37.483867954 -0.590880849, 37.485920303 -0.584242978, 37.479816661 -0.578181791, 37.477173021 -0.573387684, 37.476383362 -0.570837013, 37.477539239 -0.569444535, 37.472808916 -0.558644668, 37.463539012 -0.557773983, 37.461990212 -0.552546172, 37.452811862 -0.550979129, 37.448295167 -0.545741484, 37.446650997 -0.532564021, 37.438723893 -0.524494814, 37.433852424 -0.5217894239999999, 37.427783115 -0.5114597950000001, 37.4263335 -0.5060331, 37.427687745 -0.50275049, 37.426936234 -0.500507441, 37.430922674 -0.497279722, 37.431182078 -0.495262971, 37.426264832 -0.488750229, 37.424830476 -0.483956628, 37.429255613 -0.467253567, 37.427348225 -0.465480518, 37.428748247 -0.458969235, 37.427897552 -0.456310123, 37.428816912 -0.448550652, 37.426489899 -0.448468763, 37.424525289 -0.446759038, 37.423449522 -0.443665805, 37.425543834 -0.442074534, 37.424090404 -0.440853314, 37.425993977 -0.439985489, 37.42534928 -0.438339356, 37.427409258 -0.433908297, 37.426920966 -0.42972088, 37.425341649 -0.427577154, 37.426127493 -0.423806008, 37.308720128 -0.15250746, 37.500916154 -0.316438905, 37.553762241 -0.363504557, 37.559579774 -0.366037944))",Embu,Embu,460684217,-28.49470000000001,1987.9093000000007,91104909504,0.0,0.0,0.0,0.0,0.0,50.0,44.16666666666665,0.08333333333333333,0.48154341234307685,-0.08333333333333333,-1.0,-0.1730546638107932,0,0,0,0,,,0.0,0.0,0.0,0.0,,0,0,0,0,,,0.0,0.0,0.0,0.0,,0,0,0,0,,,0.0,0.0,0.0,0.0,,0,0,0,0,50.0,44.16666666666665,0.08333333333333333,0.48154341234307685,-0.08333333333333333,-1.0,-0.1730546638107932,0,0,0,0,,,,,,,,,,,,,,,,,,,,
25,23204309,2021-02-01,Kenya,Kenya_2021-02,54986000,841353,126203.0,0.15,2.0,0.4,0.45,0.1,0.05,0.0,0.35,0.45,0.15,0.05,0.0,,,,,,Garissa,"POLYGON ((39.598397398 0.708115053, 39.602776756 0.698732927, 39.611745285 0.687106587, 39.628625654 0.6702864039999999, 39.635198508 0.66707394, 39.638185475 0.662161168, 39.647718591 0.652606561, 39.658533468 0.623067528, 39.664263256 0.612608801, 39.674654697 0.6030270760000001, 39.675120098 0.598232252, 39.677527219 0.5928762990000001, 39.692271315 0.575522944, 39.698870872 0.570817875, 39.701941763 0.564457674, 39.712306501 0.5537814089999999, 39.715442243 0.547719801, 39.719470643 0.543295505, 39.724509958 0.540589934, 39.73093022 0.530176563, 39.733535709 0.5235450659999999, 39.764542183 0.508415539, 39.77246928 0.498888648, 39.780796929 0.492012317, 39.796712162 0.486220663, 39.800198863 0.480548149, 39.809873128 0.482862866, 39.820188274 0.480437173, 39.826597093 0.477514422, 39.832170476 0.478201244, 39.850920085 0.473784307, 39.864081051 0.465062036, 39.871046826 0.458846364, 39.876612579 0.456475563, 39.8859397 0.461277955, 39.899981879 0.461701346, 39.907157467 0.459637898, 39.939827179 0.428723051, 39.958695044 0.416644207, 39.97161568 0.410120406, 40.008329052 0.396646431, 40.022775597 0.39434697, 40.049314972 0.392525433, 40.057963061 0.389846772, 40.085871937 0.371733678, 40.122280126 0.34431189, 40.151241879 0.329926048, 40.174202995 0.313542052, 40.220956845 0.261264024, 40.237432847 0.246979981, 40.252833083 0.238611733, 40.271178324 0.231328729, 40.294913839 0.219133865, 40.309276457 0.207790213, 40.321052659 0.201294963, 40.338879091 0.196617297, 40.358548058 0.194779582, 40.368134581 0.195656123, 40.378861721 0.193792021, 40.392259202 0.18546983, 40.403776 0.180358699, 40.408922128 0.179951278, 40.422529422 0.186561762, 40.435511092 0.185511517, 40.450163633 0.182236223, 40.464419437 0.18190944, 40.473037008 0.183093528, 40.480998438 0.185616216, 40.490829107 0.192425702, 40.498431948 0.194270046, 40.501495211 0.192406659, 40.501270139 0.189530621, 40.504928506 0.188951465, 40.507736178 0.190723873, 40.510952031 0.196005382, 40.513832185 0.204280519, 40.520939106 0.209317417, 40.523876481 0.216959401, 40.526859634 0.220920414, 40.535450501 0.22544154, 40.546490452 0.223920953, 40.560944624 0.216358653, 40.56368363 0.213817012, 40.570889735 0.21276717, 40.577130703 0.214530072, 40.586621856 0.212096275, 40.595342426 0.22196216, 40.598546835 0.222820971, 40.603921849 0.221825558, 40.614294215 0.228760947, 40.622301422 0.227882781, 40.631170767 0.229066482, 40.644324102 0.226849268, 40.650912214 0.229941398, 40.660998472 0.238133631, 40.669593154 0.243115519, 40.680774252 0.254074739, 40.684623358 0.261191369, 40.685554162 0.267684413, 40.700408886 0.282431986, 40.705810604 0.292306454, 40.715420017 0.315907858, 40.736378376 0.3240251, 40.739762079 0.32654752, 40.746018306 0.336186393, 40.753125227 0.341918413, 40.769048087 0.349412068, 40.794580357 0.356370162, 40.811063987 0.359432402, 40.821142615 0.36355384, 40.848624234 0.371532811, 40.866374369 0.378961949, 40.885795374 0.388750593, 40.891925713 0.393161893, 40.922779592 0.423843989, 40.949524959 0.436658875, 40.959611217 0.443772257, 40.978620226 0.449879453, 40.994493493 0.460472092, 40.992486895 -0.118882529, 40.993593271 -0.832570842, 41.10793728 -0.986906804, 41.119442638 -1.012747888, 41.220694345 -1.138025753, 41.562314927 -1.590002546, 41.563352577 -1.661719074, 40.899036827 -1.71762199, 40.500122377 -1.905535448, 40.213343106 -2.039033969, 40.210203545 -2.033066661, 40.208513595 -2.022892127, 40.195020733 -2.003409637, 40.197332477 -1.98845608, 40.19684037 -1.984431347, 40.194089915 -1.977785085, 40.187940496 -1.968861897, 40.18530067 -1.961925983, 40.189134502 -1.933412655, 40.186815111 -1.916517716, 40.187249973 -1.872222761, 40.185388359 -1.862111401, 40.18066185 -1.852372776, 40.172723303 -1.842256293, 40.176179476 -1.818383476, 40.172742356 -1.799471937, 40.171597915 -1.780070373, 40.174306399 -1.76995603, 40.18321007 -1.751633563, 40.184865676 -1.739918863, 40.182511958 -1.733498243, 40.174127081 -1.719519373, 40.172334135 -1.713143452, 40.171857281 -1.69698885, 40.173802807 -1.679665865, 40.174180461 -1.659973931, 40.173127578 -1.646171352, 40.168332398 -1.622918487, 40.160134444 -1.604922987, 40.150952281 -1.594118847, 40.14033195 -1.584889438, 40.129082178 -1.567473959, 40.120838441 -1.536045274, 40.119388821 -1.522143044, 40.115558786 -1.513850293, 40.113418698 -1.512675474, 40.107044209 -1.502466252, 40.100334017 -1.488168642, 40.093269058 -1.487955042, 40.084991 -1.484702716, 40.052576883 -1.504655234, 40.046316839 -1.501211832, 40.045199109 -1.496101558, 40.050276572 -1.496379526, 40.051997033 -1.494053965, 40.049132137 -1.488564521, 40.050146864 -1.483516586, 40.047358264 -1.480460459, 40.045832353 -1.476354432, 40.049143573 -1.469206697, 40.043406154 -1.466052471, 40.047079779 -1.46203441, 40.048201316 -1.446086256, 40.044012693 -1.441302944, 40.046080299 -1.438859614, 40.045092272 -1.437702197, 40.038378271 -1.435425749, 40.035883402 -1.414169332, 40.026415128 -1.39464368, 40.022936055 -1.392519446, 40.023737156 -1.391062602, 40.028520881 -1.389296676, 40.028684915 -1.387496422, 40.024606921 -1.38184463, 40.023287007 -1.373161144, 40.018564319 -1.375967434, 40.016126678 -1.374186372, 40.018220986 -1.366930763, 40.01483728 -1.360808137, 40.020994319 -1.347209619, 40.025758968 -1.341961072, 40.018278197 -1.337197071, 40.018228601 -1.328106045, 40.013334245 -1.321350833, 40.012838323 -1.315733488, 40.011201784 -1.312323936, 40.011362004 -1.310813215, 40.018327778 -1.305907482, 40.013196906 -1.298175319, 40.01336094 -1.296664598, 40.019807905 -1.292564289, 40.020429712 -1.29082721, 40.01881606 -1.282026313, 40.026006906 -1.276821987, 40.026289198 -1.275257031, 40.022794865 -1.271160659, 40.022844456 -1.269251934, 40.017812771 -1.268765487, 40.015432352 -1.266694892, 40.021612281 -1.257203356, 40.022157791 -1.25204707, 40.018915234 -1.249804948, 40.010835545 -1.251418182, 40.009443153 -1.25032418, 40.014150581 -1.245491873, 40.009771219 -1.238618773, 40.014612162 -1.226938635, 40.011827377 -1.224868279, 40.005182043 -1.224454662, 40.003316618 -1.221560644, 40.005368964 -1.216856, 40.003385282 -1.214088689, 39.997216794 -1.215637794, 39.993909386 -1.213974619, 39.995126295 -1.204693113, 39.986703274 -1.197794148, 39.983525565 -1.187962303, 39.976884043 -1.17890966, 39.976353786 -1.168018498, 39.969811447 -1.155663938, 39.967484435 -1.153358045, 39.958855417 -1.149823933, 39.957710983 -1.142117157, 39.954243354 -1.14191023, 39.950329398 -1.143847444, 39.947487391 -1.14253662, 39.946259034 -1.140049425, 39.946262843 -1.12168595, 39.943409391 -1.116024024, 39.939869274 -1.088289882, 39.93473459 -1.089250384, 39.932464799 -1.086546249, 39.93057267 -1.079834661, 39.927425481 -1.075222158, 39.930977033 -1.070851746, 39.931080031 -1.068762078, 39.922195423 -1.061636515, 39.921955092 -1.060071559, 39.925396016 -1.056171623, 39.926590039 -1.052742759, 39.921810127 -1.046050125, 39.912750039 -1.038173612, 39.910121656 -1.024985018, 39.912730959 -1.017548344, 39.911857376 -1.016282218, 39.904231644 -1.016040009, 39.899341104 -1.01027903, 39.89797923 -1.011165867, 39.898734554 -1.006461699, 39.904224011 -1.002118046, 39.900767826 -0.997704425, 39.901416336 -0.993705853, 39.898093668 -0.991074309, 39.898307295 -0.989454998, 39.900405419 -0.986252075, 39.905494327 -0.987055829, 39.906516685 -0.9858252240000001, 39.902606542 -0.981827904, 39.897033158 -0.979287429, 39.892318099 -0.980727049, 39.891616178 -0.969681822, 39.894534478 -0.962932565, 39.892112097 -0.963023693, 39.888819949 -0.967746635, 39.884932696 -0.9706876800000001, 39.882147911 -0.969566678, 39.883582265 -0.964165736, 39.882079243 -0.958684096, 39.884226959 -0.9550741109999999, 39.890551852 -0.952973772, 39.891608543 -0.949490673, 39.89047937 -0.946605236, 39.886859149 -0.943177685, 39.886008454 -0.939369413, 39.874220805 -0.938413504, 39.873423516 -0.934252405, 39.877554914 -0.927258672, 39.872561375 -0.924654544, 39.87162294 -0.9185938380000001, 39.866534031 -0.912633558, 39.865145453 -0.90779416, 39.868960224 -0.903116334, 39.863959056 -0.89970708, 39.863589023 -0.89785265, 39.864786861 -0.896567809, 39.869292108 -0.896919563, 39.872538479 -0.893580694, 39.872969548 -0.890857664, 39.871252899 -0.887176279, 39.864722006 -0.881406299, 39.869795652 -0.871390884, 39.871683962 -0.860317822, 39.870745528 -0.858933988, 39.866057172 -0.857668578, 39.863356311 -0.853996371, 39.861464184 -0.854593854, 39.859713205 -0.862835416, 39.856669017 -0.864202087, 39.854448818 -0.861859599, 39.856344759 -0.856223358, 39.851973028 -0.852623863, 39.850656931 -0.848761415, 39.853292939 -0.846942505, 39.859682684 -0.8506229360000001, 39.860991151 -0.848985267, 39.85753115 -0.839650299, 39.859163871 -0.831182617, 39.858507729 -0.829518189, 39.849760453 -0.8218126650000001, 39.85549024 -0.813407442, 39.854261883 -0.812032667, 39.850565368 -0.811961029, 39.841356506 -0.813980313, 39.839079086 -0.8115835300000001, 39.842188123 -0.796728776, 39.848184945 -0.7915078209999999, 39.844766909 -0.79027823, 39.837843095 -0.79041531, 39.840124329 -0.788017572, 39.836027263 -0.787891759, 39.825765523 -0.784139571, 39.82285485 -0.781688613, 39.823251586 -0.776532086, 39.828184085 -0.764671358, 39.82985877 -0.764824767, 39.831342717 -0.763123804, 39.829740511 -0.759496535, 39.830091469 -0.755326077, 39.835569483 -0.754972235, 39.837236539 -0.754085339, 39.837610386 -0.7518236659999999, 39.835435965 -0.748784523, 39.82973288 -0.749138424, 39.823057026 -0.746335294, 39.821599782 -0.744553456, 39.820241722 -0.737334676, 39.821546374 -0.735642773, 39.824853782 -0.737107662, 39.826631464 -0.7218099650000001, 39.824170935 -0.718942706, 39.826368243 -0.714174825, 39.824849963 -0.713098582, 39.819776315 -0.713334715, 39.819291838 -0.7114260489999999, 39.822381803 -0.704269788, 39.82092456 -0.7033020760000001, 39.817785002 -0.705944171, 39.815820394 -0.705971646, 39.811887362 -0.7003545370000001, 39.810315673 -0.6899514289999999, 39.814077038 -0.681230091, 39.813310268 -0.679737548, 39.805474725 -0.680869637, 39.805188615 -0.6714975949999999, 39.802850159 -0.669218282, 39.798199951 -0.670892664, 39.794099069 -0.6704862579999999, 39.796372673 -0.663103996, 39.795804271 -0.659060306, 39.78476813 -0.643809694, 39.783341404 -0.640064716, 39.783459661 -0.635722374, 39.789776924 -0.628647108, 39.790848874 -0.62197968, 39.789620517 -0.62054149, 39.777462835 -0.61705136, 39.773033883 -0.613695744, 39.769856176 -0.6087025190000001, 39.768238712 -0.608775111, 39.764713862 -0.612701809, 39.763203212 -0.612141159, 39.760498537 -0.608007296, 39.755211261 -0.604832683, 39.75320469 -0.601331942, 39.752971988 -0.596591596, 39.751118008 -0.595859122, 39.744266677 -0.601613609, 39.736244209 -0.601316211, 39.727783041 -0.598413371, 39.718135481 -0.602114724, 39.713206793 -0.599980357, 39.710181678 -0.597881927, 39.713622602 -0.5915307319999999, 39.712440022 -0.5895768300000001, 39.706023574 -0.592897761, 39.705886241 -0.5863661, 39.699202758 -0.582630718, 39.701567916 -0.572941428, 39.700579888 -0.558656917, 39.696597264 -0.558476451, 39.690154113 -0.564402823, 39.687708844 -0.562810868, 39.687743176 -0.556451091, 39.68506139 -0.553999714, 39.676951182 -0.556126634, 39.675841082 -0.545605458, 39.681818831 -0.543858782, 39.683497331 -0.539434729, 39.66278311 -0.525351308, 39.656027146 -0.518222403, 39.654112129 -0.514469021, 39.654081609 -0.502961596, 39.645303815 -0.497579635, 39.643354466 -0.493961126, 39.644144121 -0.473877248, 39.643049281 -0.469489699, 39.643949567 -0.467806914, 39.642072698 -0.465283034, 39.634263857 -0.463420111, 39.633149943 -0.462162716, 39.633523791 -0.45983766, 39.630456713 -0.459068949, 39.627996184 -0.46089662, 39.626603792 -0.459983023, 39.625291508 -0.443056594, 39.627446854 -0.435221913, 39.626752565 -0.430363828, 39.628286102 -0.415137975, 39.625333467 -0.414360175, 39.619756269 -0.415826198, 39.617372035 -0.414234153, 39.618833093 -0.411266705, 39.618833093 -0.406752329, 39.617162222 -0.402093366, 39.612683678 -0.399144454, 39.614255364 -0.395996033, 39.611550689 -0.391581397, 39.611829167 -0.386370424, 39.607770248 -0.380173621, 39.610436774 -0.376844227, 39.610783918 -0.371913669, 39.609383896 -0.368973548, 39.610299441 -0.363925371, 39.609597522 -0.362242705, 39.604764204 -0.361329317, 39.605607269 -0.358389046, 39.601754348 -0.35298834, 39.601411017 -0.347876898, 39.598816972 -0.34675527, 39.59489157 -0.349487658, 39.59362888 -0.348365911, 39.592228858 -0.342087486, 39.582981847 -0.336017629, 39.576088551 -0.333964405, 39.572521737 -0.325795282, 39.569321142 -0.323470404, 39.570396908 -0.317146564, 39.565613182 -0.313220493, 39.56353413 -0.303884207, 39.557316048 -0.295688027, 39.553749235 -0.296258184, 39.551250559 -0.299469959, 39.548713735 -0.299388665, 39.543209016 -0.2931013, 39.539970274 -0.292278205, 39.537013825 -0.295779513, 39.534610518 -0.301886293, 39.530666042 -0.304365355, 39.526622383 -0.303958441, 39.526027278 -0.302520013, 39.531436625 -0.288107955, 39.529369018 -0.284263117, 39.524261036 -0.281956357, 39.523421786 -0.274972157, 39.519210275 -0.270276986, 39.515490871 -0.259167473, 39.512423793 -0.253884147, 39.510508776 -0.252816694, 39.504576804 -0.253414028, 39.502562603 -0.249451511, 39.491267059 -0.245842195, 39.489172748 -0.244132381, 39.487334027 -0.240341763, 39.484072396 -0.237899177, 39.485480047 -0.23082437, 39.48289363 -0.227214695, 39.476194888 -0.222157638, 39.471975748 -0.221171642, 39.465147303 -0.214838937, 39.461050237 -0.214839056, 39.45669758 -0.212758371, 39.448831517 -0.201992611, 39.439325101 -0.193669558, 39.437066755 -0.193181082, 39.425858951 -0.195642175, 39.420140605 -0.195316615, 39.41534925 -0.199197943, 39.411187332 -0.193760731, 39.402684202 -0.196067954, 39.397297742 -0.194349126, 39.393322747 -0.185844935, 39.386345526 -0.18136675, 39.38029148 -0.172717822, 39.374977501 -0.169406665, 39.367202992 -0.170320575, 39.36545964 -0.155962796, 39.363914657 -0.155818059, 39.358856268 -0.169244123, 39.35300059 -0.171117001, 39.349117151 -0.169606189, 39.347362354 -0.150028153, 39.338302267 -0.149340706, 39.339526809 -0.146264653, 39.32324917 -0.144808285, 39.269960598 -0.147423623, 39.267641216 -0.1464737, 39.240438065 -0.146663987, 39.239045673 -0.145994508, 39.239198263 -0.144483622, 39.237294691 -0.144393165, 39.216408806 -0.147451339, 39.183029536 -0.146917852, 39.178779878 -0.14361562, 39.168327398 -0.142086705, 39.145999527 -0.144755815, 39.143950994 -0.142294961, 39.144580431 -0.124598428, 39.143523738 -0.122761831, 39.133570994 -0.12457134, 39.131198204 -0.119287722, 39.130545878 -0.113461259, 39.123580101 -0.109914744, 39.117838866 -0.102767381, 39.11245622 -0.100822232, 39.109915581 -0.091838251, 39.098970994 -0.083433321, 39.096888128 -0.078312542, 39.087263453 -0.069717602, 39.081846474 -0.061014084, 39.079210466 -0.053595279, 39.07508288 -0.050872039, 39.059644491 -0.055649045, 39.045766343 -0.056128563, 39.037530247 -0.047976922, 39.032139971 -0.045561284, 39.029446741 -0.046348405, 39.017334834 -0.058535171, 39.011036642 -0.057639487, 39.008846962 -0.053332954, 39.001583632 -0.053902936, 38.990776378 -0.056834271, 38.98786952 -0.06687681199999999, 38.981006743 -0.082772978, 38.933623436 -0.101609469, 38.914915784 -0.09658816200000001, 38.900991859 -0.09072546200000001, 38.878339731 -0.086753624, 38.85776284 -0.08068281099999999, 38.822224405 -0.082772594, 38.808300479 -0.07273004600000001, 38.79562017 -0.07566131099999999, 38.776916333 -0.06980764, 38.771289541 -0.073779367, 38.760482286 -0.064931092, 38.764617501 -0.058344707, 38.765243124 -0.056580493, 38.76420169 -0.054653425, 38.752761182 -0.048908373, 38.754557941 -0.040313492, 38.751151348 -0.036377927, 38.751307753 -0.028778238, 38.749133332 -0.0205, 38.742785548 -0.015632574, 38.741778447 -0.005843454, 38.737639417 0.001837654, 38.73927977 0.004135654, 38.739516286 0.007302189, 38.738108635 0.022022049, 38.735278072 0.026292341, 38.732462769 0.036886649, 38.732508546 0.042396418, 38.730379903 0.047906176, 38.73144041 0.05730626, 38.728823475 0.065493993, 38.730833861 0.073772225, 38.728396221 0.083398466, 38.732512362 0.093884248, 38.730601161 0.103184794, 38.731219154 0.110386394, 38.730223498 0.116267087, 38.733504204 0.125974815, 38.733153246 0.136596261, 38.736052474 0.145770203, 38.753325772 0.165077234, 38.756476776 0.170125638, 38.757384693 0.175499722, 38.755809191 0.188428227, 38.707292907 0.373479241, 38.688673003 0.451402136, 38.678727889 0.475087236, 38.677503349 0.491308802, 38.675046635 0.496221306, 38.665784363 0.49942352, 38.661698741 0.506977735, 38.680341543 0.505766376, 38.696058413 0.50818271, 38.701891202 0.5048807870000001, 38.705278722 0.504528078, 38.710070079 0.510209979, 38.72263213 0.509360091, 38.723509528 0.510481988, 38.721491514 0.519610519, 38.72374986 0.522270496, 38.735728251 0.516580309, 38.738017115 0.516598486, 38.745417778 0.521212903, 38.75221952 0.521493675, 38.755092045 0.519521473, 38.756236476 0.514337405, 38.765342341 0.509063221, 38.766975065 0.509805172, 38.76883286 0.514184113, 38.77576812 0.515677135, 38.784069069 0.522444816, 38.793407638 0.537698845, 38.801475886 0.541182305, 38.803200165 0.546122195, 38.808411147 0.54946077, 38.8104902 0.557512937, 38.815704996 0.562461945, 38.816059771 0.565574222, 38.821610268 0.570812823, 38.825192342 0.577191262, 38.83274941 0.582312273, 38.838273203 0.583126637, 38.841935388 0.598633846, 38.843304893 0.600461399, 38.858014662 0.605754532, 38.891378676 0.604162987, 38.894529679 0.605809656, 38.902834442 0.605601713, 38.9241514 0.608216749, 38.934199515 0.610885844, 38.939624124 0.614631482, 38.946479272 0.6133196990000001, 38.953345866 0.615074958, 38.962924763 0.612749868, 38.980098875 0.614052766, 38.992477817 0.619544544, 39.012928821 0.62471055, 39.013825293 0.62647475, 39.012402383 0.631486994, 39.013596408 0.636833947, 39.016304898 0.639077683, 39.022229242 0.639855751, 39.025128471 0.642977027, 39.023423269 0.653245753, 39.026993899 0.662121165, 39.028706732 0.663659245, 39.034718816 0.663894423, 39.040662235 0.668571837, 39.047803492 0.674714917, 39.049520142 0.6814280069999999, 39.051351233 0.682975086, 39.057817275 0.684693989, 39.061143758 0.682079246, 39.067487726 0.681237762, 39.072698707 0.677564476, 39.086931627 0.674687197, 39.090330592 0.6781341829999999, 39.096361749 0.678070708, 39.098108916 0.6814362819999999, 39.097902919 0.6848290339999999, 39.100649556 0.687479832, 39.118903249 0.689605558, 39.125651584 0.6872439930000001, 39.132773766 0.686863808, 39.136653392 0.689894552, 39.141612598 0.690563911, 39.148318973 0.704758921, 39.154456944 0.705934874, 39.156734364 0.708784675, 39.164043471 0.711960067, 39.167160142 0.716691657, 39.173778775 0.718690855, 39.176372822 0.720871177, 39.176895449 0.738947594, 39.180580523 0.750193213, 39.183487381 0.753251075, 39.189293469 0.767093198, 39.20538419 0.794514669, 39.214806683 0.801661521, 39.225274425 0.815068985, 39.236348718 0.841866333, 39.241307928 0.859300032, 39.243871457 0.862231187, 39.248163078 0.864954101, 39.272539482 0.869530311, 39.27805946 0.871728393, 39.280825172 0.875193259, 39.285021427 0.891785535, 39.311347186 0.920915301, 39.337180837 0.935352222, 39.349460595 0.945266688, 39.362488049 0.952638766, 39.371605358 0.954990017, 39.401391113 0.968159199, 39.455625752 0.986879635, 39.460958806 0.99062438, 39.465788311 0.996124265, 39.463217152 0.988235638, 39.481859946 0.973504464, 39.487383736 0.966691245, 39.492674824 0.957109756, 39.49510483 0.939757288, 39.506335517 0.9162606639999999, 39.513636991 0.904154786, 39.546489799 0.815870228, 39.552368358 0.785806597, 39.559246392 0.772850476, 39.563209938 0.757479333, 39.56853536 0.7469208939999999, 39.57800744 0.737239518, 39.584206444 0.72204902, 39.598397398 0.708115053))",Garissa,Garissa,1714710053,-111.93959999999987,7930.9711,335591695687,0.0,0.0,0.0,0.0,0.0,48.33333333333333,46.50221159890555,2.6666666666666665,5.63744597326212,-2.6666666666666665,-1.0,-0.47302744528540364,0,0,0,0,,,0.0,0.0,0.0,0.0,,0,0,0,0,,,0.0,0.0,0.0,0.0,,0,0,0,0,50.0,50.0,0.16666666666666666,0.408248290463863,-0.16666666666666666,-1.0,-0.408248290463863,0,0,0,0,48.4375,46.694928137819005,2.8333333333333335,5.622000005155731,-2.8333333333333335,-1.0,-0.5039724885690122,0,0,0,0,63.57999999999999,37.51927974461065,29.697509720941607,32.314166666666715,61.53411304992197,31.265833333333276,0.9675580885576469,0.5081056959083434,0.0,0.0,0.0,0.0,0.2130701396503783,0.0,0.0,0.0,0.0,0.4086537208393065,-0.6398405341283281,0.2130701396503783
26,23204309,2021-02-01,Kenya,Kenya_2021-02,54986000,268002,40200.0,0.15,2.0,0.3,0.55,0.1,0.05,0.0,0.3,0.5,0.15,0.05,0.0,,,,,,Isiolo,"POLYGON ((39.09393215 1.897092933, 39.099146946 1.897979174, 39.103011309 1.891483075, 39.108073511 1.886895826, 39.12002138 1.881928091, 39.123477563 1.877096604, 39.129226425 1.873079244, 39.136802558 1.856341345, 39.140598256 1.853816831, 39.142276755 1.849790653, 39.143333444 1.843104673, 39.141574831 1.838255547, 39.147449579 1.831361086, 39.151733565 1.820829751, 39.159904807 1.813138922, 39.163559355 1.802372289, 39.167984491 1.798816349, 39.177731224 1.769511561, 39.178394991 1.760862258, 39.184403254 1.749588911, 39.189011499 1.744422476, 39.192654604 1.736134822, 39.196621967 1.733212185, 39.196580003 1.729231422, 39.207200325 1.711054438, 39.212270156 1.704621278, 39.21616504 1.705154691, 39.220532955 1.702810883, 39.229020826 1.702031915, 39.231962015 1.697896908, 39.234948982 1.696060054, 39.241197581 1.696149688, 39.253031007 1.690484642, 39.264708024 1.680847774, 39.274107627 1.680774105, 39.284396069 1.674819645, 39.284464733 1.67164407, 39.285849495 1.669752981, 39.299578862 1.661961309, 39.301532026 1.661047292, 39.307433481 1.661824465, 39.312640642 1.650487588, 39.313788888 1.64979981, 39.318252174 1.651545117, 39.321071291 1.649889087, 39.325454463 1.642297792, 39.332858938 1.640767635, 39.33625027 1.638478182, 39.339366938 1.632841271, 39.344753398 1.633202203, 39.347881509 1.625149729, 39.350921884 1.624868776, 39.353233635 1.620552827, 39.357544327 1.617231828, 39.360207037 1.610844085, 39.366135192 1.605333404, 39.373181074 1.592331439, 39.378880343 1.585608388, 39.385891895 1.581481605, 39.387303357 1.572787128, 39.38959985 1.571185334, 39.394700203 1.572242864, 39.399964585 1.559919737, 39.406743436 1.556896734, 39.411035057 1.558234858, 39.415971374 1.557392597, 39.419423742 1.553890656, 39.421891901 1.553383464, 39.425580784 1.547800789, 39.438814229 1.536389768, 39.4475348 1.534117121, 39.273710804 1.473865324, 39.398743711 1.150648403, 39.465788311 0.996124265, 39.460958806 0.99062438, 39.455625752 0.986879635, 39.401391113 0.968159199, 39.371605358 0.954990017, 39.362488049 0.952638766, 39.349460595 0.945266688, 39.337180837 0.935352222, 39.311347186 0.920915301, 39.285021427 0.891785535, 39.280825172 0.875193259, 39.27805946 0.871728393, 39.272539482 0.869530311, 39.248163078 0.864954101, 39.243871457 0.862231187, 39.241307928 0.859300032, 39.236348718 0.841866333, 39.225274425 0.815068985, 39.214806683 0.801661521, 39.20538419 0.794514669, 39.189293469 0.767093198, 39.183487381 0.753251075, 39.180580523 0.750193213, 39.176895449 0.738947594, 39.176372822 0.720871177, 39.173778775 0.718690855, 39.167160142 0.716691657, 39.164043471 0.711960067, 39.156734364 0.708784675, 39.154456944 0.705934874, 39.148318973 0.704758921, 39.141612598 0.690563911, 39.136653392 0.689894552, 39.132773766 0.686863808, 39.125651584 0.6872439930000001, 39.118903249 0.689605558, 39.100649556 0.687479832, 39.097902919 0.6848290339999999, 39.098108916 0.6814362819999999, 39.096361749 0.678070708, 39.090330592 0.6781341829999999, 39.086931627 0.674687197, 39.072698707 0.677564476, 39.067487726 0.681237762, 39.061143758 0.682079246, 39.057817275 0.684693989, 39.051351233 0.682975086, 39.049520142 0.6814280069999999, 39.047803492 0.674714917, 39.040662235 0.668571837, 39.034718816 0.663894423, 39.028706732 0.663659245, 39.026993899 0.662121165, 39.023423269 0.653245753, 39.025128471 0.642977027, 39.022229242 0.639855751, 39.016304898 0.639077683, 39.013596408 0.636833947, 39.012402383 0.631486994, 39.013825293 0.62647475, 39.012928821 0.62471055, 38.992477817 0.619544544, 38.980098875 0.614052766, 38.962924763 0.612749868, 38.953345866 0.615074958, 38.946479272 0.6133196990000001, 38.939624124 0.614631482, 38.934199515 0.610885844, 38.9241514 0.608216749, 38.902834442 0.605601713, 38.894529679 0.605809656, 38.891378676 0.604162987, 38.858014662 0.605754532, 38.843304893 0.600461399, 38.841935388 0.598633846, 38.838273203 0.583126637, 38.83274941 0.582312273, 38.825192342 0.577191262, 38.821610268 0.570812823, 38.816059771 0.565574222, 38.815704996 0.562461945, 38.8104902 0.557512937, 38.808411147 0.54946077, 38.803200165 0.546122195, 38.801475886 0.541182305, 38.793407638 0.537698845, 38.784069069 0.522444816, 38.77576812 0.515677135, 38.76883286 0.514184113, 38.766975065 0.509805172, 38.765342341 0.509063221, 38.756236476 0.514337405, 38.755092045 0.519521473, 38.75221952 0.521493675, 38.745417778 0.521212903, 38.738017115 0.516598486, 38.735728251 0.516580309, 38.72374986 0.522270496, 38.721491514 0.519610519, 38.723509528 0.510481988, 38.72263213 0.509360091, 38.710070079 0.510209979, 38.705278722 0.504528078, 38.701891202 0.5048807870000001, 38.696058413 0.50818271, 38.680341543 0.505766376, 38.661698741 0.506977735, 38.665784363 0.49942352, 38.675046635 0.496221306, 38.677503349 0.491308802, 38.678727889 0.475087236, 38.688673003 0.451402136, 38.707292907 0.373479241, 38.755809191 0.188428227, 38.757384693 0.175499722, 38.756476776 0.170125638, 38.753325772 0.165077234, 38.736052474 0.145770203, 38.733153246 0.136596261, 38.733504204 0.125974815, 38.730223498 0.116267087, 38.731219154 0.110386394, 38.730601161 0.103184794, 38.732512362 0.093884248, 38.728396221 0.083398466, 38.730833861 0.073772225, 38.728823475 0.065493993, 38.73144041 0.05730626, 38.730379903 0.047906176, 38.732508546 0.042396418, 38.732462769 0.036886649, 38.735278072 0.026292341, 38.738108635 0.022022049, 38.739516286 0.007302189, 38.73927977 0.004135654, 38.737639417 0.001837654, 38.741778447 -0.005843454, 38.742785548 -0.015632574, 38.749133332 -0.0205, 38.751307753 -0.028778238, 38.751151348 -0.036377927, 38.754557941 -0.040313492, 38.752761182 -0.048908373, 38.76420169 -0.054653425, 38.765243124 -0.056580493, 38.764617501 -0.058344707, 38.760482286 -0.064931092, 38.771289541 -0.073779367, 38.766383741 -0.076412092, 38.757571613 -0.076213008, 38.752204226 -0.073118814, 38.744631899 -0.073498759, 38.736544578 -0.067672288, 38.725477918 -0.064921874, 38.720354676 -0.065138979, 38.713263011 -0.058579704, 38.703771853 -0.052798487, 38.69663441 -0.043597443, 38.69233516 -0.046383967, 38.691770573 -0.056806342, 38.689897519 -0.057837716, 38.68313011 -0.057973386, 38.675080936 -0.053015485, 38.662698179 -0.049170369, 38.659615841 -0.050744565, 38.65565992 -0.056317603, 38.644211783 -0.05704131, 38.632996346 -0.044872824, 38.617653324 -0.032288189, 38.61518898 -0.032333415, 38.610554029 -0.036929341, 38.607780688 -0.037363589, 38.599525517 -0.033762804, 38.594436608 -0.028578792, 38.586490433 -0.027592632, 38.572574136 -0.021684842, 38.565436694 -0.022263836, 38.560542338 -0.019395903, 38.554457773 -0.023078043, 38.548655501 -0.035653432, 38.546610782 -0.046672732, 38.53607819 -0.046717901, 38.536974663 -0.058569527, 38.532519006 -0.060035111, 38.527388135 -0.065933728, 38.516401584 -0.062206257, 38.512819511 -0.065852174, 38.506185619 -0.06639493, 38.497762597 -0.062106574, 38.495515695 -0.06358121, 38.493909675 -0.07301719399999999, 38.490079641 -0.077965851, 38.48613135 -0.08052609500000001, 38.476121382 -0.082823902, 38.46854524 -0.08849623500000001, 38.462884115 -0.089817008, 38.459611038 -0.08881275299999999, 38.444756306 -0.075395975, 38.442726846 -0.075097397, 38.43903796 -0.07995553699999999, 38.434925633 -0.07949409, 38.417656149 -0.06731677599999999, 38.41306316 -0.067425284, 38.408817316 -0.06563396000000001, 38.411235883 -0.060178736, 38.408199322 -0.057066587, 38.410327967 -0.052868867, 38.408206952 -0.050860448, 38.409015684 -0.046952213, 38.40620801 -0.044581919, 38.404617249 -0.03089403, 38.405425981 -0.028143793, 38.403934404 -0.026813901, 38.400836807 -0.026750559, 38.398887458 -0.023647485, 38.400676587 -0.018988371, 38.400104371 -0.017260424, 38.393733697 -0.014953466, 38.3924176 -0.012194181, 38.393626884 -0.010068179, 38.377963419 -0.004287253, 38.375075635 0.004126267, 38.370959493 0.006225117, 38.365962139 0.014186274, 38.362242734 0.015706119, 38.35620776 0.022699243, 38.35579195 0.029837135, 38.357207231 0.036278442, 38.354643703 0.038883889, 38.344919843 0.042900558, 38.344412478 0.044863696, 38.347960218 0.052788683, 38.34920765 0.059745647, 38.344496403 0.058497138, 38.340830405 0.05932939, 38.339754638 0.061292517, 38.340418409 0.066865313, 38.338766612 0.06854797999999999, 38.3293136 0.07026672, 38.324293357 0.074663347, 38.324262839 0.078806735, 38.327165883 0.08512138599999999, 38.326723369 0.08742828900000001, 38.329237305 0.090350421, 38.329298342 0.093860545, 38.321443721 0.096800571, 38.318639862 0.106019087, 38.311132386 0.107864439, 38.30861082 0.111265928, 38.306264734 0.118059922, 38.3063334 0.130046759, 38.304620567 0.138568671, 38.297712011 0.158851062, 38.288472627 0.165074825, 38.28427256 0.173804665, 38.271279438 0.177694191, 38.266121863 0.181439263, 38.263260782 0.188920676, 38.258622017 0.193588509, 38.247673614 0.200445307, 38.246071409 0.202634494, 38.241997229 0.203502767, 38.229622101 0.214330846, 38.222740247 0.214737582, 38.203937224 0.223665442, 38.198722427 0.223728483, 38.197459736 0.225727683, 38.197108784 0.320950502, 38.177779321 0.328312718, 38.06309579 0.666627222, 37.827449496 0.560382907, 37.587255981 0.478358391, 37.586554061 0.467993172, 37.582930024 0.463162646, 37.580847156 0.451178202, 37.582445546 0.446339689, 37.581224817 0.438280756, 37.582968166 0.412920164, 37.585791099 0.400321609, 37.599470883 0.400269726, 37.604933637 0.35390788, 37.581777948 0.325965687, 37.555753551 0.326368939, 37.547578487 0.310919898, 37.548143073 0.305728498, 37.550206866 0.304173134, 37.550489159 0.301984408, 37.549615575 0.294730663, 37.546678198 0.286436552, 37.548619918 0.280910681, 37.547116896 0.274805504, 37.544416035 0.270717109, 37.540685184 0.268536966, 37.537003926 0.262485817, 37.470134729 0.277744114, 37.429118265 0.294451777, 37.399969566 0.292557414, 37.400816445 0.281967268, 37.388620608 0.273175056, 37.374116831 0.267475543, 37.374559345 0.271219693, 37.378965411 0.27324607, 37.379407925 0.27504585, 37.38136109 0.273680519, 37.386976439 0.275797516, 37.387674544 0.27858307, 37.38951708 0.279822319, 37.387170993 0.282254747, 37.388891457 0.286125723, 37.39514006 0.290630419, 37.39573135 0.293813888, 37.393671372 0.295097807, 37.393370005 0.297874212, 37.397043634 0.300397946, 37.394266478 0.305055068, 37.396067052 0.309676728, 37.392526942 0.325511765, 37.39384304 0.334067398, 37.392706237 0.335342377, 37.392862644 0.352570728, 37.391638101 0.354903804, 37.38402381 0.357344278, 37.383279929 0.361449987, 37.381025397 0.361078773, 37.379308748 0.364207589, 37.378313092 0.368032884, 37.379049344 0.375286063, 37.377332696 0.379879921, 37.370908614 0.383071109, 37.371461757 0.389094307, 37.366040963 0.405426017, 37.362840366 0.407252201, 37.356671874 0.408128133, 37.354184641 0.411934982, 37.352765547 0.432816267, 37.34975569 0.439896729, 37.348855404 0.44797241, 37.351434193 0.453932702, 37.350037985 0.458137644, 37.358487714 0.466125117, 37.358213051 0.4713251, 37.361249613 0.475531115, 37.360154772 0.479030729, 37.36301204 0.48533482, 37.359746593 0.493491348, 37.361802757 0.495915551, 37.364835506 0.508703962, 36.863795237 0.563163414, 36.86556148 0.571906758, 36.868422562 0.57541573, 36.869093964 0.584881955, 36.867148429 0.589510203, 36.868796413 0.595848595, 36.872107639 0.596826322, 36.876017785 0.603138549, 36.878791127 0.602913621, 36.880683256 0.604424226, 36.881198252 0.61110579, 36.883407007 0.608936791, 36.884757438 0.6109173369999999, 36.885322025 0.609425803, 36.888110626 0.609906054, 36.88854551 0.607103514, 36.891612592 0.620955775, 36.894900929 0.620830497, 36.89882252 0.629303677, 36.906783957 0.629279836, 36.910072295 0.631559571, 36.910324071 0.6384490779999999, 36.909038492 0.64288786, 36.91247942 0.645059183, 36.913467448 0.648685149, 36.912654902 0.655077001, 36.914184627 0.656813548, 36.914279997 0.659878624, 36.920143307 0.659230122, 36.923301942 0.66019885, 36.925056741 0.670416326, 36.927353237 0.674965127, 36.926330878 0.6848288219999999, 36.927151058 0.704168696, 36.917472976 0.728593948, 36.921119904 0.737094485, 36.923088328 0.738749977, 36.928127647 0.739276774, 36.932213273 0.741331104, 36.935097246 0.7529868320000001, 36.944763886 0.7446280790000001, 36.965195825 0.740153057, 36.970265663 0.741999862, 36.973061894 0.745066308, 36.975346945 0.745754501, 36.980618965 0.743632167, 36.991456743 0.7466480720000001, 36.996618136 0.74948053, 37.006631922 0.748553818, 37.018030473 0.754038447, 37.042902813 0.761952523, 37.057929217 0.769419129, 37.062850276 0.764466301, 37.068332109 0.762976853, 37.070079277 0.7642254590000001, 37.071540336 0.768168493, 37.071010084 0.7766046049999999, 37.091514505 0.779769744, 37.099727718 0.784439353, 37.106006839 0.784776803, 37.108200334 0.782155503, 37.10902051 0.778665543, 37.111461967 0.777219841, 37.116047328 0.779853298, 37.124474166 0.774576309, 37.127873129 0.76349172, 37.132263936 0.761811792, 37.13558279 0.75699354, 37.151196667 0.758438107, 37.152695872 0.750246174, 37.161191378 0.749797628, 37.162888953 0.748224919, 37.163220837 0.743459593, 37.165456295 0.740865291, 37.169892879 0.73980913, 37.175550192 0.743157302, 37.179269598 0.740997659, 37.187467551 0.740946819, 37.1902943 0.74256661, 37.203554461 0.744235986, 37.207857527 0.739047145, 37.219702405 0.737288545, 37.226763555 0.741876204, 37.231337472 0.747611331, 37.234934806 0.748209589, 37.238825878 0.753709357, 37.24321287 0.754895801, 37.246993314 0.760214626, 37.252272964 0.762242434, 37.258201125 0.761440046, 37.265281347 0.754922795, 37.26632278 0.751785246, 37.270087963 0.749969074, 37.273914182 0.742862684, 37.279067943 0.737972317, 37.288784176 0.734105568, 37.292011475 0.728029771, 37.299766912 0.7195139149999999, 37.304691785 0.706800834, 37.305210593 0.701519676, 37.310074431 0.696737541, 37.314575864 0.682342091, 37.320568875 0.675805828, 37.327462173 0.664739061, 37.326889956 0.6594393670000001, 37.331162502 0.647801877, 37.343144711 0.642370705, 37.344113664 0.640092043, 37.343419374 0.635307824, 37.353501823 0.617413832, 37.352265835 0.611110068, 37.353642968 0.608379345, 37.354383033 0.598223675, 37.357926959 0.596054258, 37.362951019 0.597032462, 37.36384749 0.5876183270000001, 37.368947844 0.585024324, 37.372320106 0.585504634, 37.384184057 0.580307987, 37.389925293 0.57479296, 37.395876343 0.575210691, 37.401789245 0.577301435, 37.42412857 0.578085521, 37.429331925 0.581189037, 37.435958189 0.577021671, 37.438804011 0.577890688, 37.439738632 0.579754002, 37.447974732 0.577920368, 37.456176499 0.582933029, 37.461791849 0.582943578, 37.465793549 0.588669584, 37.470848127 0.5912485669999999, 37.47273644 0.588246428, 37.476909804 0.586095129, 37.490860438 0.587672603, 37.49191713 0.584019043, 37.490761252 0.576747208, 37.495884495 0.573121898, 37.503155457 0.574326698, 37.506993121 0.571795334, 37.509682537 0.567698951, 37.516736056 0.566606435, 37.523625541 0.569023068, 37.533715621 0.564403998, 37.539060122 0.5713695519999999, 37.544629695 0.576037848, 37.547612849 0.5759210930000001, 37.551393291 0.571770653, 37.555463656 0.570677303, 37.564413119 0.571357926, 37.568025711 0.569396153, 37.576521216 0.573142746, 37.581392684 0.570656678, 37.583860844 0.571923581, 37.582960559 0.5848298790000001, 37.584169843 0.587480262, 37.593519857 0.58730176, 37.598170068 0.589600268, 37.608725552 0.590407897, 37.612460217 0.594207593, 37.621814047 0.597710305, 37.628299165 0.598227507, 37.632365715 0.594710132, 37.634490545 0.595633206, 37.638579985 0.606695977, 37.642947904 0.6116445700000001, 37.64157077 0.613778763, 37.638305323 0.614872352, 37.639743494 0.619422225, 37.645541952 0.621431676, 37.64950932 0.628523819, 37.652381846 0.630134551, 37.658344339 0.629548211, 37.666610958 0.631739201, 37.672123309 0.637321335, 37.677746287 0.637838358, 37.683205232 0.643076783, 37.682694052 0.646359932, 37.684189445 0.650276801, 37.692353066 0.6620825970000001, 37.699696508 0.662654391, 37.710118475 0.666890235, 37.714204097 0.6589588119999999, 37.715924561 0.6577472170000001, 37.725785754 0.654113681, 37.729055016 0.654458224, 37.731473585 0.660681886, 37.736348868 0.6610268459999999, 37.744222565 0.670752386, 37.749273328 0.6741456139999999, 37.752084817 0.674263919, 37.758676748 0.670747079, 37.778532653 0.675111894, 37.785357286 0.674245318, 37.791548665 0.671017714, 37.806525473 0.6749832730000001, 37.813407327 0.674342758, 37.824943207 0.677683359, 37.830676814 0.6769339559999999, 37.833949891 0.6779659179999999, 37.838771768 0.681133026, 37.846302135 0.690117031, 37.843097725 0.69737069, 37.84609614 0.707746638, 37.851898414 0.713446719, 37.863728033 0.721554493, 37.875439393 0.727138592, 37.877220894 0.731345233, 37.875618689 0.733940905, 37.878899397 0.741829474, 37.881424778 0.741658245, 37.884690225 0.738538337, 37.891511042 0.7362876860000001, 37.89408983 0.733637958, 37.897290424 0.725859526, 37.9021123 0.726548196, 37.904748309 0.724938715, 37.904111241 0.720786607, 37.905084008 0.7185977609999999, 37.909787626 0.718770777, 37.911962047 0.716925998, 37.912816556 0.711851531, 37.914704869 0.709491098, 37.916829699 0.710242348, 37.920797066 0.7159963660000001, 37.928254951 0.717780173, 37.930208116 0.7193907859999999, 37.932451205 0.7240589039999999, 37.946073769 0.741330555, 37.956114257 0.742943073, 37.962149233 0.750479708, 37.967367845 0.750888022, 37.974142886 0.754453731, 37.974032258 0.758135361, 37.985125626 0.771037427, 37.991843446 0.776050506, 37.996260955 0.776558112, 38.002643075 0.785714121, 38.006026781 0.786411492, 38.010394699 0.791306386, 38.01023448 0.799601543, 38.012759862 0.801610339, 38.017120149 0.801321937, 38.017627513 0.794293326, 38.024970955 0.795036826, 38.033622863 0.789104722, 38.044060086 0.786447602, 38.052189369 0.776652566, 38.062115414 0.776582416, 38.074681283 0.780900267, 38.081574581 0.781037463, 38.07338426 0.785703438, 38.050384986 0.803139055, 38.039875326 0.996495764, 38.037540687 1.007811657, 38.033249085 1.083245146, 37.950804202 1.192047282, 37.947569295 1.264176954, 38.222179751 1.479037528, 38.342913591 1.575098349, 38.38692091 1.760497877, 38.962501847 2.09369155, 38.961681672 2.096867246, 38.982880358 2.072403819, 38.988076075 2.063754749, 38.987171967 2.051242449, 38.989178535 2.046130725, 38.994713768 2.038123898, 38.994656543 2.032360874, 38.991993827 2.023404037, 38.997658755 2.002722084, 39.001027198 1.998895085, 39.007367352 1.998560372, 39.01607266 1.985622646, 39.023080398 1.982537539, 39.025731664 1.979090427, 39.031537748 1.975308603, 39.035009188 1.966442235, 39.040372755 1.958281524, 39.045495994 1.953052031, 39.05087482 1.941715744, 39.060125643 1.936278009, 39.065336618 1.92263463, 39.073389602 1.916038879, 39.080820777 1.907136035, 39.086504789 1.90462058, 39.09393215 1.897092933))",Isiolo,Isiolo,1067824611,78.7594,4683.0912,208766927248,0.0,0.0,0.0,0.0,0.0,50.0,70.0,1.5,3.429412422736203,-1.5,-1.0,-0.43739271195711266,0,0,0,0,,,0.0,0.0,0.0,0.0,,0,0,0,0,,,0.0,0.0,0.0,0.0,,0,0,0,0,,,0.0,0.0,0.0,0.0,,0,0,0,0,50.0,70.0,1.5,3.429412422736202,-1.5,-1.0,-0.43739271195711277,0,0,0,0,11.03,35.72552103814395,29.239328267136305,5.983333333333324,11.711836790806641,5.046666666666676,0.8434540389972174,0.43090309033576374,0.0,0.0,0.0,0.0,0.12532490110780597,0.0,0.0,0.0,0.0,0.23361842105263148,-0.6675302810225657,0.12532490110780597
27,23204309,2021-02-01,Kenya,Kenya_2021-02,54986000,1117840,55892.0,0.05,2.0,0.65,0.3,0.05,0.0,0.0,0.5,0.4,0.1,0.0,0.0,,,,,,Kajiado,"POLYGON ((36.66973394 -1.326282273, 36.675425587 -1.33062682, 36.679446361 -1.328750276, 36.68318103 -1.337585747, 36.685157084 -1.336900593, 36.686816513 -1.343917096, 36.689582227 -1.347110781, 36.689731004 -1.349687377, 36.694213368 -1.353786732, 36.69714693 -1.352297941, 36.702964464 -1.352276364, 36.706245173 -1.356256998, 36.71346273 -1.360440388, 36.719028491 -1.367216703, 36.728752358 -1.375108954, 36.741577638 -1.381720535, 36.744877419 -1.381461515, 36.749783222 -1.385109346, 36.753914625 -1.384589043, 36.758812798 -1.38574181, 36.761246624 -1.38474972, 36.764817255 -1.385765529, 36.767235824 -1.388760272, 36.772439179 -1.389063511, 36.780980462 -1.386485959, 36.783936914 -1.389255178, 36.78773643 -1.387287925, 36.790288516 -1.38841137, 36.793122894 -1.385484806, 36.795594869 -1.385541425, 36.796285344 -1.388245205, 36.801011851 -1.387435964, 36.803411346 -1.388767173, 36.805631545 -1.386753194, 36.806699683 -1.389384978, 36.809221249 -1.388013121, 36.809705725 -1.385617826, 36.812395143 -1.386614802, 36.815870402 -1.381971183, 36.820043767 -1.381333112, 36.822515743 -1.385159623, 36.829092418 -1.387697119, 36.832941527 -1.38739328, 36.836783007 -1.388825211, 36.837652775 -1.386855097, 36.840372711 -1.388258897, 36.844095932 -1.38657176, 36.845335734 -1.387567306, 36.845572252 -1.391798615, 36.847578824 -1.392632289, 36.850066059 -1.396404564, 36.857764278 -1.398816543, 36.864077734 -1.404174515, 36.87019282 -1.403836585, 36.871249514 -1.407779434, 36.87575095 -1.406246658, 36.879443653 -1.407569999, 36.881293819 -1.406116015, 36.895759452 -1.412051142, 36.895171977 -1.413569493, 36.891231313 -1.412996388, 36.878772278 -1.478062337, 36.884837775 -1.487045851, 36.8895948 -1.486128259, 36.898586224 -1.477339868, 36.906601067 -1.47236571, 36.909401111 -1.468634438, 36.919384378 -1.464376306, 36.924011699 -1.458793045, 36.932518649 -1.458611026, 36.937237526 -1.4555866, 36.943932458 -1.455249147, 36.951520048 -1.457914184, 36.949269332 -1.462532413, 36.978830036 -1.477658813, 36.971993963 -1.4928695, 36.975625633 -1.500666751, 36.969682215 -1.509693656, 36.96452464 -1.513413963, 36.965440188 -1.520422001, 36.964574238 -1.529236613, 36.963303918 -1.532408962, 36.959801954 -1.53202586, 36.958859705 -1.533616326, 36.957429166 -1.538895152, 36.957684758 -1.543578938, 36.964215658 -1.553377172, 36.968373765 -1.555994174, 36.974851255 -1.557284376, 36.976255091 -1.553795674, 36.979459503 -1.555290541, 36.998045102 -1.582849468, 36.991632466 -1.58741823, 37.000597193 -1.598891917, 37.007147162 -1.594910923, 37.082328805 -1.695287355, 37.085258556 -1.701411773, 37.112614328 -1.73571828, 37.119038412 -1.739422966, 37.124871204 -1.740613399, 37.125142054 -1.742657176, 37.133668079 -1.74543271, 37.134488255 -1.742223528, 37.142327617 -1.737990309, 37.147637785 -1.738818498, 37.149518471 -1.741623476, 37.148210009 -1.754670467, 37.150044919 -1.761418054, 37.159394936 -1.765749723, 37.159318641 -1.767449613, 37.153703295 -1.77536523, 37.153184487 -1.778719476, 37.154714212 -1.780023149, 37.161073443 -1.779477932, 37.161538847 -1.78137736, 37.151956137 -1.797192143, 37.153558344 -1.800096413, 37.153218831 -1.803821485, 37.147679779 -1.808599321, 37.143277531 -1.815928242, 37.14689394 -1.820887255, 37.14462415 -1.823688063, 37.144593634 -1.828950795, 37.145589292 -1.830986347, 37.149056923 -1.831867103, 37.149888545 -1.833450416, 37.149518513 -1.835267597, 37.144807265 -1.837016837, 37.142812139 -1.839808944, 37.143918425 -1.84189885, 37.148839486 -1.841931151, 37.151471682 -1.844547199, 37.156186746 -1.846351504, 37.158132284 -1.852791916, 37.163461529 -1.858855898, 37.163194499 -1.868956182, 37.164823411 -1.873542462, 37.161271857 -1.878430793, 37.161962334 -1.883612828, 37.160733977 -1.886713181, 37.155854879 -1.885894171, 37.154088639 -1.888378983, 37.160218986 -1.894642979, 37.159692549 -1.898259342, 37.170808813 -1.91375216, 37.172021914 -1.919106674, 37.17627539 -1.922095335, 37.183996498 -1.92487063, 37.184789972 -1.926562413, 37.183401395 -1.929599234, 37.187776946 -1.935391324, 37.193434259 -1.937025055, 37.199591306 -1.93431877, 37.207793074 -1.935909947, 37.213080352 -1.93384483, 37.216090211 -1.934969347, 37.222949177 -1.934298376, 37.235969008 -1.937024796, 37.245189324 -1.944476842, 37.248622626 -1.952374931, 37.253738241 -1.954378774, 37.258941598 -1.959674402, 37.266296486 -1.960260736, 37.268734131 -1.96705469, 37.276077578 -1.976792725, 37.280914723 -1.995941957, 37.287785136 -1.998544652, 37.299076875 -2.005284485, 37.309227992 -2.0042732, 37.315877149 -2.009715084, 37.360563432 -2.013984035, 37.382422101 -2.024460377, 37.454158981 -2.076243727, 37.534589723 -2.108002683, 37.537183773 -2.112509098, 37.541761504 -2.114403636, 37.544954473 -2.117979111, 37.543459085 -2.124860438, 37.545774655 -2.12721413, 37.551870667 -2.129417629, 37.56455098 -2.128651891, 37.573584374 -2.139395958, 37.594302427 -2.15518855, 37.621139376 -2.163290215, 37.667603336 -2.157850687, 37.690347031 -2.166227941, 37.699727563 -2.16657981, 37.7062165 -2.174128882, 37.707959857 -2.183319797, 37.723562291 -2.189854723, 37.725507829 -2.193338654, 37.71656218 -2.192408435, 37.710534837 -2.194402151, 37.706327141 -2.197319893, 37.695722074 -2.211818483, 37.689439142 -2.217393636, 37.686970986 -2.223134949, 37.68018069 -2.229523513, 37.678456411 -2.229295845, 37.675900513 -2.23162713, 37.676240033 -2.240780616, 37.67913545 -2.244283618, 37.678933273 -2.255815591, 37.676751225 -2.262407027, 37.67915835 -2.264896604, 37.679120203 -2.266569912, 37.673516301 -2.270725411, 37.671883584 -2.282165363, 37.66872495 -2.282795687, 37.668614323 -2.285744179, 37.670773488 -2.28965341, 37.665936354 -2.291810666, 37.662476353 -2.29125568, 37.659584752 -2.289036922, 37.656239194 -2.289341357, 37.648376946 -2.294995897, 37.646900631 -2.300972985, 37.642204642 -2.298906325, 37.637325544 -2.299317801, 37.634594163 -2.295661033, 37.631744527 -2.296987951, 37.632919479 -2.30021799, 37.631790308 -2.303264941, 37.626853988 -2.302934526, 37.623008696 -2.306177679, 37.619548692 -2.299861356, 37.618114335 -2.298837919, 37.614402559 -2.299141877, 37.610328382 -2.303994687, 37.60722697 -2.305393601, 37.608832992 -2.30799999, 37.606940866 -2.311091287, 37.605559918 -2.312012453, 37.602309728 -2.311023346, 37.601230148 -2.312234403, 37.599669904 -2.311328258, 37.596949971 -2.313849068, 37.850689927 -2.606178994, 37.862855259 -2.627455664, 37.871434702 -2.648249821, 37.87882393 -2.661345191, 37.893171309 -2.676301244, 37.902124605 -2.703698992, 37.908789019 -2.705722261, 37.922464988 -2.707027951, 37.930937615 -2.723127358, 37.929900008 -2.740032553, 37.927279259 -2.742671607, 37.927489078 -2.752386754, 37.932047745 -2.766827398, 37.938433683 -2.773147055, 37.918902104 -2.870549086, 37.895353511 -2.887957075, 37.871644829 -3.079847906, 37.865350451 -3.081243247, 37.85561896 -3.081314297, 37.855748733 -3.1700029, 37.853234798 -3.172306768, 37.853765057 -3.179480126, 37.848275599 -3.183562437, 37.833459016 -3.187842148, 37.831395222 -3.186519286, 37.829434423 -3.180845683, 37.826855633 -3.179069868, 37.825253428 -3.179475143, 37.823128595 -3.175863673, 37.819176488 -3.175641967, 37.810459721 -3.16864932, 37.808571408 -3.169343533, 37.804447635 -3.168090523, 37.796039874 -3.172639378, 37.692209328 -3.18132235, 37.672071032 -3.058687727, 37.519602014 -2.959518592, 37.482240086 -2.936270164, 37.462162916 -2.926574819, 37.270107961 -2.819993938, 36.750817579 -2.527350212, 36.70007341 -2.501786705, 36.474337759 -2.373278266, 36.000794131 -2.107058725, 36.000858971 -2.084209803, 36.027299189 -2.084513269, 36.027093171 -2.043277262, 36.024060423 -2.042295783, 36.021817333 -2.039617394, 36.022969393 -2.035346034, 36.022019512 -2.032163911, 36.025643546 -2.02368675, 36.026856646 -2.024872536, 36.028271926 -2.021559294, 36.029610909 -2.013665253, 36.032357548 -2.013968493, 36.036572874 -2.007768976, 36.032594059 -2.002602676, 36.037232822 -1.991570376, 36.040795817 -1.977156771, 36.037160334 -1.975478815, 36.04208139 -1.963579345, 36.038812121 -1.952035686, 36.04230264 -1.947831553, 36.043725549 -1.943307373, 36.041547308 -1.93561466, 36.03746168 -1.930837066, 36.038434444 -1.922978188, 36.03490959 -1.921011415, 36.034310669 -1.919348, 36.03614939 -1.915800413, 36.043321169 -1.912686706, 36.043454685 -1.910265545, 36.037873665 -1.908503079, 36.03357441 -1.904646651, 36.026356847 -1.893168791, 36.02953074 -1.89092452, 36.037339589 -1.892193742, 36.037877468 -1.882201927, 36.03963608 -1.881084559, 36.039727634 -1.879404217, 36.045342985 -1.879549279, 36.047387703 -1.874673821, 36.047311404 -1.86556622, 36.049565934 -1.859471241, 36.047486877 -1.850794067, 36.048711417 -1.844552712, 36.042012666 -1.837042374, 36.043687352 -1.834190072, 36.041528187 -1.831566395, 36.039758127 -1.824497923, 36.03790033 -1.822796246, 36.032017946 -1.827728683, 36.029202641 -1.82731745, 36.030568329 -1.822738915, 36.028515974 -1.812038107, 36.023827612 -1.808822967, 36.018288557 -1.810123903, 36.016510871 -1.809976336, 36.016484167 -1.808241639, 36.01999376 -1.805365258, 36.021706593 -1.801067436, 36.025796033 -1.798932946, 36.02316002 -1.794989383, 36.028248931 -1.790416926, 36.029954134 -1.785775692, 36.029973207 -1.783182647, 36.023636861 -1.780850412, 36.02210332 -1.777992866, 36.031911108 -1.771151105, 36.033021207 -1.76865926, 36.031274037 -1.763208312, 36.033807047 -1.75999591, 36.033631566 -1.756128634, 36.036626164 -1.753206004, 36.036294276 -1.746347797, 36.041901996 -1.742281933, 36.042035511 -1.735704559, 36.04657891 -1.73690429, 36.048337522 -1.73594939, 36.049420917 -1.73172261, 36.04801326 -1.721763573, 36.039716118 -1.715028502, 36.039460527 -1.713130743, 36.042016427 -1.711653037, 36.046552197 -1.712391828, 36.048791469 -1.708889655, 36.054109269 -1.71198798, 36.0565698 -1.711892382, 36.059030328 -1.703890941, 36.064077276 -1.700700114, 36.064393902 -1.698848365, 36.061235263 -1.690711755, 36.057760001 -1.688221819, 36.055787759 -1.682770513, 36.058412322 -1.674426019, 36.052869449 -1.667704416, 36.053094519 -1.663548559, 36.047940751 -1.652210754, 36.052106485 -1.64741921, 36.051927187 -1.639287248, 36.055463483 -1.634332163, 36.056550693 -1.630566085, 36.057386127 -1.625245539, 36.055940325 -1.620536006, 36.061940969 -1.619523769, 36.063226547 -1.61731204, 36.062875586 -1.612938408, 36.067514353 -1.609114159, 36.068674043 -1.60246586, 36.070737836 -1.598682975, 36.073682842 -1.596446452, 36.075796229 -1.597036722, 36.079454599 -1.595551149, 36.079961961 -1.587239197, 36.085497199 -1.578329104, 36.083772914 -1.562613969, 36.072462093 -1.542078688, 36.068170464 -1.527092214, 36.059556692 -1.51055485, 36.059968685 -1.503571127, 36.051488432 -1.491669274, 36.201977503 -1.3313076, 36.230195396 -1.302729619, 36.348853982 -1.174822974, 36.336402517 -1.047446197, 36.427255244 -1.089486435, 36.494406761 -1.12216363, 36.537841814 -1.155382349, 36.513423456 -1.242665974, 36.491774609 -1.270303476, 36.660597544 -1.303412248, 36.666235786 -1.314409862, 36.664145291 -1.32014808, 36.67322446 -1.324875372, 36.66973394 -1.326282273))",Kajiado,Kajiado,498895005,-107.2606,2103.7095999999997,97287084709,0.0,0.0,0.0,0.0,0.0,50.0,47.22222222222223,0.08333333333333333,0.3378319623460881,-0.08333333333333333,-1.0,-0.24667095663365163,0,0,0,0,,,0.0,0.0,0.0,0.0,,0,0,0,0,,,0.0,0.0,0.0,0.0,,0,0,0,0,50.0,50.0,0.3333333333333333,0.816496580927726,-0.3333333333333333,-1.0,-0.408248290463863,0,0,0,0,50.0,49.074074074074076,0.4166666666666667,0.8586727202955211,-0.4166666666666667,-1.0,-0.4852450262112281,0,0,0,0,20.130000000000003,32.57918552036196,28.048687933847408,12.867499999999978,21.333169209343758,7.262500000000024,0.5644064503594355,0.34043230655195417,0.0,0.0,0.0,0.0,0.06443799864771296,0.0,0.0,0.0,0.0,0.1192843592595017,-0.6214391027334357,0.06443799864771296
28,23204309,2021-02-01,Kenya,Kenya_2021-02,54986000,1453787,145379.0,0.1,2.0,0.45,0.45,0.1,0.0,0.0,0.35,0.5,0.15,0.0,0.0,,,,,,Kilifi,"MULTIPOLYGON (((39.975782888 -3.351397829, 39.97632077 -3.35078205, 39.976995986 -3.352355467, 39.975714225 -3.354744679, 39.969095591 -3.351675805, 39.96898496 -3.349106843, 39.971704888 -3.343704059, 39.970728304 -3.341226403, 39.97409675 -3.342905428, 39.975782888 -3.351397829)), ((39.980494147 -3.367910365, 39.97952901 -3.367839086, 39.98007452 -3.365812237, 39.978819458 -3.363208471, 39.982191715 -3.361133463, 39.986193411 -3.360604935, 39.980494147 -3.367910365)), ((39.96388462 -3.361857491, 39.961668242 -3.36712415, 39.957639843 -3.369226812, 39.953519887 -3.368290156, 39.948823898 -3.364242186, 39.949659331 -3.361925685, 39.959863851 -3.3643218, 39.959341225 -3.361509197, 39.962408303 -3.361732334, 39.965402897 -3.358463675, 39.96388462 -3.361857491)), ((40.18493131 -2.977250839, 40.184656646 -2.977296373, 40.182985775 -2.976791689, 40.184065356 -2.976482965, 40.18493131 -2.977250839)), ((40.161287344 -2.972174441, 40.159654621 -2.972221406, 40.158048597 -2.96653374, 40.160116198 -2.958173884, 40.162237215 -2.963119182, 40.161108044 -2.965363687, 40.162370738 -2.970011705, 40.161287344 -2.972174441)), ((40.167631262 -2.909656585, 40.164987632 -2.919961759, 40.165170738 -2.9158549, 40.16303447 -2.921754742, 40.16222193 -2.930267171, 40.165052505 -2.946771607, 40.16449555 -2.950127994, 40.163145121 -2.95082602, 40.163526593 -2.943408547, 40.160963065 -2.942949874, 40.159479112 -2.935073011, 40.162565266 -2.938633463, 40.162900965 -2.937131802, 40.159860586 -2.930079555, 40.160844797 -2.930567075, 40.161825186 -2.920408279, 40.16680727 -2.908418115, 40.166498271 -2.905352096, 40.169962081 -2.900038948, 40.170355004 -2.902724962, 40.167631262 -2.909656585)), ((40.177603132 -2.978534134, 40.17337254 -2.967205053, 40.169653134 -2.963156604, 40.170892933 -2.961138337, 40.171861886 -2.961245853, 40.171385041 -2.963589054, 40.176695212 -2.972845515, 40.177603132 -2.978534134)), ((40.17052665 -2.87802254, 40.170332101 -2.884028705, 40.169218185 -2.881343406, 40.169782769 -2.878158904, 40.167554943 -2.879282707, 40.166612693 -2.877646592, 40.16855441 -2.875311018, 40.169229622 -2.87165592, 40.170511385 -2.871111898, 40.17052665 -2.87802254)), ((40.182211265 -2.833743214, 40.179933845 -2.833474305, 40.182051041 -2.829121419, 40.182737701 -2.830703657, 40.182211265 -2.833743214)), ((40.185499588 -2.818869645, 40.183775308 -2.815307762, 40.184999849 -2.813940556, 40.185850544 -2.815414085, 40.185499588 -2.818869645)), ((40.181043929 -2.81342896, 40.179750721 -2.812860623, 40.18040686 -2.810797538, 40.181055372 -2.811728476, 40.181043929 -2.81342896)), ((40.09475361 -2.596223672, 40.180441124 -2.718373775, 40.179952839 -2.72599937, 40.182348519 -2.73004925, 40.182134895 -2.733495751, 40.178461273 -2.739767732, 40.17507757 -2.740693667, 40.17798442 -2.730659549, 40.176267771 -2.728798149, 40.178846552 -2.722246769, 40.17241103 -2.721882265, 40.171556519 -2.71927802, 40.167634932 -2.718160181, 40.165262147 -2.722658013, 40.167821864 -2.72957509, 40.166299774 -2.734813858, 40.16409865 -2.73497883, 40.161168903 -2.732521201, 40.158117085 -2.733655018, 40.165964078 -2.741082499, 40.165082868 -2.743634059, 40.166604966 -2.748652784, 40.166917776 -2.746490526, 40.168813718 -2.747148976, 40.170137446 -2.750096512, 40.171205583 -2.749814964, 40.169797929 -2.746316018, 40.172899338 -2.744594315, 40.17132766 -2.756228073, 40.175451434 -2.761868058, 40.170099307 -2.760905655, 40.173143497 -2.762928687, 40.173341866 -2.764665168, 40.172121141 -2.766909673, 40.172189805 -2.765082363, 40.170553267 -2.764658971, 40.16732216 -2.7710933, 40.16523929 -2.765731522, 40.167093269 -2.765015139, 40.167245859 -2.763649126, 40.164030003 -2.760196906, 40.162668135 -2.768691695, 40.163724828 -2.769703688, 40.160051203 -2.771254223, 40.159120401 -2.774448024, 40.161394004 -2.772745393, 40.162977136 -2.774778915, 40.164003309 -2.773773834, 40.166524875 -2.774440628, 40.167482387 -2.780680898, 40.166563025 -2.778474776, 40.165159189 -2.778467148, 40.163946094 -2.782140842, 40.162660515 -2.781762269, 40.162774957 -2.779374011, 40.160997275 -2.782198059, 40.159135665 -2.78087925, 40.158208677 -2.784453055, 40.16166105 -2.789343045, 40.155359048 -2.792542333, 40.155343792 -2.795852947, 40.159143304 -2.794392765, 40.16275971 -2.795944963, 40.164628952 -2.800936034, 40.163885073 -2.802836294, 40.16570472 -2.802644622, 40.166784296 -2.796438441, 40.168619202 -2.79667183, 40.168375058 -2.798734438, 40.170263371 -2.800396776, 40.171438325 -2.805271033, 40.172052504 -2.805975972, 40.171972391 -2.802403121, 40.175657469 -2.811806436, 40.179865167 -2.817057358, 40.181097342 -2.820918429, 40.179418841 -2.820250681, 40.180033021 -2.822185746, 40.178781777 -2.823679541, 40.179842285 -2.826192956, 40.176500546 -2.828855611, 40.177908202 -2.835321642, 40.176775219 -2.840270519, 40.174791539 -2.843022333, 40.176229712 -2.84847494, 40.169561501 -2.863903976, 40.169836162 -2.86030371, 40.172723941 -2.854394093, 40.168993097 -2.859544656, 40.168714622 -2.863931869, 40.163572319 -2.877767223, 40.163438808 -2.885464812, 40.162054044 -2.883693526, 40.159372259 -2.884112391, 40.157369502 -2.882359462, 40.159372256 -2.880421773, 40.15682017 -2.876435544, 40.158719923 -2.872118895, 40.157056682 -2.871243265, 40.157712821 -2.869207357, 40.15572151 -2.869933038, 40.155595625 -2.872339176, 40.157262682 -2.874273286, 40.156015253 -2.87611061, 40.152932914 -2.873481575, 40.151937261 -2.877227263, 40.152490406 -2.879931396, 40.154371089 -2.880734553, 40.15329151 -2.882960702, 40.155725338 -2.887200346, 40.155629971 -2.889787426, 40.153669179 -2.890639696, 40.152868079 -2.89433103, 40.150499104 -2.892804817, 40.148275089 -2.888953759, 40.146108298 -2.889145908, 40.147081067 -2.892093682, 40.143853772 -2.89604058, 40.145433088 -2.895966675, 40.146981889 -2.899266561, 40.143273932 -2.902526638, 40.147546479 -2.904973537, 40.149362313 -2.907504355, 40.149484382 -2.902221962, 40.150533443 -2.901081233, 40.156370045 -2.900215849, 40.158071435 -2.902104664, 40.157525921 -2.899482063, 40.158723758 -2.897789446, 40.160661662 -2.896756233, 40.163282413 -2.89957551, 40.16388133 -2.896490657, 40.166189266 -2.894715315, 40.167474842 -2.891331035, 40.170465624 -2.892160177, 40.166505898 -2.901960189, 40.163251899 -2.904876021, 40.163465533 -2.912944317, 40.162687317 -2.909978186, 40.15975376 -2.914612381, 40.159143394 -2.91229755, 40.156404388 -2.912236999, 40.158613139 -2.909521183, 40.156877417 -2.908898731, 40.15514551 -2.909199112, 40.151216297 -2.913372964, 40.149057135 -2.912615341, 40.150644083 -2.915716165, 40.150632641 -2.918185715, 40.148622257 -2.920485291, 40.150975972 -2.92054608, 40.150235909 -2.924047412, 40.153219059 -2.921041228, 40.152795618 -2.91991099, 40.158475814 -2.918711135, 40.16020772 -2.91714463, 40.157758642 -2.925712845, 40.158849674 -2.934494662, 40.15757554 -2.934170443, 40.157133025 -2.932244199, 40.156530292 -2.933791632, 40.15775484 -2.941080847, 40.155435457 -2.94045911, 40.154947165 -2.938976283, 40.154344433 -2.941807959, 40.152574377 -2.939874087, 40.151693166 -2.941883056, 40.149698041 -2.942717208, 40.153062688 -2.965435451, 40.15102942 -2.972700829, 40.151429975 -2.976834149, 40.157587017 -2.975136283, 40.166956101 -2.977586516, 40.168043313 -2.980082051, 40.169191557 -2.976724949, 40.172769812 -2.974206524, 40.173956207 -2.974919806, 40.168337053 -2.9826143, 40.168237873 -2.987905752, 40.16771906 -2.983329491, 40.163065037 -2.982873203, 40.158720011 -2.983972215, 40.158372869 -2.986668005, 40.155031129 -2.987639474, 40.154165178 -2.990408213, 40.151922092 -2.991134133, 40.152356979 -2.99420921, 40.156522711 -2.995109154, 40.156427344 -2.997759648, 40.153573895 -2.998757579, 40.153531934 -3.001570659, 40.151319367 -3.002450345, 40.165342472 -3.002507787, 40.165529398 -3.005338747, 40.159040469 -3.005345665, 40.152158621 -3.007939903, 40.154840413 -3.015272743, 40.157789234 -3.017548952, 40.156900393 -3.018753094, 40.157094957 -3.031687541, 40.15907101 -3.032833989, 40.159265559 -3.027216887, 40.161424719 -3.025930021, 40.162748447 -3.02743025, 40.165094532 -3.027246682, 40.168905484 -3.020295987, 40.174383494 -3.015514223, 40.176298506 -3.010826628, 40.178968848 -3.011809774, 40.18070075 -3.005892291, 40.17705001 -3.002657967, 40.182878982 -3.002344232, 40.186293199 -2.99588225, 40.193144531 -2.996055798, 40.200629112 -2.992022359, 40.21690675 -2.9959752, 40.226531418 -2.990519247, 40.226642043 -2.986512276, 40.230338553 -2.980230999, 40.238788273 -2.978186264, 40.240501106 -2.978926008, 40.240741438 -2.980562839, 40.241450991 -2.987309701, 40.240394303 -2.991751985, 40.237346303 -2.996313945, 40.233157679 -2.992447394, 40.221640888 -3.001849051, 40.213362831 -3.002039298, 40.20698835 -3.006731664, 40.197935903 -3.017351526, 40.196570217 -3.021061694, 40.197417101 -3.026849487, 40.196188747 -3.029727174, 40.182543309 -3.035223657, 40.177744328 -3.039036816, 40.171900102 -3.04669555, 40.169859204 -3.053110805, 40.17205652 -3.061321422, 40.174345386 -3.064520941, 40.174734499 -3.071349574, 40.166010117 -3.075818326, 40.159509748 -3.081089757, 40.156179458 -3.089206927, 40.159544095 -3.09698223, 40.164217219 -3.130118641, 40.16327116 -3.135320456, 40.153566388 -3.147849875, 40.142415826 -3.169688446, 40.126554016 -3.188275767, 40.122712548 -3.197804721, 40.12141935 -3.21017107, 40.130006418 -3.225556703, 40.12602763 -3.249268587, 40.132512749 -3.255285473, 40.130609185 -3.264387219, 40.12427667 -3.272905851, 40.123975305 -3.274878106, 40.126008582 -3.278919165, 40.119637923 -3.291897244, 40.117555057 -3.292369986, 40.112000753 -3.298472706, 40.088860355 -3.313803058, 40.074581665 -3.319625908, 40.071251371 -3.323510107, 40.053985721 -3.336943056, 40.041351198 -3.342691525, 40.035423045 -3.346768351, 40.027053435 -3.349436493, 40.023581995 -3.353673519, 40.023971103 -3.354704346, 40.025985303 -3.354466901, 40.025268127 -3.355607391, 40.019961781 -3.359059379, 40.018947051 -3.358689626, 40.020476774 -3.357512184, 40.019469673 -3.356563367, 40.014689763 -3.357454736, 40.013160041 -3.359989132, 40.015494683 -3.360638045, 40.015349723 -3.361723703, 40.013106638 -3.363372218, 40.012412346 -3.360378911, 40.010005224 -3.360164356, 40.007617178 -3.361677461, 39.99118315 -3.378184534, 39.976240695 -3.389416365, 39.972883695 -3.389962535, 39.969259658 -3.387677507, 39.972109284 -3.376711261, 39.982802086 -3.368776458, 39.987082263 -3.370798296, 39.992693791 -3.367997607, 39.995943975 -3.36417706, 39.99821758 -3.365223858, 39.996672595 -3.363407277, 39.992934121 -3.366360061, 39.990603294 -3.366109031, 39.99171339 -3.362652518, 39.993410964 -3.36230708, 39.992796783 -3.360091661, 39.991663796 -3.36023756, 39.989733518 -3.35755274, 39.991404388 -3.356908829, 39.993780988 -3.352655116, 39.9902218 -3.347195122, 39.990000539 -3.343251327, 39.984881109 -3.337765825, 39.983553565 -3.334040403, 39.987410294 -3.32698982, 39.991686651 -3.323204554, 39.993285041 -3.323546652, 39.997443136 -3.315102879, 39.989546558 -3.317019356, 39.990309515 -3.319551366, 39.971670537 -3.322844593, 39.967951136 -3.325932787, 39.954191254 -3.331192782, 39.950124709 -3.3339918, 39.948888726 -3.338045497, 39.956407648 -3.343121908, 39.955419625 -3.346325244, 39.947706158 -3.351362095, 39.94798082 -3.349037012, 39.945867434 -3.347799974, 39.94217092 -3.348617439, 39.938718553 -3.351795985, 39.937513091 -3.358391466, 39.938871156 -3.365409623, 39.932824743 -3.367957373, 39.936494557 -3.36981734, 39.934877095 -3.372107379, 39.937230809 -3.370748278, 39.937391031 -3.372693117, 39.939531118 -3.372111904, 39.937082036 -3.375108552, 39.937085853 -3.376872449, 39.943078859 -3.374487523, 39.94444455 -3.37674776, 39.939069542 -3.384821782, 39.936132169 -3.386941369, 39.935510364 -3.390813645, 39.938524034 -3.38966171, 39.94500151 -3.380166367, 39.94785496 -3.379593736, 39.952352584 -3.387061267, 39.960207203 -3.389332941, 39.96126008 -3.388852333, 39.961366891 -3.385442069, 39.96709287 -3.3908458, 39.967417129 -3.393839584, 39.969080371 -3.395664985, 39.968119052 -3.399302442, 39.969950147 -3.403977159, 39.967924508 -3.410003589, 39.961199073 -3.420955773, 39.961275371 -3.423705678, 39.958288407 -3.427209157, 39.95675869 -3.43506242, 39.947698621 -3.453416344, 39.942918717 -3.460214466, 39.935037415 -3.480620507, 39.926664 -3.494043674, 39.925496684 -3.498341727, 39.926664007 -3.500999848, 39.906201619 -3.559781793, 39.89937319 -3.57491307, 39.895615643 -3.580018575, 39.885529408 -3.606026461, 39.87672111 -3.61939575, 39.870495415 -3.634906315, 39.870316119 -3.633739602, 39.865814691 -3.637977344, 39.857666335 -3.637686747, 39.851402475 -3.634336566, 39.845676501 -3.634948059, 39.84119032 -3.627724646, 39.837631136 -3.626886686, 39.83499131 -3.624211402, 39.830512766 -3.623871929, 39.8302381 -3.620832612, 39.827682201 -3.620129344, 39.824126824 -3.611710849, 39.816123426 -3.606996087, 39.804324332 -3.607232826, 39.800349337 -3.605987923, 39.790720852 -3.608086061, 39.787054858 -3.61200602, 39.782107098 -3.612462792, 39.779352826 -3.606992308, 39.77861275 -3.596490224, 39.779772441 -3.595783615, 39.782488551 -3.587079037, 39.784033534 -3.586887604, 39.782240589 -3.585224789, 39.782534325 -3.583985126, 39.788618885 -3.580488081, 39.79057968 -3.582051484, 39.79141893 -3.581399468, 39.789843423 -3.575647437, 39.79152192 -3.57279645, 39.789229242 -3.573060834, 39.787672812 -3.570936245, 39.786314745 -3.562786897, 39.78333159 -3.559505848, 39.780043254 -3.558866233, 39.784079287 -3.56113338, 39.783121781 -3.563305174, 39.784151772 -3.566054363, 39.783716893 -3.571554888, 39.788821065 -3.577140992, 39.787394342 -3.579883031, 39.782664027 -3.583370063, 39.777186014 -3.584604963, 39.780497241 -3.589025548, 39.779432922 -3.591432878, 39.774092238 -3.590161752, 39.773264433 -3.590913417, 39.772314553 -3.589484946, 39.77085731 -3.590146498, 39.77203989 -3.590335545, 39.772127632 -3.5929858, 39.774607236 -3.594033074, 39.774176172 -3.599841131, 39.77703344 -3.603013948, 39.778872169 -3.611045289, 39.780859668 -3.613449756, 39.788248886 -3.615270622, 39.804545596 -3.61451465, 39.805827365 -3.619823503, 39.811278681 -3.624721594, 39.811534277 -3.631949063, 39.807189246 -3.627448139, 39.797202173 -3.630532763, 39.794177057 -3.629902207, 39.792597737 -3.625543365, 39.793219544 -3.62424005, 39.791605893 -3.622839472, 39.786597096 -3.622997534, 39.789107221 -3.627681309, 39.791747045 -3.628601517, 39.792098009 -3.632789668, 39.793822287 -3.63328577, 39.798068138 -3.642590385, 39.801947762 -3.642125508, 39.806842119 -3.645052059, 39.806014314 -3.645731252, 39.807189265 -3.646833835, 39.811351184 -3.648313559, 39.820476122 -3.648061088, 39.82310831 -3.642839008, 39.826720897 -3.63989576, 39.827773771 -3.636475483, 39.830680631 -3.639286176, 39.830753111 -3.637965221, 39.83445344 -3.636749633, 39.838626797 -3.632105186, 39.839412643 -3.634782141, 39.84355549 -3.638152349, 39.851753437 -3.637276234, 39.857204751 -3.640627131, 39.861793924 -3.641482017, 39.86823709 -3.655940286, 39.869175536 -3.668241788, 39.866451797 -3.677389783, 39.860485494 -3.680163771, 39.857071271 -3.678846395, 39.855297403 -3.680756669, 39.851532222 -3.680615542, 39.840789816 -3.676120823, 39.839462276 -3.677108263, 39.839603427 -3.681178646, 39.837467154 -3.681741503, 39.835304181 -3.685208268, 39.838878623 -3.684843041, 39.84151844 -3.678119301, 39.851726778 -3.682786381, 39.853443424 -3.681753645, 39.856109952 -3.68283644, 39.857372639 -3.679985692, 39.860615198 -3.681312366, 39.864586374 -3.679119352, 39.868614777 -3.681657318, 39.870735806 -3.697006241, 39.867073634 -3.706942138, 39.86154222 -3.714446629, 39.862522623 -3.720271372, 39.857838088 -3.72712361, 39.854832062 -3.742350956, 39.850563338 -3.749329305, 39.846889723 -3.761508751, 39.844402496 -3.765826116, 39.843357259 -3.777161636, 39.841034064 -3.779371098, 39.83711631 -3.796317999, 39.830753283 -3.811141505, 39.829437199 -3.824286455, 39.806895755 -3.873409761, 39.787345079 -3.909485858, 39.783522691 -3.923302612, 39.775179802 -3.942542416, 39.767035271 -3.952419194, 39.762617765 -3.953780205, 39.762903875 -3.954965036, 39.75876103 -3.953792844, 39.757475453 -3.95580229, 39.754980592 -3.956510092, 39.754541895 -3.958192934, 39.750921675 -3.958585339, 39.744867629 -3.956998578, 39.736955782 -3.950519682, 39.731969877 -3.954269189, 39.723218788 -3.954919067, 39.715600683 -3.952628084, 39.704579796 -3.946350399, 39.700387356 -3.942617828, 39.698598219 -3.934631545, 39.700616224 -3.924959556, 39.69907124 -3.92419192, 39.693783964 -3.924304926, 39.690648223 -3.926758983, 39.68674571 -3.926789264, 39.677018036 -3.925123836, 39.671627758 -3.92205234, 39.649853035 -3.925697208, 39.644584835 -3.927411047, 39.64162839 -3.931113349, 39.645992497 -3.937098528, 39.650554966 -3.937791542, 39.651527736 -3.940260376, 39.649170209 -3.942704659, 39.650883044 -3.944114534, 39.650448161 -3.945951381, 39.654087456 -3.946545461, 39.654228604 -3.948463361, 39.652462364 -3.948473614, 39.647426867 -3.951978526, 39.647808349 -3.956121381, 39.650654172 -3.958362783, 39.650062886 -3.961655994, 39.643791396 -3.959227455, 39.628539938 -3.965236972, 39.62282159 -3.962898307, 39.623451025 -3.960147687, 39.621528376 -3.957751803, 39.618251489 -3.960585865, 39.613597465 -3.959838497, 39.610396871 -3.961577842, 39.610290054 -3.958357343, 39.603652346 -3.955557859, 39.600421228 -3.951742563, 39.584357234 -3.968010524, 39.584048242 -3.972090682, 39.570326508 -3.977473691, 39.569876368 -3.981345968, 39.57225679 -3.984546677, 39.574492248 -3.984527127, 39.574919507 -3.988525275, 39.570933074 -3.993648422, 39.556261447 -3.986466502, 39.552164382 -3.987591023, 39.544943024 -3.99603623, 39.542669419 -3.995540129, 39.540048665 -3.991615647, 39.546808432 -3.980818897, 39.548986655 -3.968496176, 39.545732644 -3.95923471, 39.541231211 -3.959490992, 39.532678484 -3.954919031, 39.528081675 -3.948200305, 39.531507331 -3.937894179, 39.527463665 -3.932414637, 39.523362782 -3.931440315, 39.522050499 -3.92985784, 39.520471169 -3.916452086, 39.517762676 -3.913169845, 39.50037874 -3.900614707, 39.497582506 -3.895740214, 39.497605388 -3.889624865, 39.496342696 -3.887969917, 39.486668426 -3.883226312, 39.467441945 -3.861579444, 39.460270167 -3.858046176, 39.451187188 -3.855861757, 39.450641673 -3.853220562, 39.437469247 -3.840417486, 39.436118813 -3.836274631, 39.422206325 -3.82803113, 39.420005195 -3.823011453, 39.414973509 -3.822923251, 39.409979974 -3.827087092, 39.404913951 -3.822928268, 39.404685068 -3.826194063, 39.401297551 -3.828439286, 39.398657727 -3.827535766, 39.395674568 -3.821485024, 39.391424908 -3.820184337, 39.383780093 -3.811168185, 39.379934799 -3.809342309, 39.378847587 -3.807180769, 39.381174598 -3.806220743, 39.382662354 -3.800918801, 39.37946557 -3.79778079, 39.378408875 -3.794787006, 39.383501594 -3.790342812, 39.384150103 -3.78824349, 39.38857524 -3.78790687, 39.390494069 -3.78559013, 39.390673357 -3.779148653, 39.385317412 -3.77704314, 39.384638381 -3.77498101, 39.386152842 -3.771216726, 39.390845014 -3.771712348, 39.39267229 -3.770607854, 39.395464694 -3.760148439, 39.391825386 -3.7461548, 39.392531114 -3.741432162, 39.389994287 -3.739207925, 39.377222429 -3.743139813, 39.372556959 -3.741350412, 39.371362933 -3.73920699, 39.362627098 -3.735682304, 39.358743653 -3.730970638, 39.353944648 -3.710309761, 39.350183278 -3.707760113, 39.347978336 -3.704268797, 39.348081326 -3.695077177, 39.353776781 -3.692867712, 39.354631279 -3.681622066, 39.353647063 -3.677515208, 39.356252548 -3.671443959, 39.354772407 -3.662768707, 39.357385522 -3.657203812, 39.354802914 -3.651016946, 39.355966418 -3.648989858, 39.353032851 -3.642640167, 39.349458405 -3.639285215, 39.345220191 -3.638798413, 39.3441902 -3.636537222, 39.347707409 -3.623734605, 39.34642182 -3.612462737, 39.34818805 -3.601913446, 39.346475213 -3.597969891, 39.330746894 -3.591290033, 39.325844906 -3.587003666, 39.323063931 -3.581468099, 39.31957341 -3.578990446, 39.320961978 -3.56794386, 39.31879137 -3.566705153, 39.311936224 -3.569059565, 39.307224978 -3.568690293, 39.303696315 -3.571369398, 39.289440506 -3.571889593, 39.087417712 -3.571714086, 39.15683874 -3.320036768, 39.219557229 -3.072020257, 39.280757588 -3.002100127, 39.505100419 -2.752546531, 39.750928035 -2.474205084, 39.891132288 -2.312093788, 39.973909119 -2.425573675, 40.09475361 -2.596223672)), ((40.173845437 -2.791673602, 40.174776243 -2.793807251, 40.174352806 -2.798031878, 40.1727773 -2.791991385, 40.173219818 -2.796920474, 40.171957128 -2.797256376, 40.171678643 -2.788455725, 40.173845437 -2.791673602)), ((40.171476459 -2.786999598, 40.170267177 -2.788040916, 40.17085084 -2.792219294, 40.169832296 -2.792338016, 40.16889386 -2.790059421, 40.169832292 -2.787561977, 40.168050793 -2.787419179, 40.171770195 -2.785488879, 40.171476459 -2.786999598)), ((40.164766272 -2.784111905, 40.166524884 -2.786525193, 40.165418601 -2.788796637, 40.166601183 -2.791509113, 40.165052386 -2.792424081, 40.161023981 -2.786195971, 40.161603825 -2.783915945, 40.164766272 -2.784111905)), ((40.174043804 -2.790280411, 40.172376744 -2.784782747, 40.172796368 -2.783144962, 40.173212178 -2.783479194, 40.174043804 -2.790280411)), ((40.176874354 -2.77484661, 40.175695592 -2.779623603, 40.172929882 -2.779155871, 40.175153893 -2.77745324, 40.175665071 -2.775281923, 40.174013276 -2.777354783, 40.173296098 -2.776613847, 40.176420394 -2.772847892, 40.176874354 -2.77484661)), ((40.182565985 -2.761444899, 40.176737018 -2.769989278, 40.175810028 -2.769972114, 40.175390402 -2.768624935, 40.177713597 -2.765447821, 40.182565985 -2.761444899)), ((40.183878269 -2.764645611, 40.18309624 -2.764320677, 40.185045586 -2.759796146, 40.184866293 -2.762582287, 40.183878269 -2.764645611)), ((40.18890231 -2.744976453, 40.187593844 -2.745846125, 40.188150802 -2.74833284, 40.186178567 -2.750994063, 40.187464143 -2.748677323, 40.187128441 -2.745059654, 40.18890231 -2.744976453)), ((40.184648845 -2.754161402, 40.185671204 -2.754422684, 40.183378527 -2.755980847, 40.183241194 -2.754886606, 40.184648845 -2.754161402)), ((40.192503452 -2.740007072, 40.195074609 -2.74073704, 40.194628283 -2.744319427, 40.187067414 -2.757930929, 40.185362211 -2.758782959, 40.184545848 -2.757155426, 40.187960066 -2.752077813, 40.18964619 -2.744007846, 40.191576467 -2.746303366, 40.193045153 -2.744628629, 40.192362306 -2.741002139, 40.190348107 -2.742903593, 40.19093558 -2.73982756, 40.192503452 -2.740007072)), ((40.169038786 -2.742427292, 40.167890539 -2.741695653, 40.16885186 -2.739424448, 40.17086606 -2.738499706, 40.170911839 -2.741584082, 40.169038786 -2.742427292)), ((40.173219771 -2.73446341, 40.172666632 -2.73779262, 40.172365264 -2.736725556, 40.169652961 -2.73738854, 40.170022992 -2.734375921, 40.173219771 -2.73446341)), ((40.169179926 -2.732821098, 40.167379353 -2.733039948, 40.168634412 -2.73103956, 40.169023519 -2.731455324, 40.169179926 -2.732821098)), ((40.171762521 -2.724261702, 40.170614274 -2.723702186, 40.17166715 -2.722814635, 40.171823556 -2.723420401, 40.171762521 -2.724261702)), ((40.183718032 -2.743118154, 40.183534928 -2.749495265, 40.179907079 -2.749308842, 40.174604546 -2.751367401, 40.175367497 -2.746400883, 40.177908136 -2.746561083, 40.178888531 -2.744244582, 40.183718032 -2.743118154)))",Kilifi,Kilifi,539587034,-215.91660000000002,2472.0351999999984,106288366738,0.0,0.0,0.0,0.0,0.0,50.0,47.22222222222222,0.08333333333333333,0.3378319623460881,-0.08333333333333333,-1.0,-0.24667095663365163,0,0,0,0,,,0.0,0.0,0.0,0.0,,0,0,0,0,,,0.0,0.0,0.0,0.0,,0,0,0,0,,,0.0,0.0,0.0,0.0,,0,0,0,0,50.0,47.22222222222222,0.08333333333333333,0.3378319623460881,-0.08333333333333333,-1.0,-0.24667095663365163,0,0,0,0,11.42,37.25686785642669,31.76616083386902,6.418333333333336,10.93665542494861,5.001666666666664,0.7792781095819261,0.4573305523786461,0.0,0.0,0.0,0.0,0.1524081862691873,0.0,0.0,0.0,0.0,0.27673286860449814,-0.5885665468395853,0.1524081862691873
29,23204309,2021-02-01,Kenya,Kenya_2021-02,54986000,1136187,56809.0,0.05,2.0,0.75,0.2,0.05,0.0,0.0,0.7,0.2,0.1,0.0,0.0,,,,,,Kitui,"POLYGON ((38.324812166 -0.066772822, 38.323572365 -0.069767263, 38.326811108 -0.06915213100000001, 38.332083127 -0.07100677900000001, 38.338644539 -0.065226012, 38.346586899 -0.06535276399999999, 38.363444388 -0.076489549, 38.368891886 -0.08151964, 38.378913299 -0.084803778, 38.381293719 -0.08937245100000001, 38.38279674 -0.08977958900000001, 38.386676365 -0.088947344, 38.391017579 -0.084414952, 38.393626884 -0.07632713300000001, 38.396697778 -0.076155286, 38.405406908 -0.078833268, 38.416816898 -0.07583891, 38.41923165 -0.072862528, 38.425602324 -0.073468742, 38.666978385 -0.483525421, 38.678460858 -0.505139663, 38.756991819 -0.636898084, 38.825688293 -0.756623457, 38.969570196 -1.060951037, 38.986893181 -1.36751855, 38.987900341 -1.527175588, 39.000306047 -1.673922101, 38.994004046 -1.686407306, 38.978546585 -1.692749385, 38.962886938 -1.692749154, 38.959835125 -1.705234238, 38.997052126 -1.848913748, 39.000306176 -1.945719078, 38.972237098 -2.002001606, 38.935004954 -2.095530425, 38.933776597 -2.096055137, 38.800187173 -2.35409497, 38.798600228 -2.356048871, 38.793877538 -2.35613875, 38.792542367 -2.357260407, 38.790818094 -2.365203551, 38.78830416 -2.36795346, 38.771454302 -2.368330614, 38.763157171 -2.37153205, 38.758800701 -2.376317153, 38.740455454 -2.37897362, 38.736720793 -2.38453685, 38.735149111 -2.392877879, 38.726520096 -2.398874517, 38.72454023 -2.402031369, 38.719741245 -2.403966438, 38.716647467 -2.409475552, 38.706118693 -2.414802058, 38.705382444 -2.418203504, 38.701018344 -2.421486708, 38.6880443 -2.427038501, 38.67860655 -2.428483906, 38.669493056 -2.43179286, 38.647336848 -2.432755282, 38.639100748 -2.429839933, 38.635553009 -2.431096524, 38.633328992 -2.426283056, 38.628056974 -2.425702563, 38.625020414 -2.426941036, 39.000955324 -2.942353366, 39.0547704 -3.019414821, 39.066596217 -3.041715155, 39.0633117 -3.045551437, 39.060114919 -3.044981433, 39.053149135 -3.037608544, 39.04579425 -3.035808416, 39.044111933 -3.033944871, 39.042944606 -3.025648905, 39.035166284 -3.028209292, 39.026003194 -3.025052211, 39.011659648 -3.02967545, 39.006036671 -3.03014605, 39.001535237 -3.028970042, 38.993665359 -3.029910762, 38.991021722 -3.031466779, 38.982724598 -3.043725621, 38.977895095 -3.045426347, 38.95679558 -3.045081881, 38.937530967 -3.04061172, 38.932316176 -3.046093895, 38.927841446 -3.046138717, 38.917278339 -3.049096514, 38.907718513 -3.047213902, 38.899558708 -3.043313977, 38.894218025 -3.043385739, 38.861979384 -3.063285453, 38.849344854 -3.065011694, 38.844465753 -3.059411044, 38.84029239 -3.059066564, 38.836069439 -3.064186614, 38.827867676 -3.065515205, 38.818460447 -3.071231251, 38.808286446 -3.073111256, 38.80006942 -3.070594747, 38.797906438 -3.064523738, 38.800263968 -3.062950079, 38.809171465 -3.062571736, 38.810262488 -3.059676884, 38.808622134 -3.05771345, 38.79258482 -3.054299622, 38.782910552 -3.053736775, 38.773983978 -3.050378488, 38.765972952 -3.049879291, 38.756672533 -3.051397171, 38.736812817 -3.048859215, 38.725605005 -3.042306414, 38.705462992 -3.036827835, 38.696109168 -3.039665955, 38.668921273 -3.042408016, 38.664274879 -3.043826957, 38.659281331 -3.032525764, 38.653166245 -3.029122179, 38.647306745 -3.020887722, 38.64217587 -3.017167784, 38.62915986 -3.017036676, 38.610311056 -3.012190085, 38.60689683 -3.008660624, 38.610364455 -3.00117997, 38.608590584 -3.000817609, 38.601617179 -3.003710082, 38.594277553 -3.004023818, 38.582493707 -2.993480016, 38.559357099 -2.991869426, 38.54979727 -2.986519096, 38.543060376 -2.984426454, 38.53676218 -2.979520493, 38.529800218 -2.981498714, 38.520186986 -2.980173713, 38.513759094 -2.98520079, 38.511985227 -2.988972466, 38.501391598 -2.98849735, 38.499453677 -2.96856643, 38.500910915 -2.961148952, 38.498740306 -2.957981615, 38.494555499 -2.958667247, 38.492457373 -2.957788757, 38.493857391 -2.953130245, 38.489092733 -2.946587212, 38.487990257 -2.939123249, 38.485796761 -2.938136049, 38.477888735 -2.939534729, 38.476717598 -2.938584242, 38.473600918 -2.92593539, 38.466383354 -2.911502618, 38.462198542 -2.906316776, 38.461530952 -2.899676235, 38.458059505 -2.897186899, 38.454397321 -2.896985933, 38.451082281 -2.895129779, 38.451349312 -2.891475156, 38.455587523 -2.88672772, 38.455488337 -2.884293928, 38.454031092 -2.88216743, 38.44611925 -2.882570565, 38.443876161 -2.881275834, 38.446664756 -2.873723184, 38.446348128 -2.871280571, 38.439210681 -2.866536481, 38.439721855 -2.85897382, 38.432656892 -2.857106702, 38.428403414 -2.851830508, 38.43227922 -2.844459277, 38.432180033 -2.840813476, 38.427228447 -2.829412154, 38.42665241 -2.821242774, 38.41965611 -2.816716102, 38.41894656 -2.813241708, 38.422524814 -2.807372377, 38.424092679 -2.797756404, 38.431844298 -2.793824997, 38.433251948 -2.791048389, 38.427304707 -2.779719063, 38.420029918 -2.760527652, 38.414517563 -2.752998132, 38.411816694 -2.740277044, 38.405716863 -2.731200329, 38.398556517 -2.711167615, 38.391583099 -2.696988018, 38.387230431 -2.681561365, 38.382790028 -2.673697612, 38.38238947 -2.664994699, 38.373726113 -2.658711996, 38.36776743 -2.652005422, 38.368015386 -2.644533113, 38.363574986 -2.640993639, 38.36202618 -2.630987173, 38.350318617 -2.601335626, 38.347453714 -2.590496441, 38.339911903 -2.587860016, 38.335738529 -2.571782062, 38.332072526 -2.565221384, 38.337962536 -2.561253027, 38.33895056 -2.557589821, 38.333701427 -2.553262923, 38.325598844 -2.551376971, 38.323039129 -2.549358229, 38.324191187 -2.543505586, 38.319952969 -2.538012212, 38.322196054 -2.533255002, 38.321906129 -2.530631207, 38.31836983 -2.526368436, 38.31734365 -2.517004925, 38.312746844 -2.513293328, 38.313952309 -2.50781187, 38.313185537 -2.504690302, 38.302168465 -2.499953365, 38.297632692 -2.490687361, 38.289156259 -2.484775363, 38.283533263 -2.455624681, 38.274202305 -2.425721144, 38.251046621 -2.422433666, 38.245492304 -2.414478844, 38.236428397 -2.411298398, 38.232766209 -2.404122656, 38.223645081 -2.40224481, 38.212280841 -2.358309473, 38.199501344 -2.356936315, 38.197544362 -2.351380716, 38.187542016 -2.341812903, 38.175136369 -2.341208575, 38.15979334 -2.334441928, 38.153758365 -2.331308444, 38.149417147 -2.325045762, 38.14715117 -2.32397703, 38.128210814 -2.324182539, 38.118803574 -2.316089449, 38.116385 -2.30403849, 38.111048129 -2.303094441, 38.110369098 -2.301818542, 38.112287927 -2.296654388, 38.111795819 -2.29209481, 38.113184395 -2.28931844, 38.112322255 -2.287237474, 38.104700333 -2.285124806, 38.102121544 -2.282907002, 38.099203237 -2.274501369, 38.092390049 -2.275365561, 38.088498978 -2.273752809, 38.086225367 -2.265709539, 38.083715244 -2.262641373, 38.077069907 -2.26368627, 38.077176716 -2.256413497, 38.073014794 -2.25246684, 38.072587533 -2.241747087, 38.069585297 -2.227371043, 38.068768935 -2.225950198, 38.065213564 -2.225649581, 38.063805911 -2.223215312, 38.064835899 -2.221035887, 38.07122183 -2.217303781, 38.070691576 -2.215874353, 38.062951396 -2.212802853, 38.060628196 -2.208956797, 38.055855905 -2.195583689, 38.055226463 -2.188735501, 38.048710824 -2.18244445, 38.051804603 -2.176765597, 38.049504291 -2.171318468, 38.044587045 -2.168782643, 38.038548256 -2.169077305, 38.028992243 -2.164819542, 38.026321899 -2.161877965, 38.024086435 -2.152097973, 38.02177468 -2.148984511, 38.010303655 -2.154241883, 37.989932759 -2.159764358, 37.984515781 -2.163514821, 37.97548621 -2.16554406, 37.969607644 -2.169945347, 37.966082791 -2.168839187, 37.966166711 -2.158536389, 37.963835876 -2.145744014, 37.958449411 -2.139562148, 37.955176333 -2.138049283, 37.954592671 -2.135561373, 37.955531099 -2.122590437, 37.958220511 -2.115328628, 37.957083705 -2.109448093, 37.960291928 -2.104601721, 37.958685904 -2.097029521, 37.961299015 -2.079491615, 37.959940949 -2.067224665, 37.955656953 -2.060329037, 37.956252053 -2.051935083, 37.952269422 -2.04004647, 37.948775087 -2.038027012, 37.945036609 -2.040141117, 37.940115547 -2.036347749, 37.939745513 -2.03471926, 37.94317881 -2.03265927, 37.943113957 -2.029239944, 37.944853492 -2.02558651, 37.943800613 -2.023686249, 37.939642508 -2.021946908, 37.942274698 -2.013961087, 37.937098047 -2.010484309, 37.938749841 -2.004569443, 37.934359034 -2.00264892, 37.929094642 -1.997697538, 37.931188952 -1.993465634, 37.926103854 -1.989165553, 37.917574003 -1.961001108, 37.914678587 -1.957172932, 37.917429037 -1.950073948, 37.915601756 -1.942962927, 37.909852886 -1.935985052, 37.910062697 -1.932683493, 37.91236682 -1.930604552, 37.912813148 -1.928433828, 37.911127015 -1.923294945, 37.913919428 -1.919524697, 37.91345021 -1.916159367, 37.91875656 -1.912264197, 37.91946992 -1.906005086, 37.917345089 -1.904384584, 37.908151482 -1.906513473, 37.906347093 -1.905146387, 37.907697518 -1.894808184, 37.90217753 -1.875890438, 37.899640702 -1.871302729, 37.902234747 -1.865397636, 37.898290268 -1.862563933, 37.892655844 -1.861040698, 37.888707553 -1.862268444, 37.887658489 -1.860567125, 37.885583248 -1.853139513, 37.888020886 -1.846501587, 37.893903268 -1.844289142, 37.893376828 -1.841348993, 37.888768577 -1.836045498, 37.882844231 -1.835064855, 37.880387515 -1.83272952, 37.879853447 -1.834456944, 37.877858317 -1.829715826, 37.869210218 -1.819606609, 37.848888902 -1.799657682, 37.839657138 -1.780964029, 37.8412746 -1.776985064, 37.840423905 -1.774687037, 37.843048468 -1.769686541, 37.84707687 -1.769119274, 37.851135792 -1.771799211, 37.853531469 -1.769539326, 37.852840994 -1.767413183, 37.855599076 -1.766040016, 37.854603418 -1.762737861, 37.8568198 -1.757067708, 37.854626302 -1.75243506, 37.855179443 -1.748265497, 37.854042637 -1.74204155, 37.851749955 -1.73754455, 37.851906359 -1.734179816, 37.849651825 -1.728633631, 37.84572642 -1.725275335, 37.8461613 -1.714430181, 37.843658806 -1.71247485, 37.835468484 -1.711909019, 37.838737743 -1.703580262, 37.837272866 -1.69698525, 37.838592776 -1.692780046, 37.833625939 -1.691872471, 37.831722364 -1.687158649, 37.832824833 -1.683912039, 37.832054248 -1.683359793, 37.826240531 -1.685129178, 37.820964697 -1.682982296, 37.820880769 -1.677754013, 37.823650294 -1.672509398, 37.821926013 -1.666909335, 37.816097036 -1.665033392, 37.811488786 -1.66143062, 37.809253326 -1.656761855, 37.804835816 -1.65537534, 37.807288715 -1.652138623, 37.806472352 -1.650736015, 37.80226847 -1.650905398, 37.801688624 -1.649647735, 37.804965514 -1.646040668, 37.802051022 -1.637292097, 37.798350689 -1.633979335, 37.796904887 -1.629256811, 37.793711921 -1.628739371, 37.792163119 -1.621737415, 37.788954892 -1.618225948, 37.788119455 -1.615222385, 37.785410964 -1.614171532, 37.783713386 -1.60711534, 37.776591197 -1.596528134, 37.777182486 -1.593534583, 37.773428745 -1.589326282, 37.773428744 -1.58593437, 37.767492953 -1.584474548, 37.761362607 -1.57902575, 37.757898788 -1.571624717, 37.753740682 -1.568953957, 37.750696487 -1.556388531, 37.744695845 -1.55614072, 37.738374761 -1.550348033, 37.731119054 -1.539851417, 37.725328221 -1.527393031, 37.722039884 -1.525455461, 37.714444661 -1.51182011, 37.704808538 -1.509797315, 37.702946928 -1.510574133, 37.695908664 -1.500837526, 37.699784475 -1.497565645, 37.701817748 -1.493975981, 37.712861522 -1.490961447, 37.718282319 -1.495242936, 37.726682454 -1.496179475, 37.731744662 -1.498914006, 37.738016152 -1.498555812, 37.763407292 -1.490312154, 37.773318078 -1.489965044, 37.779990117 -1.482117489, 37.780802661 -1.474963195, 37.782309496 -1.472829303, 37.789950489 -1.467524014, 37.799624755 -1.457823637, 37.805427026 -1.453041748, 37.811473444 -1.45034941, 37.820651792 -1.449350285, 37.817783081 -1.44743119, 37.81921362 -1.444302229, 37.816764535 -1.443993386, 37.813937785 -1.441260166, 37.814662591 -1.436955074, 37.812804794 -1.431997251, 37.813731783 -1.429347468, 37.811118661 -1.427166137, 37.81111103 -1.422516799, 37.808707721 -1.421086418, 37.809451601 -1.418056631, 37.806243371 -1.40673933, 37.805636818 -1.396409231, 37.804019354 -1.395965217, 37.800292319 -1.398821692, 37.799392032 -1.398314621, 37.800021469 -1.394497885, 37.79845741 -1.390200541, 37.793727086 -1.38468952, 37.792376656 -1.384670806, 37.791014779 -1.378193679, 37.786131867 -1.377214346, 37.784628844 -1.373360301, 37.782290387 -1.374996302, 37.776289742 -1.362944978, 37.773302773 -1.362943429, 37.768728856 -1.359603489, 37.766611656 -1.359665711, 37.76602418 -1.357159801, 37.756880165 -1.359226468, 37.754110637 -1.357144667, 37.752790726 -1.359414326, 37.748895841 -1.360371134, 37.745870723 -1.358795688, 37.745802056 -1.353169519, 37.740301149 -1.350218047, 37.738763792 -1.344365043, 37.736219337 -1.343233135, 37.734964276 -1.344598197, 37.733587142 -1.34384677, 37.732686853 -1.337107763, 37.724908522 -1.324811486, 37.726274211 -1.322153001, 37.72509163 -1.319891091, 37.725877472 -1.316119769, 37.721879587 -1.313386072, 37.720384194 -1.308130133, 37.71806481 -1.306329045, 37.717763441 -1.301553118, 37.714600992 -1.301325331, 37.715157947 -1.293628325, 37.712266347 -1.29170029, 37.70932897 -1.291798272, 37.707650465 -1.281187698, 37.705941446 -1.280734625, 37.704259129 -1.27798412, 37.703751763 -1.274338672, 37.702485257 -1.272927005, 37.699856877 -1.27307946, 37.697995266 -1.270708722, 37.698826886 -1.267661054, 37.694931998 -1.259292485, 37.693902006 -1.252227947, 37.692597353 -1.251024281, 37.689389127 -1.250950379, 37.690377153 -1.248762013, 37.687992918 -1.247277396, 37.689400569 -1.244229967, 37.687687734 -1.240810162, 37.685089871 -1.237091407, 37.676163295 -1.233152495, 37.6745382 -1.229895515, 37.667221459 -1.222954469, 37.666984942 -1.219055962, 37.663715679 -1.217154985, 37.660496007 -1.210885263, 37.65753574 -1.20848699, 37.655536796 -1.202661163, 37.650299109 -1.199339102, 37.640327279 -1.172842108, 37.626693265 -1.151300078, 37.621077915 -1.146304708, 37.612704482 -1.143080748, 37.606089662 -1.143963891, 37.602812767 -1.134375086, 37.59911625 -1.133079876, 37.597628484 -1.12064294, 37.597491143 -1.088860202, 37.734445387 -1.08322267, 37.794638736 -1.127343033, 37.797892738 -1.123970548, 37.798728173 -1.120714521, 37.802195803 -1.119856648, 37.803069385 -1.113697184, 37.80535062 -1.111273996, 37.808585546 -1.101904276, 37.808745765 -1.094966684, 37.819469094 -1.082578735, 37.819175356 -1.079684119, 37.820895819 -1.079096827, 37.821368851 -1.076681865, 37.821132334 -1.07331689, 37.826850681 -1.072523146, 37.828540627 -1.073554928, 37.832454585 -1.070345387, 37.832534695 -1.068518193, 37.835571255 -1.065570532, 37.836811056 -1.060957906, 37.840900493 -1.054862808, 37.844505455 -1.053389751, 37.846767616 -1.050414555, 37.846485322 -1.047565234, 37.848613966 -1.0443458, 37.846973609 -1.03170873, 37.849304436 -1.029059185, 37.849384543 -1.016350357, 37.851539888 -1.005767911, 37.849483724 -1.005124954, 37.848167625 -0.997227814, 37.8494265 -0.996314693, 37.852218916 -0.996912652, 37.851482663 -0.99408115, 37.852611836 -0.992118666, 37.856361759 -0.989107829, 37.860397791 -0.988050894, 37.862083921 -0.985374053, 37.867004981 -0.985411897, 37.86428886 -0.981340493, 37.869652433 -0.98001262, 37.870190316 -0.978429842, 37.868572851 -0.975570866, 37.86409049 -0.97631109, 37.8655134 -0.971653168, 37.859718756 -0.968756645, 37.851017254 -0.968636078, 37.849739305 -0.967260766, 37.847957805 -0.968047059, 37.846794298 -0.967051692, 37.846779039 -0.965902917, 37.852592755 -0.963363092, 37.852550792 -0.961581134, 37.854389515 -0.964955703, 37.856026053 -0.965010534, 37.855926868 -0.961925974, 37.85137584 -0.955176537, 37.853115377 -0.953078583, 37.852711011 -0.9518572749999999, 37.848278241 -0.949115054, 37.850509884 -0.945750854, 37.848327832 -0.945207428, 37.848262981 -0.943063642, 37.852188385 -0.944231787, 37.853893588 -0.94128353, 37.852512639 -0.937746314, 37.8513148 -0.93936503, 37.850277181 -0.93839684, 37.852798746 -0.935693059, 37.848674974 -0.930915702, 37.843956097 -0.930235735, 37.846149591 -0.926564003, 37.842289039 -0.92582098, 37.844715235 -0.922465957, 37.839767472 -0.922690469, 37.840232872 -0.912785845, 37.835033334 -0.915398321, 37.834770114 -0.910848334, 37.838088968 -0.909953927, 37.838520037 -0.907638435, 37.833167908 -0.907935241, 37.830264863 -0.903565364, 37.826087684 -0.902442336, 37.821986801 -0.903010914, 37.820254893 -0.901897719, 37.820472334 -0.898994221, 37.824458774 -0.897150278, 37.825885499 -0.89389437, 37.824054407 -0.89260935, 37.823081638 -0.887190883, 37.821635838 -0.885598391, 37.823409708 -0.884812038, 37.82429855 -0.881194183, 37.827766179 -0.8782826379999999, 37.8257062 -0.875785429, 37.82926157 -0.874113192, 37.828090433 -0.868821254, 37.832584238 -0.8673753749999999, 37.833579894 -0.865593714, 37.830657776 -0.8632862690000001, 37.830940068 -0.8609526, 37.834892175 -0.859009067, 37.833133563 -0.856023561, 37.838252991 -0.853691381, 37.839752197 -0.850797299, 37.83875654 -0.8474230270000001, 37.843597489 -0.846990276, 37.846214424 -0.844214141, 37.844348999 -0.842974357, 37.842464499 -0.837772652, 37.85058234 -0.834672475, 37.847854774 -0.830257481, 37.849571423 -0.826893042, 37.849365424 -0.824369311, 37.8459512 -0.820352142, 37.847339776 -0.813297078, 37.856827122 -0.812458514, 37.861114929 -0.814485961, 37.867157532 -0.812117723, 37.871941261 -0.813991464, 37.879326664 -0.808403374, 37.885064085 -0.808404982, 37.885636301 -0.8045064750000001, 37.881581194 -0.800027829, 37.881428603 -0.7971150930000001, 37.885830851 -0.788622493, 37.885560002 -0.78491369, 37.894589573 -0.782310988, 37.892296891 -0.7705691569999999, 37.904958128 -0.760242328, 37.905763044 -0.756759942, 37.913873253 -0.742451704, 37.913186593 -0.73843525, 37.916513075 -0.731552307, 37.914372986 -0.726685252, 37.912496114 -0.710239726, 37.910508616 -0.709814128, 37.908784338 -0.71379381, 37.905991922 -0.711576956, 37.901631635 -0.712380951, 37.900216353 -0.711005698, 37.899564026 -0.7058766440000001, 37.904576637 -0.687135233, 37.902627286 -0.685253326, 37.90358098 -0.687442587, 37.897919854 -0.686889506, 37.895470768 -0.683116872, 37.896733458 -0.6797521949999999, 37.895890392 -0.676305628, 37.897805408 -0.67194606, 37.895470765 -0.66834537, 37.893403155 -0.654649873, 37.894208072 -0.647693922, 37.907830632 -0.641491601, 37.923707723 -0.626723314, 37.918923995 -0.6230135570000001, 37.90208939 -0.603887614, 37.902894307 -0.600025282, 37.88372506 -0.585258967, 37.888470637 -0.563333343, 37.888508784 -0.557480872, 37.886059697 -0.5481452999999999, 37.88303458 -0.542789769, 37.882920136 -0.53747095, 37.8931361 -0.512606364, 37.898839187 -0.504457234, 37.912000158 -0.476264058, 37.914525538 -0.468114272, 37.918847677 -0.464596155, 37.928758461 -0.452205015, 37.934038109 -0.442752984, 37.936563489 -0.435598149, 37.934911691 -0.432115315, 37.939210942 -0.430379128, 37.940527039 -0.428543023, 37.945867724 -0.430759967, 37.947271562 -0.430416436, 37.948133701 -0.428028442, 37.953363757 -0.428906607, 37.957720229 -0.423389262, 37.960928455 -0.421426746, 37.962210219 -0.416994466, 37.966349249 -0.414263149, 37.966417914 -0.402964912, 37.971060495 -0.400197448, 37.971136789 -0.384294837, 37.975661111 -0.380559451, 37.975035487 -0.37085314, 37.968874626 -0.366817971, 37.973753722 -0.361517656, 37.979262257 -0.35833413, 37.979678067 -0.356443581, 37.973227282 -0.349088582, 37.972918285 -0.346953705, 37.977675309 -0.339156687, 37.981360381 -0.329496058, 37.986781176 -0.327280364, 37.98694521 -0.321020621, 37.980563091 -0.314208422, 37.983065584 -0.311096892, 37.986239475 -0.300205925, 37.993296808 -0.291658163, 37.994654868 -0.284530088, 37.99427339 -0.278107459, 37.998816786 -0.26789497, 38.007258883 -0.268004215, 38.009219677 -0.269469821, 38.011138509 -0.268619637, 38.02263624 -0.270954439, 38.024932735 -0.26948916, 38.028232515 -0.27090059, 38.032959022 -0.276156741, 38.047630646 -0.278962198, 38.069622823 -0.277652264, 38.073689372 -0.276313753, 38.079453497 -0.277643979, 38.089677094 -0.277074864, 38.103971055 -0.282910767, 38.107782015 -0.278695517, 38.115411565 -0.279899243, 38.117643208 -0.276190439, 38.126337079 -0.270699972, 38.12969408 -0.264376874, 38.137666959 -0.25942006, 38.140390708 -0.247940476, 38.144716662 -0.242956231, 38.148020257 -0.24162663, 38.152754392 -0.243779952, 38.155317921 -0.241572811, 38.160975232 -0.240098608, 38.163382354 -0.237620051, 38.164652674 -0.234571503, 38.164381825 -0.226303099, 38.183566325 -0.191529799, 38.185797967 -0.174721664, 38.185050271 -0.16838009, 38.187251396 -0.155118128, 38.189570778 -0.153924101, 38.194480394 -0.153996648, 38.196414484 -0.149464464, 38.204398808 -0.148424396, 38.206569414 -0.146850394, 38.207992325 -0.131127696, 38.209518234 -0.129110379, 38.212688312 -0.128287238, 38.214527033 -0.117512943, 38.221878104 -0.107471534, 38.229854797 -0.102830871, 38.234817819 -0.09699598, 38.244156387 -0.09344089699999999, 38.250862761 -0.088212123, 38.25960241 -0.09138764100000001, 38.262139235 -0.09459018700000001, 38.272603162 -0.09717772700000001, 38.276875709 -0.089225847, 38.280206007 -0.08688283400000001, 38.288072073 -0.087624808, 38.290071014 -0.08009804199999999, 38.300729494 -0.071802438, 38.304269605 -0.06230349, 38.309415736 -0.056314657, 38.313154215 -0.056043298, 38.32170694 -0.062584157, 38.324812166 -0.066772822))",Kitui,Kitui,643230854,-79.69480000000001,2827.1692000000016,125185569537,0.0,0.0,0.0,0.0,0.0,50.0,43.09764309764309,0.08333333333333333,1.0072203103706698,-0.08333333333333333,-1.0,-0.08273595406616216,0,0,0,0,,,0.0,0.0,0.0,0.0,,0,0,0,0,,,0.0,0.0,0.0,0.0,,0,0,0,0,,,0.0,0.0,0.0,0.0,,0,0,0,0,50.0,43.09764309764309,0.08333333333333333,1.0072203103706698,-0.08333333333333333,-1.0,-0.08273595406616216,0,0,0,0,0.10000000000000009,40.3654590444769,36.472163421975324,-6.175833333333318,20.076112400821902,6.275833333333319,-1.0161921468087978,0.3126020221462991,0.0,0.0,0.0,0.0,-0.47715410761158944,0.0,0.0,0.0,0.0,-0.9946221252095788,-1.6918013001293568,-0.47715410761158944
30,23204309,2021-02-01,Kenya,Kenya_2021-02,54986000,866820,86682.0,0.1,2.0,0.5,0.4,0.1,0.0,0.0,0.45,0.4,0.15,0.0,0.0,,,,,,Kwale,"MULTIPOLYGON (((39.535593519 -4.446336831, 39.534609309 -4.448192034, 39.532240334 -4.447280409, 39.533251244 -4.443235772, 39.537813712 -4.441920771, 39.535593519 -4.446336831)), ((39.364585098 -4.65658372, 39.366236897 -4.657994072, 39.377788032 -4.658178099, 39.381408254 -4.660139145, 39.390590417 -4.661744496, 39.395435179 -4.661533747, 39.398151294 -4.657877218, 39.400211271 -4.657713198, 39.40521627 -4.6700135, 39.402278898 -4.673127439, 39.396884804 -4.669891928, 39.394756161 -4.670562302, 39.388408375 -4.668946935, 39.368758479 -4.671653237, 39.356856384 -4.670799792, 39.352980572 -4.669363696, 39.351809431 -4.665365311, 39.361064058 -4.653907961, 39.364585098 -4.65658372)), ((39.282041038 -4.669739497, 39.280133653 -4.670861871, 39.275758106 -4.669787184, 39.272446878 -4.666450114, 39.271119334 -4.664551048, 39.271229951 -4.655477199, 39.274892135 -4.656127063, 39.288106523 -4.665059765, 39.286065623 -4.668245223, 39.282041038 -4.669739497)), ((39.320961978 -3.56794386, 39.31957341 -3.578990446, 39.323063931 -3.581468099, 39.325844906 -3.587003666, 39.330746894 -3.591290033, 39.346475213 -3.597969891, 39.34818805 -3.601913446, 39.34642182 -3.612462737, 39.347707409 -3.623734605, 39.3441902 -3.636537222, 39.345220191 -3.638798413, 39.349458405 -3.639285215, 39.353032851 -3.642640167, 39.355966418 -3.648989858, 39.354802914 -3.651016946, 39.357385522 -3.657203812, 39.354772407 -3.662768707, 39.356252548 -3.671443959, 39.353647063 -3.677515208, 39.354631279 -3.681622066, 39.353776781 -3.692867712, 39.348081326 -3.695077177, 39.347978336 -3.704268797, 39.350183278 -3.707760113, 39.353944648 -3.710309761, 39.358743653 -3.730970638, 39.362627098 -3.735682304, 39.371362933 -3.73920699, 39.372556959 -3.741350412, 39.377222429 -3.743139813, 39.389994287 -3.739207925, 39.392531114 -3.741432162, 39.391825386 -3.7461548, 39.395464694 -3.760148439, 39.39267229 -3.770607854, 39.390845014 -3.771712348, 39.386152842 -3.771216726, 39.384638381 -3.77498101, 39.385317412 -3.77704314, 39.390673357 -3.779148653, 39.390494069 -3.78559013, 39.38857524 -3.78790687, 39.384150103 -3.78824349, 39.383501594 -3.790342812, 39.378408875 -3.794787006, 39.37946557 -3.79778079, 39.382662354 -3.800918801, 39.381174598 -3.806220743, 39.378847587 -3.807180769, 39.379934799 -3.809342309, 39.383780093 -3.811168185, 39.391424908 -3.820184337, 39.395674568 -3.821485024, 39.398657727 -3.827535766, 39.401297551 -3.828439286, 39.404685068 -3.826194063, 39.404913951 -3.822928268, 39.409979974 -3.827087092, 39.414973509 -3.822923251, 39.420005195 -3.823011453, 39.422206325 -3.82803113, 39.436118813 -3.836274631, 39.437469247 -3.840417486, 39.450641673 -3.853220562, 39.451187188 -3.855861757, 39.460270167 -3.858046176, 39.467441945 -3.861579444, 39.486668426 -3.883226312, 39.496342696 -3.887969917, 39.497605388 -3.889624865, 39.497582506 -3.895740214, 39.50037874 -3.900614707, 39.517762676 -3.913169845, 39.520471169 -3.916452086, 39.522050499 -3.92985784, 39.523362782 -3.931440315, 39.527463665 -3.932414637, 39.531507331 -3.937894179, 39.528081675 -3.948200305, 39.532678484 -3.954919031, 39.541231211 -3.959490992, 39.545732644 -3.95923471, 39.548986655 -3.968496176, 39.546808432 -3.980818897, 39.540048665 -3.991615647, 39.542669419 -3.995540129, 39.544943024 -3.99603623, 39.552164382 -3.987591023, 39.556261447 -3.986466502, 39.570933074 -3.993648422, 39.568144492 -4.010739075, 39.565119381 -4.014848082, 39.563746062 -4.013998915, 39.557482208 -4.018010659, 39.553503406 -4.02460805, 39.556486559 -4.023873309, 39.557337256 -4.026686388, 39.554232033 -4.028796201, 39.552870156 -4.026210076, 39.551500652 -4.026482326, 39.550295186 -4.028084353, 39.5501426 -4.032888044, 39.548219955 -4.033459244, 39.54538939 -4.030973248, 39.546118006 -4.025328016, 39.543146296 -4.024606154, 39.53879745 -4.020465687, 39.537019768 -4.022637959, 39.535707484 -4.021390669, 39.534296019 -4.022259865, 39.532487812 -4.018353024, 39.530126467 -4.018246224, 39.53450202 -4.025371893, 39.537885727 -4.027495527, 39.536455191 -4.03181146, 39.538515176 -4.038061262, 39.545213918 -4.038047905, 39.54814748 -4.039674243, 39.548044484 -4.041773086, 39.54398175 -4.041911361, 39.538801292 -4.045424855, 39.540269982 -4.047595216, 39.546919134 -4.049381753, 39.548029231 -4.04804244, 39.550882684 -4.049569128, 39.555914369 -4.049031777, 39.559805441 -4.051119173, 39.562738995 -4.045399559, 39.563013655 -4.04154564, 39.566256209 -4.03879311, 39.570051899 -4.02982558, 39.572359837 -4.029027903, 39.573626342 -4.030040133, 39.575808397 -4.033620847, 39.566328692 -4.040828539, 39.563662173 -4.04799522, 39.564726498 -4.051025239, 39.569247009 -4.054676516, 39.571436702 -4.066752254, 39.57623951 -4.074320386, 39.573008402 -4.079461173, 39.56753039 -4.081247247, 39.564097089 -4.07722407, 39.56035098 -4.0761408, 39.557848482 -4.070199483, 39.556002134 -4.071837746, 39.547537153 -4.073263844, 39.544523481 -4.072370337, 39.544191597 -4.07402624, 39.535860134 -4.076383991, 39.533910788 -4.078791322, 39.529329241 -4.075329809, 39.527570633 -4.077800553, 39.542852623 -4.084159049, 39.544546374 -4.077011441, 39.545423774 -4.078693567, 39.552668033 -4.082125993, 39.554808124 -4.085399175, 39.557196172 -4.085090211, 39.560530281 -4.082464507, 39.563921618 -4.084796022, 39.565493307 -4.087680619, 39.575747422 -4.090568067, 39.575846608 -4.092395615, 39.577559443 -4.093769254, 39.577395411 -4.096845046, 39.578223218 -4.098192463, 39.581721366 -4.099067375, 39.584792266 -4.105949403, 39.58336936 -4.1097771, 39.575720745 -4.114930289, 39.575942003 -4.11601547, 39.577803611 -4.114286139, 39.579821627 -4.115786605, 39.577361104 -4.120609847, 39.59674015 -4.117511147, 39.60081432 -4.110551393, 39.600825759 -4.105982761, 39.599154885 -4.102835928, 39.601722224 -4.099323867, 39.606891239 -4.096705791, 39.607623666 -4.088002408, 39.609748495 -4.088217916, 39.610603011 -4.093744901, 39.614333858 -4.093162733, 39.613593795 -4.095696412, 39.631076922 -4.114227911, 39.632389211 -4.120152065, 39.638492849 -4.120617408, 39.633098766 -4.127397412, 39.630657324 -4.139168484, 39.627006592 -4.144029393, 39.643722939 -4.153677284, 39.634063952 -4.171117433, 39.630451372 -4.180347675, 39.62291339 -4.189336664, 39.61378084 -4.204994084, 39.607219458 -4.230591206, 39.60393113 -4.236763297, 39.601009034 -4.254505249, 39.598628619 -4.25800825, 39.599273324 -4.265226421, 39.598025901 -4.272500855, 39.575282278 -4.322508372, 39.565272343 -4.348822595, 39.559245025 -4.369904963, 39.551592608 -4.386094481, 39.545504257 -4.409502169, 39.543539668 -4.425922448, 39.539667686 -4.437414597, 39.535578251 -4.438946061, 39.533861601 -4.437744068, 39.536905774 -4.423222854, 39.536524291 -4.418582227, 39.53352969 -4.415472109, 39.534967857 -4.413435724, 39.533087168 -4.408805589, 39.531053892 -4.40711536, 39.529074026 -4.408600096, 39.527159008 -4.407091048, 39.522760577 -4.409156521, 39.520803596 -4.407891591, 39.521223216 -4.403178014, 39.515043285 -4.405498096, 39.511327694 -4.404270358, 39.511697732 -4.407843445, 39.51807223 -4.41742841, 39.524370452 -4.444228465, 39.519533335 -4.457439454, 39.507890639 -4.451449993, 39.500776079 -4.44567413, 39.500959193 -4.450034403, 39.498224009 -4.457381788, 39.500798985 -4.460166256, 39.500974468 -4.463088044, 39.498353721 -4.465270329, 39.497174959 -4.467414946, 39.49783873 -4.468427654, 39.494310069 -4.472148074, 39.491834281 -4.472050335, 39.479977979 -4.484035497, 39.472520116 -4.500677015, 39.466946752 -4.517199333, 39.463894951 -4.532688914, 39.4619189 -4.533594823, 39.462964154 -4.539085094, 39.461545068 -4.54749954, 39.462010477 -4.552890639, 39.458912887 -4.557949895, 39.454251239 -4.562267738, 39.455357526 -4.564465276, 39.455483424 -4.573403239, 39.45427796 -4.576416573, 39.450859926 -4.579621104, 39.450219051 -4.585302571, 39.444905071 -4.585161447, 39.442345366 -4.591676351, 39.437058087 -4.58981591, 39.436909308 -4.586785414, 39.435768691 -4.587130137, 39.435364322 -4.585257771, 39.436005196 -4.578761941, 39.434185544 -4.574429801, 39.43338825 -4.568939053, 39.434269461 -4.567527267, 39.432320106 -4.563140773, 39.42876855 -4.561360909, 39.426895492 -4.558493954, 39.427074784 -4.556196288, 39.428146735 -4.55590592, 39.42972987 -4.559107584, 39.432377324 -4.560381572, 39.430847597 -4.557967093, 39.433239455 -4.553415147, 39.435097255 -4.557611877, 39.446770466 -4.560426849, 39.447640232 -4.558563064, 39.446617868 -4.555252691, 39.449070765 -4.553134296, 39.450104565 -4.549768136, 39.449177574 -4.548692492, 39.445217839 -4.548712999, 39.449082202 -4.547163416, 39.446713226 -4.545265306, 39.448334504 -4.544413752, 39.452214117 -4.534614218, 39.454857753 -4.533535709, 39.457940093 -4.535587346, 39.460278546 -4.532971657, 39.457249608 -4.526559747, 39.46025565 -4.526792895, 39.460091612 -4.524350284, 39.458500849 -4.522451696, 39.450310528 -4.520647521, 39.453617933 -4.518012758, 39.452114912 -4.517778655, 39.450920883 -4.513663455, 39.446785663 -4.508916508, 39.445488636 -4.505362017, 39.444096244 -4.505688622, 39.445896825 -4.512734668, 39.442013387 -4.514139305, 39.440884223 -4.521503853, 39.439800825 -4.519830787, 39.436665082 -4.520276115, 39.436558265 -4.517444441, 39.433803998 -4.517066348, 39.433044855 -4.51469621, 39.431423577 -4.51517682, 39.430344 -4.518859571, 39.427765211 -4.517440638, 39.428543422 -4.514717194, 39.426201152 -4.515505813, 39.425030021 -4.518971147, 39.428348893 -4.534728201, 39.426719987 -4.537090236, 39.427379945 -4.539007897, 39.425445856 -4.539886152, 39.424953747 -4.537154605, 39.422241444 -4.53798852, 39.421261044 -4.535664154, 39.419410879 -4.535909228, 39.417514934 -4.533386518, 39.416679501 -4.535693721, 39.413734497 -4.537206589, 39.413227142 -4.544760423, 39.415874595 -4.545437466, 39.413768842 -4.547220674, 39.412353567 -4.551754025, 39.409496301 -4.551249105, 39.408336613 -4.554343493, 39.406253741 -4.549523117, 39.405067348 -4.550898667, 39.401668385 -4.550855283, 39.398647088 -4.554249577, 39.394897164 -4.553084299, 39.392116195 -4.554054099, 39.391017535 -4.549856891, 39.392699849 -4.548689223, 39.392554885 -4.546771084, 39.388454005 -4.547877249, 39.384543861 -4.547101512, 39.381568334 -4.544253153, 39.376918128 -4.547331335, 39.375460896 -4.556659317, 39.380431547 -4.557353045, 39.384036512 -4.560445044, 39.383841962 -4.562987305, 39.386752636 -4.565003183, 39.386558086 -4.567689912, 39.389018622 -4.573026177, 39.389075854 -4.582136263, 39.388488381 -4.583339689, 39.386973915 -4.582906286, 39.38663822 -4.587375268, 39.390765818 -4.597586741, 39.392108618 -4.597603904, 39.393161493 -4.595386815, 39.394172409 -4.596046695, 39.391914069 -4.601259, 39.392345145 -4.606116567, 39.397147958 -4.617232039, 39.398551806 -4.626368346, 39.401065746 -4.62961435, 39.404712682 -4.639798646, 39.404106141 -4.645905413, 39.397003035 -4.648252674, 39.38445243 -4.649082786, 39.36072453 -4.642663274, 39.350245341 -4.638525199, 39.341841395 -4.638963382, 39.331774211 -4.642378664, 39.32518228 -4.641341647, 39.322851452 -4.639777769, 39.322172418 -4.636738213, 39.320677028 -4.637417645, 39.320631247 -4.634269381, 39.319727148 -4.636667174, 39.318945116 -4.634161627, 39.318540755 -4.637807188, 39.317384878 -4.637608843, 39.317171245 -4.63303163, 39.315904745 -4.636496964, 39.312151007 -4.636670521, 39.311975525 -4.634164497, 39.308721521 -4.632944864, 39.307889898 -4.630828381, 39.310110084 -4.620613562, 39.314725955 -4.616251377, 39.316251866 -4.617390434, 39.318124918 -4.616231347, 39.319154913 -4.620989741, 39.320028492 -4.617515349, 39.321901545 -4.616881212, 39.320646481 -4.613968961, 39.323637263 -4.613071633, 39.324877067 -4.615694947, 39.326383899 -4.612147604, 39.320814325 -4.609011266, 39.318826828 -4.609084218, 39.320253549 -4.605691356, 39.319097672 -4.604949945, 39.308721493 -4.610120302, 39.315034933 -4.60127006, 39.315618589 -4.597759432, 39.318098192 -4.597749416, 39.319196849 -4.59911495, 39.321394157 -4.5982181, 39.315027294 -4.593525987, 39.315187503 -4.584117428, 39.318609352 -4.58095867, 39.317277991 -4.577458057, 39.318479643 -4.575467444, 39.320741803 -4.575222369, 39.3190633 -4.572572355, 39.32530808 -4.569330632, 39.32969507 -4.569265306, 39.330828055 -4.566397394, 39.33154142 -4.569002113, 39.337091915 -4.567769597, 39.333563242 -4.561945096, 39.327875416 -4.563793153, 39.32731464 -4.560274421, 39.324896076 -4.562392339, 39.322782692 -4.562546822, 39.319982644 -4.559345637, 39.317491596 -4.558849298, 39.314374921 -4.554327396, 39.311933465 -4.553885412, 39.309949784 -4.555631907, 39.313322046 -4.55662554, 39.321104196 -4.56669111, 39.32290477 -4.567242281, 39.323000142 -4.568952061, 39.321390308 -4.569821256, 39.316297584 -4.56894587, 39.314477939 -4.570837311, 39.30930129 -4.569853693, 39.301847224 -4.571512465, 39.29588473 -4.569388836, 39.293748461 -4.572655348, 39.288487889 -4.574177278, 39.284100904 -4.577752755, 39.282441483 -4.582783401, 39.279027265 -4.586583923, 39.277669204 -4.58485698, 39.277768384 -4.582251306, 39.274205391 -4.586567718, 39.272084376 -4.586007966, 39.274468607 -4.583609693, 39.272568847 -4.582027219, 39.272690918 -4.580353675, 39.267315902 -4.580617825, 39.262379589 -4.584229062, 39.260327236 -4.580530104, 39.252487872 -4.577230705, 39.249264383 -4.572807976, 39.246086674 -4.57113539, 39.243679547 -4.566947719, 39.244186915 -4.569399388, 39.241779795 -4.571426716, 39.242416871 -4.57886278, 39.24596843 -4.582416792, 39.24496133 -4.583213037, 39.250084573 -4.584360195, 39.251831743 -4.587055505, 39.253418695 -4.59214813, 39.252373451 -4.595803704, 39.253655213 -4.594210737, 39.256245446 -4.595530974, 39.257233472 -4.594526369, 39.267254891 -4.601190018, 39.267605852 -4.602609907, 39.269101242 -4.60204872, 39.269131762 -4.603206373, 39.265572577 -4.602656158, 39.264138226 -4.60572337, 39.262268987 -4.605697149, 39.262074429 -4.60194288, 39.260525631 -4.602151241, 39.257290698 -4.598579111, 39.257119036 -4.600994545, 39.255680868 -4.601962913, 39.257065633 -4.603789983, 39.256493419 -4.605970358, 39.253433969 -4.604596245, 39.253536972 -4.607889454, 39.255444361 -4.609969224, 39.254856887 -4.610910414, 39.253586567 -4.610024534, 39.252987651 -4.613453154, 39.250824673 -4.611888798, 39.249710762 -4.61482966, 39.246422428 -4.615436621, 39.249756536 -4.611970808, 39.248169586 -4.608244195, 39.249348348 -4.605999928, 39.247002261 -4.605087349, 39.247727065 -4.602354847, 39.244026736 -4.604038885, 39.246285084 -4.605865477, 39.244007665 -4.606563028, 39.245625132 -4.609086215, 39.241158031 -4.608346237, 39.241657774 -4.614036286, 39.238117663 -4.613594303, 39.237152527 -4.614879261, 39.23889588 -4.616525149, 39.236744352 -4.619890834, 39.234791184 -4.617041998, 39.235657136 -4.615114799, 39.234646219 -4.614083974, 39.227585075 -4.615850024, 39.228458659 -4.616700145, 39.226013391 -4.618212059, 39.226177428 -4.619369712, 39.23278462 -4.622389235, 39.230209648 -4.622887487, 39.229770952 -4.625818812, 39.226871722 -4.623955984, 39.226719135 -4.626977899, 39.222896736 -4.630959603, 39.222984481 -4.635464821, 39.229091931 -4.632712764, 39.232437489 -4.633471338, 39.22988922 -4.633698294, 39.227733876 -4.636187157, 39.22545264 -4.635554455, 39.222015531 -4.637355784, 39.21812446 -4.636208148, 39.217159324 -4.637764402, 39.215343492 -4.63754794, 39.214786537 -4.638995484, 39.216255227 -4.640849731, 39.215103166 -4.641519627, 39.214778915 -4.6456539, 39.20956031 -4.649934555, 39.213645938 -4.654447397, 39.213691721 -4.658744733, 39.215045965 -4.658309896, 39.215339699 -4.655179749, 39.217697227 -4.653577721, 39.220276013 -4.652346638, 39.220913082 -4.653848059, 39.218399157 -4.663248515, 39.215007826 -4.665890906, 39.213607803 -4.664986908, 39.215065041 -4.659893326, 39.210239354 -4.662156192, 39.214237247 -4.669763421, 39.219986115 -4.67250259, 39.219841151 -4.670485279, 39.221916386 -4.668756901, 39.225147497 -4.666855923, 39.225094092 -4.668394058, 39.220951253 -4.673388947, 39.218753951 -4.679622543, 39.212970751 -4.676964906, 39.205955384 -4.679074724, 39.207988654 -4.67541009, 39.204421838 -4.673674567, 39.207404988 -4.670615936, 39.206775548 -4.668625802, 39.202411445 -4.667948284, 39.198180866 -4.672165525, 39.197639166 -4.669994209, 39.194018944 -4.668909986, 39.191405814 -4.661247924, 38.446963456 -4.140393708, 38.832759079 -4.002451762, 38.92774692 -3.967228084, 38.946431678 -3.962045799, 39.033358729 -3.758138879, 38.932480785 -3.698146703, 38.969468776 -3.636358071, 39.05649145 -3.687444957, 39.087310899 -3.571741263, 39.289440506 -3.571889593, 39.303696315 -3.571369398, 39.307224978 -3.568690293, 39.311936224 -3.569059565, 39.31879137 -3.566705153, 39.320961978 -3.56794386)))",Kwale,Kwale,373369339,-178.51979999999998,1696.6253000000004,73185395449,0.0,0.0,0.0,0.0,0.0,50.0,50.641025641025635,0.75,1.2445533509971602,-0.75,-1.0,-0.6026258331144145,0,0,0,0,,,0.0,0.0,0.0,0.0,,0,0,0,0,,,0.0,0.0,0.0,0.0,,0,0,0,0,,,0.0,0.0,0.0,0.0,,0,0,0,0,50.0,50.64102564102564,0.75,1.2445533509971605,-0.75,-1.0,-0.6026258331144144,0,0,0,0,8.37,31.928945570485084,27.789899716741456,5.7908333333333255,11.177706258895205,2.5791666666666737,0.44538782558641715,0.23074203301899943,0.0,0.0,0.0,0.0,-0.03502734233081881,0.0,0.0,0.0,0.0,-0.06462003681304251,-0.7468445304579162,-0.03502734233081881
31,23204309,2021-02-01,Kenya,Kenya_2021-02,54986000,518560,25928.0,0.05,1.0,0.85,0.1,0.05,0.0,0.0,0.85,0.1,0.05,0.0,0.0,,,,,,Laikipia,"POLYGON ((36.831728273 0.813093651, 36.83352503 0.800347073, 36.835485824 0.797400778, 36.843302299 0.792170276, 36.843241261 0.785018888, 36.857832775 0.760136685, 36.8658438 0.736814915, 36.879065813 0.735980462, 36.881884931 0.7283782640000001, 36.887008176 0.730351658, 36.892970672 0.735498896, 36.902396983 0.7375647870000001, 36.904685849 0.735314613, 36.909835794 0.723798465, 36.911464703 0.72297647, 36.915676216 0.724397914, 36.917472976 0.728593948, 36.927151058 0.704168696, 36.926330878 0.6848288219999999, 36.927353237 0.674965127, 36.925056741 0.670416326, 36.923301942 0.66019885, 36.920143307 0.659230122, 36.914279997 0.659878624, 36.914184627 0.656813548, 36.912654902 0.655077001, 36.913467448 0.648685149, 36.91247942 0.645059183, 36.909038492 0.64288786, 36.910324071 0.6384490779999999, 36.910072295 0.631559571, 36.906783957 0.629279836, 36.89882252 0.629303677, 36.894900929 0.620830497, 36.891612592 0.620955775, 36.88854551 0.607103514, 36.888110626 0.609906054, 36.885322025 0.609425803, 36.884757438 0.6109173369999999, 36.883407007 0.608936791, 36.881198252 0.61110579, 36.880683256 0.604424226, 36.878791127 0.602913621, 36.876017785 0.603138549, 36.872107639 0.596826322, 36.868796413 0.595848595, 36.867148429 0.589510203, 36.869093964 0.584881955, 36.868422562 0.57541573, 36.86556148 0.571906758, 36.863795237 0.563163414, 37.364835506 0.508703962, 37.361802757 0.495915551, 37.359746593 0.493491348, 37.36301204 0.48533482, 37.360154772 0.479030729, 37.361249613 0.475531115, 37.358213051 0.4713251, 37.358487714 0.466125117, 37.350037985 0.458137644, 37.351434193 0.453932702, 37.348855404 0.44797241, 37.34975569 0.439896729, 37.352765547 0.432816267, 37.354184641 0.411934982, 37.356671874 0.408128133, 37.362840366 0.407252201, 37.366040963 0.405426017, 37.371461757 0.389094307, 37.370908614 0.383071109, 37.377332696 0.379879921, 37.379049344 0.375286063, 37.378313092 0.368032884, 37.379308748 0.364207589, 37.381025397 0.361078773, 37.383279929 0.361449987, 37.38402381 0.357344278, 37.391638101 0.354903804, 37.392862644 0.352570728, 37.392706237 0.335342377, 37.39384304 0.334067398, 37.392526942 0.325511765, 37.396067052 0.309676728, 37.394266478 0.305055068, 37.397043634 0.300397946, 37.392973268 0.296689407, 37.39573135 0.293813888, 37.39514006 0.290630419, 37.388891457 0.286125723, 37.387170993 0.282254747, 37.38951708 0.279822319, 37.387674544 0.27858307, 37.386976439 0.275797516, 37.38136109 0.273680519, 37.379407925 0.27504585, 37.378965411 0.27324607, 37.37635229 0.27282068, 37.374559345 0.271219693, 37.373041064 0.260864487, 37.36638428 0.259299052, 37.36503385 0.25762583, 37.366395724 0.254940046, 37.363523198 0.253347999, 37.367025162 0.247985549, 37.366990829 0.24428671, 37.36382838 0.241374269, 37.364484521 0.236038609, 37.357472963 0.235232886, 37.358907318 0.229680285, 37.355699092 0.223765409, 37.355805905 0.216512468, 37.352254349 0.21209881, 37.35180802 0.208635076, 37.348855384 0.204040638, 37.349263564 0.192709092, 37.345097829 0.190845719, 37.337147837 0.190790665, 37.341180054 0.186169824, 37.341191498 0.180770855, 37.337021949 0.180526289, 37.333767945 0.177568762, 37.324375968 0.180217625, 37.315117507 0.178154848, 37.313240638 0.1745102, 37.30657241 0.172963166, 37.303150556 0.167835284, 37.292648479 0.160039022, 37.28318402 0.148915016, 37.28121941 0.134807408, 37.282035772 0.127590958, 37.262233271 0.109883112, 37.26072262 0.105542314, 37.252932848 0.094436933, 37.24814912 0.107205508, 37.235133105 0.101371993, 37.233576676 0.079614425, 37.230654558 0.07669341, 37.220057111 0.070435235, 37.215277197 0.070371747, 37.208536488 0.065397885, 37.203943499 0.065614745, 37.202375626 0.063498656, 37.202314589 0.059103828, 37.199865503 0.061780423, 37.198396815 0.059619135, 37.188680581 0.054581968, 37.179193234 0.051814589, 37.152966651 0.049209514, 37.15017042 0.04229185, 37.138615465 0.040067089, 37.125950409 0.034975873, 37.123409769 0.036540161, 37.109710909 0.036322833, 37.104221447 0.0329047, 37.102676462 0.029341986, 37.092693194 0.02618604, 37.088104019 0.019992009, 37.094009292 0.018210756, 37.093829997 0.015597531, 37.097705809 0.01270403, 37.098213175 0.010280693, 37.099296571 0.010904622, 37.101169626 0.009656794999999999, 37.101829582 0.006184541, 37.107433488 -0.002622696, 37.109585021 -0.003888628, 37.111454261 -0.011927313, 37.11581455 -0.012931044, 37.117565532 -0.019342131, 37.121410826 -0.021277251, 37.120953053 -0.02678409, 37.118950296 -0.028818608, 37.115146964 -0.040573682, 37.107349563 -0.028610459, 37.102779461 -0.028040721, 37.100833926 -0.026449243, 37.09472647 -0.017804719, 37.090122035 -0.016737689, 37.078422118 -0.002441853, 37.079787808 0.003218577, 37.078292416 0.006826415, 37.079280442 0.01501867, 37.072059072 0.003073875, 37.07124271 -0.001112655, 37.069690096 -0.002948216, 37.062609872 -0.000949905, 37.028238743 -0.048329723, 37.000821949 -0.06416113599999999, 36.991185825 -0.066864256, 36.985101258 -0.07002860700000001, 36.980084827 -0.070408151, 36.979302798 -0.07745157599999999, 36.980248863 -0.08709909, 36.983228203 -0.098410408, 36.986119804 -0.134667832, 36.995965741 -0.145346957, 37.003515183 -0.147165019, 37.008180653 -0.146812802, 37.014841252 -0.155213281, 37.014841253 -0.161551623, 37.019079469 -0.170259381, 37.020857155 -0.178731826, 37.017412413 -0.19523288, 37.015814022 -0.197230947, 37.0165312 -0.205594773, 37.013971486 -0.208840477, 37.011056998 -0.220214753, 37.011564363 -0.226562199, 37.01494044 -0.231924498, 37.013738786 -0.24291923, 37.008394286 -0.242999824, 37.002641604 -0.24993404, 37.002588197 -0.253225234, 36.995034941 -0.254824462, 36.988973263 -0.258838059, 36.980023798 -0.256738972, 36.971642736 -0.25916985, 36.970231269 -0.260788061, 36.968751136 -0.267487649, 36.970418193 -0.268997896, 36.969815459 -0.271014081, 36.963952149 -0.273309638, 36.959870339 -0.282992471, 36.879054309 -0.258648421, 36.874247691 -0.253286271, 36.856505168 -0.253111587, 36.842836824 -0.215200925, 36.840734881 -0.200518261, 36.853567788 -0.200375281, 36.853682231 -0.196297839, 36.856024503 -0.195945532, 36.856570016 -0.193251405, 36.860091054 -0.189979, 36.867156019 -0.187484544, 36.867522238 -0.181644094, 36.870379505 -0.18195182, 36.872950663 -0.174963383, 36.872088524 -0.171138924, 36.866179436 -0.168100492, 36.86533637 -0.160334164, 36.860037646 -0.152793435, 36.862910172 -0.145994896, 36.862555398 -0.143165031, 36.849287607 -0.134430274, 36.832575073 -0.137168178, 36.830694388 -0.128362274, 36.83218978 -0.104331902, 36.792485591 -0.107547644, 36.769291753 -0.114226866, 36.766110229 -0.10955273, 36.753735096 -0.121909957, 36.742019919 -0.122596057, 36.717849497 -0.128560505, 36.712134963 -0.137672392, 36.70485637 -0.137409545, 36.657133521 -0.152962332, 36.636434544 -0.107255939, 36.595719437 -0.102443913, 36.574333802 -0.104123616, 36.569893402 -0.100155099, 36.568592563 -0.096729173, 36.565140191 -0.09475840200000001, 36.562668216 -0.089153994, 36.556144948 -0.092606487, 36.562054036 -0.076761365, 36.553306754 -0.069213289, 36.554657185 -0.063482601, 36.556782015 -0.062217229, 36.556217428 -0.056215275, 36.560860011 -0.051596491, 36.561737409 -0.044681616, 36.574616094 -0.036347901, 36.582516496 -0.024606139, 36.585896387 -0.022906815, 36.651388465 -0.017393573, 36.637384422 0.012590906, 36.61049025 0.002321829, 36.604462903 0.001535381, 36.595067109 0.0217111, 36.591012002 0.043748806, 36.578461389 0.06645485299999999, 36.563125988 0.061130032, 36.52975051 0.046738541, 36.52369646 0.045264984, 36.511821062 0.085107353, 36.466467188 0.136542, 36.446328982 0.093101793, 36.445058662 0.093616881, 36.445165475 0.088980246, 36.42418039 0.08236282, 36.402371313 0.055500479, 36.41351809 0.048469385, 36.428662752 0.045704322, 36.426598958 0.041338816, 36.420602129 0.037524525, 36.408009552 0.038726179, 36.401860133 0.035824786, 36.402180574 0.028467885, 36.3992699 0.027012702, 36.393776622 0.029805287, 36.391907381 0.033872293, 36.389759662 0.029244833, 36.390755319 0.027202295, 36.354163983 0.015407311, 36.34876226 0.031593547, 36.34482541 0.028927359, 36.329543416 0.024616101, 36.330134706 0.018823111, 36.305800247 0.014557088, 36.30146666 0.003287594, 36.296076381 0.0019591, 36.294611507 0.010815534, 36.280237429 0.001416813, 36.274469487 -0.000372539, 36.273077094 -0.002432983, 36.262330868 -0.002531146, 36.266454642 0.018966563, 36.270139716 0.019355222, 36.262582643 0.035260098, 36.260556997 0.045227767, 36.259015828 0.046131394, 36.257932431 0.056379202, 36.261129214 0.060617684, 36.272619321 0.087358835, 36.286787402 0.108371215, 36.28980489 0.109708989, 36.286241889 0.126870151, 36.278318599 0.14756416, 36.263021346 0.173724205, 36.259282865 0.174681565, 36.257077925 0.179109304, 36.254754726 0.18088018, 36.265272065 0.183945344, 36.267477006 0.189196165, 36.270368607 0.190253964, 36.278158381 0.19705109, 36.282820038 0.198886392, 36.288698609 0.204788635, 36.292540089 0.210808049, 36.291624543 0.214775205, 36.296698196 0.227166118, 36.296034425 0.231250804, 36.297644262 0.239592463, 36.297220822 0.244951442, 36.29495103 0.248014581, 36.296694383 0.256392431, 36.300871564 0.262963378, 36.271211678 0.280298835, 36.250260926 0.29682225, 36.243279886 0.308468917, 36.250096892 0.317073782, 36.266607246 0.325482623, 36.261487816 0.333442743, 36.260907973 0.361285356, 36.2590044 0.37082775, 36.260270906 0.372319253, 36.257871412 0.374848829, 36.257066494 0.379005556, 36.25842837 0.382250234, 36.256082282 0.384436399, 36.256276837 0.392217244, 36.253701863 0.398542196, 36.244595993 0.410494788, 36.244420514 0.420299657, 36.240773588 0.424148018, 36.238683091 0.428990973, 36.236977886 0.430716375, 36.235139164 0.430525925, 36.281420045 0.532381675, 36.294561954 0.563972496, 36.278036352 0.630721405, 36.288790209 0.643812882, 36.291708513 0.6451248429999999, 36.347907803 0.659795636, 36.40545753 0.715599828, 36.469339795 0.820915725, 36.475199295 0.836402384, 36.489611522 0.845820871, 36.488806603 0.839863913, 36.485293192 0.830741752, 36.483740575 0.81400136, 36.499625303 0.810920129, 36.669947433 0.810390077, 36.674506091 0.814180358, 36.688201138 0.814965756, 36.703391576 0.813374449, 36.708598745 0.811479069, 36.736305467 0.824241554, 36.743412396 0.8331321699999999, 36.74994711 0.845611562, 36.756581008 0.85496318, 36.776383512 0.862180064, 36.794011593 0.866629332, 36.815851183 0.853334197, 36.817628867 0.843806343, 36.822038746 0.832046789, 36.831728273 0.813093651))",Laikipia,Laikipia,963223359,43.633399999999966,4067.1035000000006,188265548848,0.0,0.0,0.0,0.0,0.0,0.0,40.74074074074074,0.0,0.8329709356935243,0.0,0.0,0.0,0,0,0,0,,,0.0,0.0,0.0,0.0,,0,0,0,0,,,0.0,0.0,0.0,0.0,,0,0,0,0,,,0.0,0.0,0.0,0.0,,0,0,0,0,0.0,40.74074074074074,0.0,0.8329709356935243,0.0,0.0,0.0,0,0,0,0,,,,,,,,,,,,,,,,,,,,
32,23204309,2021-02-01,Kenya,Kenya_2021-02,54986000,143920,21588.0,0.15,2.0,0.4,0.45,0.15,0.0,0.0,0.4,0.45,0.15,0.0,0.0,,,,,,Lamu county,"MULTIPOLYGON (((40.999132823 -2.093762259, 40.999262527 -2.095498025, 40.996973663 -2.094723475, 40.995409608 -2.09733845, 40.996138232 -2.101451507, 40.99447499 -2.099003413, 40.992773602 -2.099647562, 40.995485902 -2.093830204, 40.999132823 -2.093762259)), ((41.134038415 -2.094858328, 41.137765447 -2.095956143, 41.133794271 -2.098438808, 41.135983953 -2.102341599, 41.135056965 -2.105507031, 41.1400238 -2.109523535, 41.144414602 -2.10887557, 41.146661501 -2.106259642, 41.151227783 -2.107591324, 41.152189108 -2.110971073, 41.155145557 -2.112431727, 41.15437879 -2.1162661, 41.151296455 -2.118060514, 41.149545475 -2.117014192, 41.142110485 -2.11857045, 41.128972408 -2.11257645, 41.125573443 -2.107445917, 41.131055268 -2.102438629, 41.132909244 -2.097490705, 41.132306508 -2.094381536, 41.133946859 -2.09359268, 41.134038415 -2.094858328)), ((41.11229801 -2.058796074, 41.109211858 -2.05653989, 41.109764999 -2.053546581, 41.111847864 -2.053254543, 41.113118184 -2.054844172, 41.113595032 -2.057320636, 41.11229801 -2.058796074)), ((41.107178584 -2.05521369, 41.104218321 -2.055416567, 41.103810139 -2.052334098, 41.105934967 -2.05196053, 41.107178584 -2.05521369)), ((40.971986883 -2.052168249, 40.974275747 -2.052852685, 40.972700247 -2.054364598, 40.970945451 -2.053408389, 40.968626071 -2.055165374, 40.96679498 -2.054851169, 40.965978617 -2.051443288, 40.968584102 -2.043727339, 40.971216296 -2.045921303, 40.971986883 -2.052168249)), ((41.240584959 -2.043260643, 41.239822005 -2.043415601, 41.241668353 -2.041939448, 41.241653095 -2.042897564, 41.240584959 -2.043260643)), ((41.242915783 -2.041539894, 41.242862376 -2.040400835, 41.24503298 -2.039204559, 41.244727799 -2.040090918, 41.242915783 -2.041539894)), ((41.248599792 -2.038946373, 41.248176352 -2.038820262, 41.249049934 -2.038059776, 41.249210155 -2.038529656, 41.248599792 -2.038946373)), ((41.041579755 -2.031529254, 41.04075195 -2.031910212, 41.043525287 -2.02793733, 41.044227205 -2.029030617, 41.041579755 -2.031529254)), ((41.059642692 -2.018513976, 41.058765295 -2.018053871, 41.060371312 -2.015827722, 41.06216044 -2.015653691, 41.059642692 -2.018513976)), ((41.069248287 -2.01776016, 41.06960306 -2.016014858, 41.073196575 -2.014672206, 41.072475583 -2.015758103, 41.069248287 -2.01776016)), ((41.048698188 -2.152159643, 41.055488483 -2.153542817, 41.060916906 -2.157911433, 41.061164868 -2.16156367, 41.058994265 -2.164676893, 41.053413255 -2.166673707, 41.047408803 -2.164530048, 41.042712816 -2.160883535, 41.041888825 -2.159320607, 41.04302181 -2.156335403, 41.048698188 -2.152159643)), ((41.024024237 -2.141442297, 41.028083156 -2.144411525, 41.025832443 -2.147560985, 41.021308122 -2.144565295, 41.020014915 -2.146266733, 41.01925196 -2.144576978, 41.022036741 -2.14067633, 41.024024237 -2.141442297)), ((40.985296675 -2.144522167, 40.987383356 -2.146029548, 40.988111977 -2.145269062, 40.988848229 -2.147230112, 40.989763774 -2.1465688, 40.989641703 -2.149860104, 40.980284071 -2.155830993, 40.976267116 -2.155528709, 40.975954304 -2.153639415, 40.978151612 -2.152687257, 40.97917397 -2.15029876, 40.978151609 -2.146665357, 40.984014911 -2.143737127, 40.985296675 -2.144522167)), ((41.087238774 -2.058114989, 41.091404504 -2.056771383, 41.096947368 -2.058536231, 41.099098902 -2.062203962, 41.098980641 -2.058126664, 41.096481964 -2.054775761, 41.102959446 -2.054730939, 41.104534948 -2.056736093, 41.107674506 -2.057292509, 41.109333934 -2.061657075, 41.111348134 -2.062549392, 41.11396507 -2.067970531, 41.115967826 -2.068302378, 41.118043063 -2.071454935, 41.120587516 -2.070773358, 41.115140017 -2.063367091, 41.119935185 -2.061697119, 41.121030026 -2.064200045, 41.124325989 -2.065334812, 41.126309672 -2.067945016, 41.127930952 -2.072499345, 41.129159308 -2.071620853, 41.129437788 -2.073256731, 41.133214412 -2.0739569, 41.132344645 -2.075766331, 41.127106964 -2.076243366, 41.127133668 -2.077265134, 41.137650993 -2.07697047, 41.14327015 -2.074024598, 41.140142037 -2.072745125, 41.138059169 -2.067730214, 41.135003536 -2.067218855, 41.135991561 -2.065074953, 41.140119145 -2.067483234, 41.143426555 -2.071845414, 41.155809305 -2.074106838, 41.161718388 -2.076557791, 41.163625775 -2.078697877, 41.164632879 -2.085422808, 41.163793629 -2.086183294, 41.162332571 -2.084955791, 41.158708543 -2.094218696, 41.151407074 -2.100855664, 41.152253952 -2.098422348, 41.150853929 -2.095938256, 41.15190299 -2.093414349, 41.149057171 -2.09437652, 41.14576884 -2.099426002, 41.13725427 -2.099961923, 41.138242295 -2.097673314, 41.141328445 -2.097515255, 41.13689186 -2.087052027, 41.131699954 -2.085838591, 41.131032369 -2.084266366, 41.126218127 -2.084932925, 41.122517797 -2.082750168, 41.119195131 -2.083839404, 41.116826157 -2.082115797, 41.116250127 -2.083210515, 41.112332357 -2.082989762, 41.106385133 -2.09199377, 41.104279379 -2.09281028, 41.104645599 -2.095522042, 41.101437375 -2.094712687, 41.095101044 -2.102433406, 41.099171408 -2.106839928, 41.103760578 -2.107475491, 41.107243467 -2.110246373, 41.107083248 -2.113447325, 41.104962235 -2.113703365, 41.108670194 -2.114954945, 41.109887109 -2.119274931, 41.107590617 -2.121050034, 41.10740751 -2.123644982, 41.106629296 -2.122750995, 41.105908304 -2.123927483, 41.107449474 -2.126637575, 41.105328462 -2.127969499, 41.106923037 -2.129251118, 41.109654413 -2.128831539, 41.111630467 -2.13282492, 41.11340052 -2.130218767, 41.114201625 -2.135009347, 41.111847913 -2.139460692, 41.108509989 -2.141553816, 41.100098418 -2.143473153, 41.092892314 -2.143067168, 41.089901532 -2.140322747, 41.084084005 -2.140547797, 41.078422883 -2.139045663, 41.080280673 -2.133021616, 41.079838161 -2.1365301, 41.08210032 -2.134791233, 41.082935756 -2.136119102, 41.081955361 -2.138199829, 41.083244754 -2.138948633, 41.085556506 -2.139939885, 41.087193042 -2.138156676, 41.088703693 -2.13915818, 41.089798532 -2.138406276, 41.090088453 -2.135521676, 41.085041509 -2.135275415, 41.084251851 -2.133875074, 41.085117803 -2.132490704, 41.083111233 -2.131815327, 41.08499191 -2.122572687, 41.093186039 -2.120681004, 41.092796929 -2.115374294, 41.089718409 -2.116888353, 41.08998926 -2.120703415, 41.087776693 -2.121917809, 41.082828933 -2.120866721, 41.079319341 -2.116079718, 41.076229376 -2.116762011, 41.07516887 -2.11802909, 41.077656101 -2.118170458, 41.075817383 -2.12122885, 41.080273037 -2.122298772, 41.079758045 -2.125499963, 41.077652291 -2.126407063, 41.077240295 -2.124246713, 41.073055491 -2.126386087, 41.071968281 -2.125655163, 41.067962773 -2.130262658, 41.064125114 -2.13179579, 41.07426859 -2.129232304, 41.07764085 -2.132310957, 41.069996048 -2.133442392, 41.062297841 -2.136463598, 41.058319035 -2.139705795, 41.055862322 -2.139510073, 41.052860095 -2.136973534, 41.049297098 -2.136743245, 41.049247505 -2.13467277, 41.054267745 -2.135289976, 41.054935327 -2.129773715, 41.059551196 -2.12162126, 41.058914129 -2.120953273, 41.054355479 -2.125154541, 41.05281431 -2.123302915, 41.053928221 -2.119694065, 41.052268793 -2.115528084, 41.054111327 -2.114639578, 41.054668281 -2.109937442, 41.057807836 -2.106072553, 41.057170768 -2.10357797, 41.051852982 -2.113846911, 41.044707915 -2.114435039, 41.045589127 -2.11404526, 41.037291998 -2.113124816, 41.030867924 -2.116541997, 41.028098403 -2.122458766, 41.024043302 -2.125565316, 41.021845993 -2.12520653, 41.014533078 -2.128552432, 41.010317754 -2.126885327, 41.006911165 -2.131627515, 41.016715133 -2.13839583, 41.017005056 -2.139887478, 41.01388839 -2.143101305, 41.007967864 -2.143787176, 40.99580637 -2.14241974, 40.993376359 -2.138987068, 40.984663418 -2.135924391, 40.98564381 -2.129204941, 40.983755494 -2.121540012, 40.978960326 -2.12191692, 40.975900877 -2.119832142, 40.974817483 -2.120764989, 40.970052831 -2.118727654, 40.972345504 -2.109284998, 40.988157731 -2.104092947, 40.992521827 -2.09976533, 40.995211242 -2.101009759, 40.996176381 -2.103341278, 40.994711511 -2.108786259, 40.995844501 -2.113658133, 41.000609154 -2.117413355, 41.000456561 -2.114520173, 41.002112172 -2.115069676, 41.005457731 -2.121068927, 41.006583088 -2.120217612, 41.005194507 -2.113790676, 41.0030239 -2.110429999, 41.004771065 -2.109306673, 41.004229365 -2.104886084, 41.006354191 -2.10132086, 41.013365742 -2.101592151, 41.020587107 -2.105271562, 41.025832415 -2.099405808, 41.028598124 -2.098877758, 41.030509324 -2.09655172, 41.04482616 -2.092536635, 41.043559654 -2.088587356, 41.048274712 -2.089349508, 41.049358109 -2.092639143, 41.049819695 -2.089718306, 41.054370718 -2.090272814, 41.060924498 -2.093808472, 41.061275459 -2.097605416, 41.058113017 -2.103178894, 41.060790985 -2.101077902, 41.063182848 -2.10211445, 41.064674425 -2.104707251, 41.066597069 -2.103538391, 41.068214533 -2.104105774, 41.068519714 -2.102631767, 41.072464188 -2.102364284, 41.071712677 -2.10054794, 41.066711511 -2.100464266, 41.064491312 -2.098143475, 41.063144694 -2.091508896, 41.060394241 -2.08761588, 41.065784513 -2.086623193, 41.069187288 -2.083354772, 41.075771583 -2.082161593, 41.078731845 -2.079273654, 41.080677376 -2.074940316, 41.079235391 -2.074101399, 41.081276294 -2.073990305, 41.083309566 -2.070126847, 41.082821274 -2.068445912, 41.077488222 -2.066201649, 41.081886652 -2.064505216, 41.080929144 -2.06335829, 41.083111192 -2.0614206, 41.08237494 -2.057949545, 41.085094869 -2.052313369, 41.087238774 -2.058114989)), ((40.784063755 -2.339172941, 40.786463249 -2.342994915, 40.785791852 -2.346395883, 40.784948786 -2.344534005, 40.783987465 -2.347456034, 40.783117692 -2.339852373, 40.781935114 -2.341409104, 40.780767793 -2.34067818, 40.781729115 -2.339410863, 40.778715443 -2.336973259, 40.784063755 -2.339172941)), ((40.746087649 -2.259606643, 40.749116578 -2.259422122, 40.750058827 -2.260696114, 40.750917153 -2.264664941, 40.749597243 -2.265932497, 40.74567184 -2.26203972, 40.743623308 -2.263452937, 40.742585689 -2.261943887, 40.743093052 -2.259465514, 40.746087649 -2.259606643)), ((40.722771762 -2.261334795, 40.721287815 -2.260739758, 40.721905807 -2.257872322, 40.723752158 -2.260248421, 40.722771762 -2.261334795)), ((40.89210949 -2.251176369, 40.895210903 -2.257836455, 40.90100173 -2.26263037, 40.904862287 -2.275202932, 40.912613911 -2.285925532, 40.916031951 -2.293760437, 40.914097865 -2.299586137, 40.910462389 -2.300956444, 40.900761421 -2.297822726, 40.884846193 -2.297798658, 40.863483473 -2.304509299, 40.848117577 -2.313291366, 40.825053478 -2.333992794, 40.819239767 -2.336812553, 40.815100739 -2.335805092, 40.815417354 -2.317755603, 40.814116511 -2.31002583, 40.815333423 -2.308505335, 40.813307776 -2.304285, 40.81382658 -2.296815078, 40.819850097 -2.283442451, 40.82221907 -2.281874991, 40.825022928 -2.282992832, 40.827384269 -2.278920538, 40.829692207 -2.279794737, 40.83091675 -2.282126256, 40.833041578 -2.281418217, 40.83393805 -2.282601617, 40.844585079 -2.28295849, 40.846042321 -2.281781286, 40.84630554 -2.280876571, 40.841674407 -2.28147042, 40.841601925 -2.27968912, 40.843448275 -2.279542028, 40.843875528 -2.278040367, 40.842391581 -2.276532271, 40.83930543 -2.276147262, 40.839015507 -2.274447732, 40.837100491 -2.273618351, 40.838763731 -2.272820437, 40.835570765 -2.271052251, 40.837356078 -2.2704441, 40.837874885 -2.267034312, 40.841929988 -2.267942362, 40.84004549 -2.266696979, 40.843970888 -2.2619176, 40.850093597 -2.261755963, 40.851257101 -2.259322171, 40.853401004 -2.260829313, 40.855907309 -2.260256444, 40.858829425 -2.262377696, 40.860778772 -2.259978948, 40.867263886 -2.262258254, 40.8672677 -2.260124365, 40.86969008 -2.260148442, 40.869209417 -2.257481499, 40.87049118 -2.256530295, 40.871338062 -2.26044453, 40.873916847 -2.260025427, 40.875679269 -2.25482361, 40.876648224 -2.259678081, 40.878048245 -2.260083354, 40.879871705 -2.258353785, 40.87999759 -2.253723884, 40.886116484 -2.25262201, 40.8865857 -2.251138467, 40.887341025 -2.252050573, 40.887974275 -2.248423844, 40.89210949 -2.251176369)), ((40.75664695 -2.279180912, 40.757394646 -2.279650076, 40.75784479 -2.28140396, 40.754258903 -2.279527304, 40.75664695 -2.279180912)), ((40.761545123 -2.287503337, 40.761426865 -2.288308164, 40.760217582 -2.287414416, 40.760785981 -2.284375334, 40.761545123 -2.287503337)), ((40.796438845 -2.290769349, 40.797915162 -2.289736614, 40.798762042 -2.290829901, 40.794111836 -2.292797868, 40.792727072 -2.291217299, 40.79517997 -2.289414542, 40.796438845 -2.290769349)), ((40.804991555 -2.274744081, 40.804064565 -2.275134098, 40.806765422 -2.272246159, 40.806425908 -2.273313461, 40.804991555 -2.274744081)), ((40.79127745 -2.27724797, 40.79220444 -2.276641011, 40.792833878 -2.277607709, 40.792418069 -2.280411493, 40.789312846 -2.283101086, 40.788202751 -2.287985596, 40.786966765 -2.28795103, 40.785387451 -2.291533894, 40.778124124 -2.290774367, 40.779833142 -2.290211512, 40.784002684 -2.283360942, 40.787321535 -2.282443589, 40.787603826 -2.279404747, 40.789144994 -2.278652366, 40.788603294 -2.275623536, 40.79127745 -2.27724797)), ((40.760248095 -2.278470964, 40.761739671 -2.278686235, 40.761590897 -2.281914842, 40.758771779 -2.280100645, 40.758916739 -2.278644518, 40.760248095 -2.278470964)), ((40.973016973 -2.225679318, 40.975469872 -2.22755669, 40.97643883 -2.237817759, 40.986059694 -2.252425271, 40.985067856 -2.25569965, 40.985666777 -2.26011118, 40.989821065 -2.261235694, 40.978647604 -2.271178988, 40.970907439 -2.283567752, 40.969637124 -2.289148381, 40.970854038 -2.291479423, 40.968828394 -2.291744521, 40.96566595 -2.294886353, 40.961092042 -2.300995985, 40.961275153 -2.303988579, 40.959569952 -2.307851798, 40.950696798 -2.316272927, 40.929372227 -2.322740166, 40.924504578 -2.322195194, 40.915581824 -2.318464053, 40.912751259 -2.311993731, 40.913422657 -2.309669125, 40.915188894 -2.306257668, 40.92048761 -2.302787562, 40.924012453 -2.292465699, 40.923005361 -2.304483991, 40.925183595 -2.303070536, 40.927846306 -2.303636488, 40.927247386 -2.301620845, 40.924840265 -2.302067363, 40.924851706 -2.297799348, 40.928346033 -2.290913734, 40.929601093 -2.291110888, 40.927708968 -2.293871284, 40.928365111 -2.296592105, 40.931409299 -2.296334634, 40.933835492 -2.293220934, 40.938523846 -2.292202023, 40.943605125 -2.296923943, 40.946729423 -2.297000943, 40.947675488 -2.29889858, 40.952504987 -2.296079775, 40.951974735 -2.298223438, 40.953267943 -2.298276123, 40.953275572 -2.297209059, 40.954194933 -2.298989167, 40.955232551 -2.298273261, 40.956739387 -2.299790178, 40.95749471 -2.296859567, 40.956628756 -2.296381582, 40.960454971 -2.293898917, 40.963476267 -2.28880414, 40.964872469 -2.281677271, 40.955350803 -2.289846177, 40.953042866 -2.28926163, 40.951783989 -2.285999172, 40.948789393 -2.286382993, 40.944482514 -2.282889531, 40.934121595 -2.286339614, 40.928262103 -2.282938651, 40.915486419 -2.262258462, 40.91159535 -2.258881814, 40.911290167 -2.257046637, 40.909237821 -2.258785504, 40.908440533 -2.257936573, 40.910057995 -2.256767952, 40.909363704 -2.251813831, 40.905785445 -2.247550586, 40.905869367 -2.243038452, 40.902920545 -2.238132488, 40.902817539 -2.22631445, 40.904736369 -2.224548883, 40.908203998 -2.226406944, 40.911728847 -2.226004528, 40.917615042 -2.229251964, 40.923978086 -2.236477287, 40.925179738 -2.235363497, 40.924271822 -2.233646803, 40.925793916 -2.233699011, 40.929490434 -2.241036382, 40.933000023 -2.239404077, 40.93274062 -2.240561732, 40.938882403 -2.241078095, 40.934934116 -2.245152297, 40.934461087 -2.249149494, 40.932588035 -2.250499059, 40.933370064 -2.252966702, 40.93192427 -2.259315922, 40.936540146 -2.262772909, 40.937783761 -2.262409592, 40.93866116 -2.264126286, 40.940381622 -2.263292135, 40.939778887 -2.261683434, 40.943154959 -2.260883373, 40.940114585 -2.258753539, 40.937047509 -2.259200773, 40.936311256 -2.256995366, 40.942765845 -2.249020755, 40.944673227 -2.241567758, 40.949819354 -2.240991074, 40.949586651 -2.237754362, 40.946111391 -2.234024648, 40.946946826 -2.233544517, 40.952821576 -2.235851239, 40.955095179 -2.234112134, 40.956869052 -2.240167886, 40.963254981 -2.241217304, 40.963232093 -2.242835779, 40.965742214 -2.243980797, 40.962022814 -2.249148524, 40.960294722 -2.248689849, 40.959176996 -2.251403996, 40.952928401 -2.253663762, 40.953836317 -2.254828806, 40.957418388 -2.254417093, 40.957796053 -2.258621218, 40.959478369 -2.261141546, 40.964960196 -2.260419916, 40.967386388 -2.255778093, 40.96682943 -2.25419657, 40.974653526 -2.25259454, 40.972807174 -2.247895265, 40.969251807 -2.248216626, 40.970594604 -2.244516709, 40.969030545 -2.241200374, 40.973634973 -2.237306162, 40.970442005 -2.231505734, 40.96540269 -2.229260994, 40.966760747 -2.225904606, 40.969103017 -2.225973978, 40.966871375 -2.225126956, 40.966684449 -2.222622599, 40.973016973 -2.225679318)), ((40.788469775 -2.272829527, 40.787920448 -2.271808475, 40.78977824 -2.269959946, 40.789579873 -2.271815387, 40.788469775 -2.272829527)), ((40.757016974 -2.264946722, 40.759069322 -2.265758223, 40.760511308 -2.268749624, 40.76598932 -2.266852937, 40.765398032 -2.270507081, 40.762723876 -2.269289591, 40.758924365 -2.272124607, 40.756952127 -2.271927931, 40.757264936 -2.267406261, 40.754968442 -2.265865028, 40.757016974 -2.264946722)), ((40.795256255 -2.272667413, 40.791773368 -2.273467475, 40.791147745 -2.272527954, 40.801192033 -2.260976913, 40.805769759 -2.259813773, 40.798029591 -2.267319697, 40.795256255 -2.272667413)), ((40.800875406 -2.258816086, 40.794939625 -2.266609277, 40.791784809 -2.2678611, 40.798510247 -2.259488128, 40.800875406 -2.258816086)), ((40.726556015 -2.258716721, 40.727067195 -2.260361896, 40.726689533 -2.260959318, 40.724755441 -2.257488979, 40.726556015 -2.258716721)), ((40.815325762 -2.2587889, 40.814654362 -2.258554556, 40.815150282 -2.257007838, 40.815978088 -2.257549236, 40.815325762 -2.2587889)), ((40.771329994 -2.255768918, 40.770036786 -2.25508329, 40.771661878 -2.253833375, 40.772218835 -2.255107605, 40.771329994 -2.255768918)), ((40.962301295 -2.252403353, 40.961534525 -2.251011832, 40.963327467 -2.250738152, 40.96295362 -2.251543456, 40.962301295 -2.252403353)), ((40.81782061 -2.23758995, 40.817885463 -2.240546784, 40.810187253 -2.240728208, 40.81247993 -2.238274628, 40.81782061 -2.23758995)), ((40.932195102 -2.231746538, 40.933629457 -2.233806285, 40.933392942 -2.234647348, 40.929875721 -2.232391641, 40.930776006 -2.23114268, 40.932195102 -2.231746538)), ((40.941678624 -2.230070365, 40.943395272 -2.231677396, 40.942964204 -2.232573291, 40.939549981 -2.22993758, 40.941182702 -2.227900956, 40.941678624 -2.230070365)), ((40.991728431 -2.228429927, 40.992624904 -2.231792035, 40.991427067 -2.233484652, 40.988726208 -2.233117523, 40.983286341 -2.228766787, 40.983580077 -2.226804305, 40.98705915 -2.228617071, 40.9900423 -2.226578539, 40.991728431 -2.228429927)), ((40.823558037 -2.252240853, 40.824622358 -2.252628247, 40.823725888 -2.254121326, 40.817023334 -2.256281919, 40.816706707 -2.25446486, 40.818595018 -2.252346466, 40.82139506 -2.250986649, 40.823882289 -2.247673887, 40.825999488 -2.247183027, 40.823558037 -2.252240853)), ((41.245967599 -2.038552305, 41.249358929 -2.034687416, 41.250282104 -2.035391163, 41.247573617 -2.037754391, 41.245967599 -2.038552305)), ((41.260135657 -2.032538741, 41.259475702 -2.032467222, 41.259761809 -2.031888395, 41.260120398 -2.0323218, 41.260135657 -2.032538741)), ((41.536923854 -1.6890943, 41.521077301 -1.702889611, 41.50351029 -1.727045643, 41.492508499 -1.74714404, 41.482746502 -1.752842322, 41.468914149 -1.768922664, 41.460819207 -1.775531859, 41.459239894 -1.779800234, 41.450229408 -1.787450269, 41.441077777 -1.799818772, 41.425727142 -1.810731389, 41.423232284 -1.815236253, 41.42381976 -1.817820711, 41.422625738 -1.819548731, 41.425036674 -1.820114922, 41.423564173 -1.823000357, 41.419848587 -1.824858423, 41.418509605 -1.831314206, 41.41501909 -1.831915563, 41.394278187 -1.851432158, 41.393446569 -1.856215112, 41.395678211 -1.856085542, 41.390795307 -1.863938332, 41.385378334 -1.86823031, 41.382295995 -1.860370253, 41.379026735 -1.859181489, 41.373705129 -1.860246291, 41.371656598 -1.863078445, 41.367025466 -1.864259822, 41.366121367 -1.866792072, 41.370638055 -1.865095639, 41.37774116 -1.864769628, 41.379022925 -1.869133956, 41.38378376 -1.870139868, 41.384432273 -1.872950207, 41.390474868 -1.867735276, 41.389925544 -1.872346107, 41.382620259 -1.876993297, 41.360849368 -1.896692862, 41.353750084 -1.907893577, 41.352109734 -1.911701488, 41.352582767 -1.914457949, 41.341943371 -1.916886145, 41.32306408 -1.941970136, 41.322793233 -1.944790965, 41.325600905 -1.9448955, 41.326016716 -1.947597846, 41.320546337 -1.95280324, 41.317570815 -1.953051532, 41.314267225 -1.956581593, 41.313996377 -1.959348187, 41.315617657 -1.962328979, 41.313626347 -1.964989487, 41.311875364 -1.958962343, 41.303795678 -1.958494494, 41.300080091 -1.960298563, 41.297753083 -1.964107547, 41.296589581 -1.970735452, 41.28340955 -1.98036311, 41.277717915 -1.986843689, 41.276615444 -1.984440531, 41.277824722 -1.975227095, 41.276581102 -1.968213703, 41.283680386 -1.957066628, 41.282101068 -1.951662891, 41.282421507 -1.947404649, 41.280289048 -1.945409746, 41.279415464 -1.942364348, 41.27213688 -1.942238598, 41.270809338 -1.940116034, 41.268169515 -1.939098081, 41.267383674 -1.94198292, 41.262622839 -1.941148534, 41.262607578 -1.938617357, 41.260028792 -1.93823211, 41.258033668 -1.940024735, 41.258331221 -1.942040259, 41.250880972 -1.941453569, 41.252914248 -1.94673036, 41.247550681 -1.950217987, 41.248721818 -1.954872205, 41.246440586 -1.956439188, 41.242179484 -1.952892086, 41.239837215 -1.954061423, 41.237597943 -1.952699344, 41.24169882 -1.948761386, 41.241801818 -1.946681971, 41.238254081 -1.94704827, 41.237079128 -1.942231346, 41.24062305 -1.94059034, 41.243091208 -1.941328415, 41.24426997 -1.937059802, 41.248672216 -1.935426783, 41.253742045 -1.930963159, 41.253841228 -1.928259979, 41.251838473 -1.928380251, 41.252628129 -1.926137176, 41.250957258 -1.924539323, 41.253185084 -1.923370105, 41.250598668 -1.921890975, 41.251380695 -1.918319076, 41.249198645 -1.917065349, 41.252448829 -1.914683526, 41.252437384 -1.912902584, 41.244895582 -1.915886718, 41.245135913 -1.918010952, 41.243030161 -1.92067146, 41.239490054 -1.922592701, 41.237475854 -1.921166971, 41.24172932 -1.913377714, 41.241885724 -1.910557004, 41.237502554 -1.915354025, 41.237407181 -1.909089317, 41.235969012 -1.907545222, 41.237327069 -1.904659668, 41.227938916 -1.90592842, 41.224173738 -1.908762959, 41.221560622 -1.912870655, 41.219790568 -1.913397393, 41.219706641 -1.909085155, 41.22261731 -1.906649573, 41.225672939 -1.900299279, 41.223151375 -1.900085558, 41.221812388 -1.896010048, 41.218886458 -1.895507509, 41.210677073 -1.902289423, 41.203345082 -1.902398255, 41.201288921 -1.903964999, 41.201143962 -1.908621006, 41.196184761 -1.913030156, 41.193892083 -1.912752782, 41.192823949 -1.916442687, 41.190374867 -1.919103792, 41.183473947 -1.923985564, 41.180132206 -1.921123971, 41.181406341 -1.923192657, 41.177835718 -1.93017661, 41.174963194 -1.928408304, 41.169958217 -1.93487887, 41.165372861 -1.93468589, 41.163145035 -1.93618946, 41.161779348 -1.937691956, 41.163450219 -1.938892282, 41.166139632 -1.938472941, 41.166154893 -1.941691415, 41.150373191 -1.957099122, 41.149545383 -1.952209129, 41.14761511 -1.955393991, 41.145719168 -1.954365787, 41.14288098 -1.959161019, 41.13666672 -1.964259017, 41.134438894 -1.965084586, 41.132363657 -1.963197796, 41.129899314 -1.963092426, 41.128819735 -1.964657859, 41.12901429 -1.968798333, 41.127248052 -1.970301425, 41.124116121 -1.963705586, 41.121106268 -1.968329291, 41.122681771 -1.973037625, 41.119607067 -1.976504273, 41.115674034 -1.969683388, 41.117260977 -1.966797237, 41.113808608 -1.964233998, 41.112164442 -1.967065913, 41.108841776 -1.966907381, 41.105908216 -1.96508484, 41.104904933 -1.970040631, 41.100102137 -1.971854952, 41.097576757 -1.971008287, 41.094612681 -1.973615872, 41.09459742 -1.970505749, 41.086948805 -1.975334359, 41.084442502 -1.978393467, 41.077572098 -1.979071113, 41.070278258 -1.985391133, 41.066139229 -1.983226374, 41.068447168 -1.985800342, 41.067192109 -1.987248483, 41.067729994 -1.990990954, 41.066017162 -1.992322162, 41.061832357 -1.991775878, 41.063278156 -1.993835505, 41.062946273 -1.996367517, 41.064498885 -1.997332904, 41.062560982 -1.999134588, 41.062175692 -2.001720954, 41.063957191 -2.003065868, 41.063056905 -2.004341767, 41.065830245 -2.005025488, 41.063388792 -2.007804241, 41.061550071 -2.005708973, 41.060253049 -2.00641582, 41.062354993 -2.015101803, 41.060317905 -2.014896544, 41.058307517 -2.008136092, 41.057365268 -2.007703402, 41.056331465 -2.009241538, 41.054504189 -2.007905803, 41.052699803 -2.009843015, 41.054969594 -2.013031808, 41.051791889 -2.013352215, 41.051212046 -2.017457645, 41.049304659 -2.01600438, 41.04273181 -2.020424974, 41.043601579 -2.022015079, 41.042361779 -2.024050988, 41.044932936 -2.02502436, 41.045936222 -2.02747317, 41.043475694 -2.026418505, 41.037574244 -2.030232378, 41.037658172 -2.035729568, 41.031573614 -2.042138628, 41.031688059 -2.045248751, 41.029048238 -2.046409506, 41.022326606 -2.039076189, 41.022898823 -2.041787951, 41.020819775 -2.046890119, 41.014407145 -2.05013494, 41.015860575 -2.052456923, 41.011038703 -2.051486412, 41.012877421 -2.049504143, 41.01029482 -2.048747712, 41.006884412 -2.044249406, 41.009421234 -2.041813944, 41.008776537 -2.040847246, 41.010996732 -2.037878967, 41.007857172 -2.032494064, 41.001845094 -2.036588293, 41.000429813 -2.035396548, 40.996012307 -2.035564859, 40.991873281 -2.037369286, 40.992453128 -2.040442696, 40.990408408 -2.036412839, 40.990503775 -2.031855648, 40.98838276 -2.029498382, 40.989843817 -2.027932354, 40.989233452 -2.025527885, 40.985075349 -2.023525832, 40.982588116 -2.020165393, 40.982878038 -2.017913498, 40.985914594 -2.014537322, 40.987539687 -2.013712469, 40.986479181 -2.015440845, 40.989466148 -2.017145857, 40.990549542 -2.014350655, 40.989092298 -2.011775733, 40.989481402 -2.006404416, 40.988077566 -2.007789502, 40.98638762 -2.003333869, 40.986013768 -1.996218562, 40.9889931 -1.98642272, 40.993296163 -1.987258417, 40.992582799 -1.983172417, 40.993834043 -1.981552392, 40.991133183 -1.979846784, 40.990358776 -1.964431576, 40.991896129 -1.962757077, 40.995504903 -1.962499487, 40.99320841 -1.961598111, 40.993479257 -1.958894334, 40.986822479 -1.956569493, 40.984495465 -1.950378689, 40.989412705 -1.948790488, 40.987680797 -1.946559215, 40.991220904 -1.944294563, 41.002428697 -1.930411405, 41.005312661 -1.924006519, 41.009402098 -1.927491757, 41.009367762 -1.921687036, 41.014933515 -1.923199421, 41.012225026 -1.920453927, 41.011790139 -1.914704037, 41.013033753 -1.911764009, 41.016516638 -1.909436182, 41.022009909 -1.908028327, 41.024249181 -1.909336647, 41.025469909 -1.91220146, 41.028777315 -1.909765282, 41.026419785 -1.908231081, 41.026522783 -1.906214722, 41.045920891 -1.892114142, 41.048335642 -1.893820108, 41.050227769 -1.893582783, 41.047786311 -1.887211393, 41.050536762 -1.887533704, 41.053310098 -1.881418469, 41.052493736 -1.879014358, 41.049796692 -1.878167694, 41.047698564 -1.871850182, 41.044810779 -1.867667393, 41.038585073 -1.870757733, 41.037993787 -1.877946468, 41.034583384 -1.882751474, 41.027671019 -1.886240533, 41.024897683 -1.891894828, 41.018908494 -1.89676611, 41.015646864 -1.897592753, 41.011851164 -1.894396451, 41.009585192 -1.899534736, 41.004542059 -1.888862432, 41.005228722 -1.89846386, 41.001566542 -1.899462744, 41.003641779 -1.901928719, 41.001993799 -1.904299575, 40.999586678 -1.903850318, 40.998735985 -1.905813277, 41.001719136 -1.90590923, 41.002813976 -1.907282275, 40.999563792 -1.910179512, 40.99110263 -1.913227419, 40.993174052 -1.914707742, 40.989569093 -1.915652391, 40.985544507 -1.912799857, 40.984899809 -1.910558213, 40.981115555 -1.909667446, 40.986093837 -1.918721512, 40.99018709 -1.923355227, 40.991781664 -1.921734843, 40.991461225 -1.92611145, 40.985929808 -1.930747315, 40.983469281 -1.931220296, 40.983457835 -1.92926735, 40.978162929 -1.924526595, 40.978365115 -1.929933314, 40.980371686 -1.930437283, 40.980554796 -1.932453404, 40.977014688 -1.934139348, 40.976659913 -1.932358524, 40.973520357 -1.934107285, 40.961686942 -1.94896787, 40.96559327 -1.95118758, 40.964033032 -1.958612804, 40.965253761 -1.961947854, 40.971441321 -1.961904343, 40.973062601 -1.965293032, 40.972333981 -1.968051759, 40.967153524 -1.973844683, 40.966779679 -1.978501644, 40.968122481 -1.982867283, 40.971818998 -1.988251828, 40.964696822 -1.995086904, 40.963735505 -2.004039535, 40.960027546 -2.003293594, 40.960447173 -2.007425247, 40.962404151 -2.006979683, 40.957204619 -2.011859666, 40.953149521 -2.020002108, 40.952264496 -2.023972606, 40.953313562 -2.029233782, 40.949155461 -2.030875384, 40.95690708 -2.034157387, 40.957917996 -2.03778197, 40.957200823 -2.045622123, 40.958234627 -2.046081989, 40.959958903 -2.044506424, 40.960050458 -2.045528193, 40.961389443 -2.045291464, 40.957864596 -2.050232714, 40.959127294 -2.064074264, 40.960748574 -2.068448605, 40.96273607 -2.067803979, 40.961263569 -2.069415303, 40.961141498 -2.072191432, 40.958471159 -2.074509365, 40.956750695 -2.071808093, 40.953511953 -2.071531793, 40.953889613 -2.066612477, 40.952668886 -2.067174617, 40.949384372 -2.073914809, 40.95044488 -2.077530333, 40.952985519 -2.07844935, 40.947408323 -2.08021039, 40.94276956 -2.078461991, 40.943852954 -2.07667044, 40.941995158 -2.074014463, 40.939649073 -2.073185321, 40.936818508 -2.065711109, 40.938493191 -2.061748716, 40.940892682 -2.060489027, 40.941400047 -2.062432436, 40.942807698 -2.062656767, 40.942342294 -2.059139939, 40.944043681 -2.055873665, 40.943696535 -2.05366778, 40.942143924 -2.055523461, 40.935559623 -2.047954131, 40.935326921 -2.045495069, 40.930043459 -2.040347372, 40.924512038 -2.037505925, 40.924561628 -2.033798618, 40.923466789 -2.03513817, 40.919297243 -2.033551642, 40.922947976 -2.027371444, 40.926209607 -2.028868573, 40.927418888 -2.025476426, 40.930936109 -2.028980617, 40.931599879 -2.028373897, 40.931630396 -2.026493185, 40.926575821 -2.021426543, 40.9344724 -2.022918187, 40.933759037 -2.022213725, 40.936250081 -2.019398735, 40.935670234 -2.016478853, 40.937177068 -2.014777176, 40.936990143 -2.011838699, 40.92518724 -2.0139776, 40.923775772 -2.011112788, 40.921338133 -2.011124709, 40.920350106 -2.009706488, 40.922223155 -2.001168428, 40.916172923 -1.994755559, 40.909802252 -1.992321652, 40.900013549 -1.994168636, 40.905415262 -1.986883348, 40.903408692 -1.986722908, 40.901703489 -1.988578589, 40.896832026 -1.988548077, 40.897991717 -1.990671595, 40.896923583 -1.994362096, 40.892643411 -1.997269585, 40.890064625 -1.997055625, 40.891025946 -1.99474866, 40.893429252 -1.994384269, 40.895191676 -1.992130704, 40.893135514 -1.99346227, 40.886719067 -1.992927073, 40.885071087 -1.995361343, 40.878513492 -1.990793546, 40.878673711 -1.988722594, 40.874538497 -1.986855592, 40.875957591 -1.984367326, 40.874691086 -1.983057575, 40.878212118 -1.978026091, 40.879959281 -1.972833809, 40.875381555 -1.973725177, 40.874908522 -1.971257056, 40.877308012 -1.969916073, 40.873264351 -1.96396176, 40.875560839 -1.954745103, 40.873432195 -1.953201247, 40.871841436 -1.955400219, 40.867492602 -1.966418799, 40.868888811 -1.970260204, 40.86522663 -1.970861085, 40.865924734 -1.972750259, 40.863986831 -1.974832179, 40.856071178 -1.973041585, 40.853767055 -1.97058467, 40.857303347 -1.96751531, 40.857734414 -1.963192462, 40.853465681 -1.957581917, 40.852969757 -1.951144252, 40.84963946 -1.949728177, 40.84871247 -1.947776066, 40.845847576 -1.947453756, 40.845481356 -1.943945629, 40.843123826 -1.942112598, 40.844237736 -1.936640677, 40.842738529 -1.934354572, 40.837153706 -1.939849381, 40.836943896 -1.943593283, 40.840945596 -1.951799492, 40.845492806 -1.955854618, 40.846091728 -1.960393214, 40.843585424 -1.963172087, 40.836711205 -1.963324307, 40.832690434 -1.961285183, 40.834693189 -1.960640915, 40.82820426 -1.958089, 40.827071274 -1.960170085, 40.821387263 -1.958186866, 40.819792689 -1.959409365, 40.815317961 -1.958229661, 40.818224816 -1.95579408, 40.814730484 -1.95576166, 40.81803026 -1.951942066, 40.816187724 -1.950225968, 40.813959898 -1.951159769, 40.811751147 -1.955837233, 40.805086739 -1.952426375, 40.804087266 -1.947652839, 40.801569517 -1.948306644, 40.800985856 -1.946408291, 40.797831039 -1.945796805, 40.795034812 -1.947653559, 40.78827122 -1.947009653, 40.787687559 -1.9448853, 40.788881582 -1.943147745, 40.786119686 -1.941269776, 40.783971972 -1.946055711, 40.780012238 -1.945155646, 40.778047629 -1.942119308, 40.775007255 -1.941335818, 40.776186017 -1.936722722, 40.77412604 -1.937204165, 40.769010435 -1.944362506, 40.787794377 -1.953457689, 40.79079279 -1.957514723, 40.790350278 -1.959766857, 40.793154135 -1.959745757, 40.794519823 -1.957781964, 40.795519296 -1.962320321, 40.803858391 -1.968595991, 40.809076999 -1.969485566, 40.814024761 -1.97302492, 40.817171947 -1.972714049, 40.818442267 -1.974376508, 40.814448202 -1.976876577, 40.816233517 -1.978701264, 40.820246657 -1.979311796, 40.821154572 -1.977755423, 40.823676137 -1.977680326, 40.824778607 -1.98060891, 40.826548661 -1.979675467, 40.824271243 -1.982164807, 40.827769389 -1.982251343, 40.83448339 -1.984857134, 40.840194102 -1.981432682, 40.846679215 -1.983631768, 40.856868476 -1.992201648, 40.854251544 -1.995785467, 40.860606954 -1.994702189, 40.864108915 -1.996009316, 40.872917228 -2.003640033, 40.873722146 -2.005727911, 40.87374885 -2.00740074, 40.870307927 -2.008851386, 40.864192846 -2.007203592, 40.863365043 -2.010342323, 40.860008045 -2.013013799, 40.855964386 -2.011499267, 40.848094511 -2.01218633, 40.838492732 -2.015470727, 40.834403295 -2.013865843, 40.829554724 -2.021313359, 40.83211825 -2.020198138, 40.83497933 -2.022193278, 40.837050751 -2.021476656, 40.838469847 -2.022984992, 40.846301572 -2.019259562, 40.855869021 -2.020035299, 40.85844018 -2.025087163, 40.863422271 -2.022016133, 40.865806501 -2.018559141, 40.865184692 -2.016498202, 40.868442507 -2.01499344, 40.873500895 -2.015276891, 40.875022989 -2.016703933, 40.874237147 -2.017608887, 40.878860651 -2.019041411, 40.879265018 -2.02087635, 40.882419834 -2.019751592, 40.881901024 -2.01750971, 40.88272883 -2.018195815, 40.88831747 -2.016209014, 40.889282608 -2.018631362, 40.889976895 -2.015583222, 40.893455965 -2.011501153, 40.89638571 -2.011524753, 40.902054462 -2.014203852, 40.902908971 -2.012810184, 40.903656667 -2.014075355, 40.902683903 -2.020261273, 40.903500265 -2.022095974, 40.900406491 -2.031847116, 40.901364007 -2.048049509, 40.900417945 -2.050266122, 40.892216183 -2.04527553, 40.891453226 -2.041080702, 40.887668972 -2.041202764, 40.886692389 -2.038771595, 40.888458627 -2.035432848, 40.887749079 -2.034981563, 40.88499863 -2.038375619, 40.883255278 -2.036641522, 40.881286857 -2.037430616, 40.878162558 -2.036611487, 40.882297772 -2.038433074, 40.882782249 -2.040819663, 40.884144123 -2.040772936, 40.883098877 -2.044363907, 40.879127699 -2.043880202, 40.875915662 -2.045439318, 40.876796875 -2.046396719, 40.875118376 -2.047574161, 40.871841486 -2.045941384, 40.875385411 -2.048866986, 40.875293857 -2.050657584, 40.87865467 -2.048492463, 40.879528254 -2.050399398, 40.882431295 -2.049573113, 40.884979565 -2.053684263, 40.888824855 -2.052847727, 40.890655946 -2.053957939, 40.89113661 -2.059400774, 40.894043467 -2.061205674, 40.893764991 -2.06456969, 40.891865235 -2.065123487, 40.884762125 -2.058142282, 40.880287397 -2.057587058, 40.880050884 -2.060960133, 40.878399088 -2.063132167, 40.876487888 -2.06326114, 40.873176668 -2.067894621, 40.87246712 -2.066430627, 40.870521586 -2.066559601, 40.870777177 -2.069054899, 40.868927014 -2.070558229, 40.850787774 -2.07331935, 40.857406405 -2.075698784, 40.869152088 -2.074943537, 40.868625652 -2.080251916, 40.870384262 -2.079490238, 40.872516717 -2.075102307, 40.879852521 -2.071078643, 40.884052582 -2.065648202, 40.885967598 -2.06704759, 40.885914193 -2.069669954, 40.884552319 -2.069798212, 40.88515124 -2.071976681, 40.881714132 -2.075326395, 40.876594709 -2.077041423, 40.882423683 -2.080787109, 40.884071664 -2.080504846, 40.883655853 -2.07810896, 40.890613994 -2.073805657, 40.89203309 -2.07377681, 40.891842352 -2.075341408, 40.89522987 -2.077073358, 40.895615161 -2.074052871, 40.898117651 -2.074013535, 40.899964001 -2.075033156, 40.900257742 -2.080114582, 40.895596095 -2.087932566, 40.897755255 -2.087423588, 40.903553705 -2.080381822, 40.906697079 -2.083515545, 40.909306387 -2.090872704, 40.912674832 -2.093328188, 40.912671029 -2.114495669, 40.910817057 -2.126614566, 40.911621979 -2.134606815, 40.913414924 -2.138827151, 40.912442157 -2.139153993, 40.91218657 -2.142807184, 40.913365338 -2.149569306, 40.915184984 -2.148879861, 40.917729438 -2.151155356, 40.916501085 -2.156193156, 40.917702738 -2.156327372, 40.915970833 -2.159494235, 40.917691297 -2.161915391, 40.919209575 -2.160584183, 40.919537647 -2.163387012, 40.915955587 -2.181755956, 40.916199737 -2.189161272, 40.9169131 -2.190453382, 40.918007939 -2.189538653, 40.918954006 -2.194420063, 40.918797604 -2.201762442, 40.919797075 -2.202602075, 40.920762218 -2.211570558, 40.919800895 -2.211246339, 40.919976377 -2.21423917, 40.923363898 -2.220274657, 40.927972145 -2.224147647, 40.924107782 -2.225916076, 40.908509174 -2.218449501, 40.906639935 -2.216164232, 40.904240443 -2.216221687, 40.903111269 -2.213564757, 40.900742295 -2.212229498, 40.90396196 -2.208500018, 40.903694925 -2.206438603, 40.899990778 -2.201642064, 40.897137332 -2.206392834, 40.892052239 -2.20264691, 40.889977005 -2.206573782, 40.88763092 -2.206947589, 40.885689199 -2.202284313, 40.886318635 -2.201189357, 40.889290343 -2.20107707, 40.889870183 -2.193200443, 40.886902288 -2.189551068, 40.885952411 -2.190845325, 40.883720769 -2.190414305, 40.883301145 -2.191734784, 40.885181829 -2.193667465, 40.881393764 -2.19994779, 40.878101616 -2.201244908, 40.875469423 -2.20065154, 40.869537455 -2.204248711, 40.872875382 -2.207454668, 40.879051498 -2.206072202, 40.879982303 -2.208593961, 40.8787158 -2.209933752, 40.879898381 -2.212708211, 40.879375758 -2.214915288, 40.883865747 -2.217206278, 40.877823147 -2.216789087, 40.8756678 -2.214956056, 40.867534706 -2.214523371, 40.863945006 -2.215495555, 40.862625094 -2.214186043, 40.860557488 -2.214993494, 40.863273608 -2.217856398, 40.870929857 -2.220450864, 40.870903155 -2.222955698, 40.87389775 -2.221703876, 40.880527826 -2.225529423, 40.874626374 -2.226242233, 40.875385515 -2.228149167, 40.878395371 -2.229664415, 40.87708309 -2.230570323, 40.868312927 -2.227118344, 40.867450791 -2.231107198, 40.862667069 -2.23533612, 40.860595648 -2.23570945, 40.862895956 -2.236330472, 40.873977868 -2.23420945, 40.877701086 -2.235922566, 40.866012626 -2.238469604, 40.863117214 -2.237695532, 40.859233779 -2.242104204, 40.855228268 -2.241512506, 40.851562273 -2.24403999, 40.848941524 -2.24313909, 40.849086485 -2.241438845, 40.85151268 -2.241354451, 40.856616842 -2.236772464, 40.851329568 -2.237158908, 40.842723444 -2.240054479, 40.834746759 -2.24558934, 40.828368461 -2.247595929, 40.829013156 -2.24542485, 40.831851347 -2.245358097, 40.834327131 -2.241023567, 40.841228051 -2.237090256, 40.841888006 -2.235163534, 40.837146243 -2.232447721, 40.833979982 -2.23275001, 40.830245319 -2.230620653, 40.825820185 -2.232895914, 40.822398333 -2.231805967, 40.816748656 -2.232699242, 40.809565444 -2.238640092, 40.802431823 -2.242311167, 40.801882492 -2.236081385, 40.79797998 -2.235860156, 40.79431017 -2.238007874, 40.791143913 -2.243600185, 40.791430021 -2.244657713, 40.796057338 -2.242346215, 40.797617581 -2.243058544, 40.798926049 -2.244946883, 40.798220317 -2.24691008, 40.800554958 -2.248118988, 40.801756611 -2.247267435, 40.800856326 -2.250116991, 40.798613241 -2.250291499, 40.797026297 -2.253006361, 40.795149429 -2.253289101, 40.795317281 -2.255513342, 40.79358156 -2.255859018, 40.791712323 -2.259252357, 40.790533557 -2.256966134, 40.789888862 -2.259417329, 40.787252855 -2.260270791, 40.785662098 -2.263844597, 40.783396124 -2.265330286, 40.780920336 -2.263570205, 40.780844034 -2.253912517, 40.777010187 -2.252479517, 40.777487036 -2.255273049, 40.77582761 -2.25623355, 40.772874975 -2.254247708, 40.773706593 -2.25006909, 40.771791576 -2.247494169, 40.772733823 -2.243939197, 40.776895738 -2.242966536, 40.776655407 -2.242062535, 40.770456403 -2.243345113, 40.768079804 -2.250211416, 40.763902629 -2.250207604, 40.766328827 -2.254310172, 40.764284111 -2.257965986, 40.758893838 -2.257502308, 40.757001709 -2.255099032, 40.753080123 -2.254416505, 40.75350356 -2.250211187, 40.750886627 -2.251607001, 40.749734562 -2.244364987, 40.75057381 -2.241886138, 40.749272972 -2.240422621, 40.749726929 -2.238767195, 40.747911097 -2.238055105, 40.749780333 -2.234761177, 40.747792836 -2.233624264, 40.747411356 -2.22888613, 40.746099074 -2.228200502, 40.746980287 -2.229935553, 40.745999898 -2.242162919, 40.747491478 -2.248518336, 40.746041865 -2.249713658, 40.739011238 -2.245327163, 40.739507155 -2.241112548, 40.736752892 -2.24418143, 40.735986121 -2.241252489, 40.733373002 -2.242177946, 40.731362616 -2.239793027, 40.729668854 -2.235056324, 40.730454696 -2.232460184, 40.732106492 -2.232114507, 40.731900493 -2.230559446, 40.728780007 -2.225788415, 40.728661746 -2.221339217, 40.726876435 -2.224434084, 40.729081377 -2.230372783, 40.727147288 -2.232066116, 40.722668743 -2.227314873, 40.721192422 -2.221393338, 40.718270307 -2.221948327, 40.71668336 -2.219381988, 40.712780847 -2.217406159, 40.71144186 -2.214667458, 40.70680691 -2.211534928, 40.707146424 -2.209083972, 40.703690239 -2.20796637, 40.705361108 -2.204953273, 40.698158821 -2.209781526, 40.703495687 -2.209305206, 40.710076173 -2.216658548, 40.711735602 -2.22117831, 40.71326151 -2.220317459, 40.716275182 -2.222647069, 40.724469319 -2.234402405, 40.728459578 -2.245755807, 40.727212153 -2.254945046, 40.722481835 -2.253142055, 40.717465414 -2.261883588, 40.709809166 -2.261440652, 40.708454923 -2.263449621, 40.703194349 -2.256962851, 40.701405221 -2.257408177, 40.701862995 -2.260093477, 40.705418365 -2.263055315, 40.706066877 -2.265270258, 40.709694727 -2.267436328, 40.712052256 -2.267234643, 40.712510027 -2.264819446, 40.717759154 -2.265889367, 40.721310707 -2.265098365, 40.724526563 -2.270818691, 40.726205063 -2.271205608, 40.731969181 -2.266686318, 40.734094008 -2.263717563, 40.733243312 -2.262307924, 40.736100575 -2.259862926, 40.736146354 -2.262693171, 40.739224878 -2.2665962, 40.740083204 -2.270420321, 40.741860888 -2.271530295, 40.743691977 -2.267947191, 40.745889289 -2.272547292, 40.750371647 -2.274757465, 40.751332972 -2.277966522, 40.753560799 -2.278877196, 40.751062123 -2.278717472, 40.745137779 -2.274112605, 40.742814584 -2.276177361, 40.744855491 -2.281229939, 40.741544266 -2.277978448, 40.740437984 -2.280801066, 40.741155164 -2.284688838, 40.739530072 -2.286589815, 40.742383524 -2.290366255, 40.74337155 -2.290564123, 40.744008616 -2.288600926, 40.746110557 -2.291202786, 40.747918758 -2.290268985, 40.749944403 -2.29104425, 40.752794043 -2.299721887, 40.755487275 -2.303471389, 40.755674196 -2.299637016, 40.75686059 -2.299318994, 40.758668795 -2.303847338, 40.756399006 -2.304329378, 40.759069348 -2.306822052, 40.759870453 -2.311107231, 40.757814288 -2.307592074, 40.756116717 -2.310940118, 40.754728139 -2.309838726, 40.753331929 -2.303944369, 40.749433228 -2.298261233, 40.747869173 -2.300424445, 40.745389569 -2.297398001, 40.741342095 -2.29662536, 40.738919713 -2.293562679, 40.736730033 -2.293429655, 40.733380662 -2.290458758, 40.732137046 -2.291056896, 40.730832392 -2.288074316, 40.729264523 -2.290952003, 40.727578393 -2.290357205, 40.727715723 -2.287625894, 40.728898302 -2.287208699, 40.727494465 -2.285618594, 40.728314639 -2.281765388, 40.730267802 -2.281111941, 40.73113757 -2.282069342, 40.731744118 -2.279717558, 40.726700987 -2.27586221, 40.725030119 -2.279445313, 40.723652986 -2.279347572, 40.722603925 -2.28271278, 40.718163529 -2.279534955, 40.716340069 -2.281499345, 40.716618545 -2.278062856, 40.713551466 -2.274096414, 40.710636982 -2.277057064, 40.707939936 -2.274555331, 40.708748671 -2.280233463, 40.710427171 -2.280683555, 40.709816809 -2.282610516, 40.711701307 -2.283621078, 40.712963999 -2.28756249, 40.716523183 -2.290307148, 40.710297473 -2.286860175, 40.708489271 -2.287766798, 40.706768806 -2.283328568, 40.705208567 -2.286522608, 40.701920232 -2.284437593, 40.703133331 -2.286932175, 40.702244489 -2.287982075, 40.698753972 -2.286855891, 40.699860258 -2.289639887, 40.697338695 -2.291894644, 40.690601807 -2.291676515, 40.690876472 -2.293213697, 40.69492776 -2.294339165, 40.694679801 -2.296437533, 40.697201365 -2.295801489, 40.698135986 -2.297500542, 40.699898409 -2.295463679, 40.702213976 -2.296166233, 40.702938784 -2.298037408, 40.706669631 -2.297490285, 40.706044009 -2.29903748, 40.707299071 -2.301839355, 40.704163332 -2.30662684, 40.705921942 -2.307185402, 40.702007987 -2.308790768, 40.706044017 -2.311118947, 40.707680556 -2.313703405, 40.712933494 -2.309021767, 40.713887188 -2.309852579, 40.71355149 -2.312810128, 40.72848251 -2.315676601, 40.728970799 -2.31352364, 40.725793093 -2.311004743, 40.728116287 -2.307872924, 40.736321866 -2.313885521, 40.738255955 -2.313530547, 40.740933926 -2.315399099, 40.746831565 -2.316485946, 40.749829977 -2.318715906, 40.753915597 -2.317942068, 40.757509114 -2.320388254, 40.757589225 -2.321699436, 40.760061198 -2.321723512, 40.762163146 -2.336325069, 40.767461872 -2.34661808, 40.765333229 -2.347868711, 40.766111447 -2.354767433, 40.768808491 -2.354691621, 40.769109857 -2.352249724, 40.774553539 -2.355507172, 40.775373716 -2.357694461, 40.772878858 -2.362219232, 40.774736654 -2.365598742, 40.776388449 -2.363191173, 40.775968823 -2.360994348, 40.777803729 -2.362737265, 40.778913826 -2.360231, 40.777902914 -2.364572919, 40.77976834 -2.367002895, 40.781046288 -2.365943221, 40.780458811 -2.362815218, 40.782549306 -2.36275824, 40.783358039 -2.364999884, 40.78012693 -2.37028514, 40.77488925 -2.372552534, 40.77916561 -2.373577875, 40.780535112 -2.372825495, 40.778734542 -2.375269538, 40.778059326 -2.374293781, 40.773870707 -2.375121974, 40.772409647 -2.371280689, 40.771104996 -2.373832488, 40.76836599 -2.373736416, 40.768732209 -2.375635007, 40.771097368 -2.375975674, 40.769395981 -2.377361237, 40.769140393 -2.379767136, 40.770189454 -2.378372992, 40.771021075 -2.379357808, 40.771303367 -2.378254031, 40.774332297 -2.378548687, 40.776964488 -2.376971692, 40.780622855 -2.377346926, 40.777338339 -2.380796289, 40.77113552 -2.38290229, 40.769308247 -2.386585042, 40.771295745 -2.388716784, 40.770872306 -2.390073738, 40.761613858 -2.397265695, 40.760599131 -2.400033958, 40.768610148 -2.394010146, 40.774313236 -2.39855136, 40.774172084 -2.390584859, 40.772474508 -2.386192163, 40.777254416 -2.383889248, 40.779245728 -2.386318985, 40.78356786 -2.378428053, 40.784960252 -2.378751794, 40.786455641 -2.376670114, 40.78587961 -2.375296234, 40.788610986 -2.374632774, 40.787477997 -2.371984665, 40.788897091 -2.370083689, 40.78702785 -2.366297236, 40.789713449 -2.364259181, 40.792334197 -2.364056781, 40.791449168 -2.361354317, 40.788713976 -2.360598124, 40.791910753 -2.357854176, 40.78932815 -2.35393303, 40.790781578 -2.353325117, 40.789221335 -2.351609139, 40.790319988 -2.34970864, 40.794626868 -2.353464815, 40.797144618 -2.35384148, 40.796606734 -2.352178187, 40.797533724 -2.352520762, 40.798590414 -2.349779438, 40.796141327 -2.344203103, 40.800593171 -2.352127883, 40.803912025 -2.355460428, 40.810618396 -2.358544084, 40.817328581 -2.358842791, 40.821837645 -2.364515675, 40.825091651 -2.372875767, 40.82529766 -2.390173829, 40.823905269 -2.39258998, 40.821864368 -2.395585912, 40.814639192 -2.398932291, 40.780279559 -2.427769728, 40.772978091 -2.438006962, 40.771280522 -2.444076781, 40.771692523 -2.451916455, 40.770223837 -2.453989076, 40.753801242 -2.452591129, 40.737695277 -2.457612966, 40.66492469 -2.469380989, 40.443488553 -2.401592089, 40.250808204 -2.400516569, 40.250831 -2.252621687, 40.213343106 -2.039033969, 40.500122377 -1.905535448, 40.899036827 -1.71762199, 41.563352577 -1.661719074, 41.554879976 -1.673452607, 41.547975242 -1.678152482, 41.54536594 -1.682720283, 41.540051965 -1.684932607, 41.539437788 -1.687988377, 41.536923854 -1.6890943)), ((41.20590485 -2.007816081, 41.209990471 -2.009112242, 41.210886944 -2.012067407, 41.213656469 -2.013329239, 41.215479933 -2.019582621, 41.214091355 -2.017188881, 41.207327765 -2.016709946, 41.204512462 -2.014851407, 41.201750565 -2.010344042, 41.203783839 -2.01236636, 41.205092305 -2.009697508, 41.202349482 -2.006166378, 41.20590485 -2.007816081)), ((41.201384346 -2.008274282, 41.201849749 -2.009494158, 41.201453013 -2.009684399, 41.200682427 -2.007389116, 41.201384346 -2.008274282)), ((41.166841579 -1.992029236, 41.172952844 -1.993295834, 41.172014412 -1.995340324, 41.166967468 -1.994443002, 41.169496662 -1.995750487, 41.169908659 -1.997476718, 41.167100987 -1.997724532, 41.164957083 -1.993369741, 41.166841579 -1.992029236)), ((41.164728191 -1.983416203, 41.163553244 -1.988426348, 41.15903274 -1.988739723, 41.156488285 -1.984674703, 41.154084979 -1.985147922, 41.154783083 -1.987506619, 41.153302953 -1.988665823, 41.147687609 -1.98852851, 41.144586198 -1.987167386, 41.14702765 -1.983638279, 41.148988444 -1.985525307, 41.150876756 -1.985052684, 41.152230998 -1.981308067, 41.155992361 -1.978003172, 41.163908013 -1.980144566, 41.164728191 -1.983416203)), ((41.178823778 -1.993911848, 41.176077143 -1.994674957, 41.175493482 -1.99289473, 41.178327854 -1.98741232, 41.183149727 -1.989168824, 41.181681041 -1.992398265, 41.178823778 -1.993911848)), ((41.189901866 -1.977389043, 41.190611416 -1.981185153, 41.189085509 -1.985336832, 41.186392281 -1.985231939, 41.184439117 -1.983869384, 41.186438056 -1.982591934, 41.185450029 -1.980179479, 41.183321386 -1.979043163, 41.187326896 -1.977808265, 41.188345439 -1.975899423, 41.186964491 -1.974816387, 41.188559064 -1.972970004, 41.187754147 -1.972627547, 41.19039397 -1.973528089, 41.189901866 -1.977389043)), ((41.16620831 -1.960794381, 41.165491136 -1.96626499, 41.169370757 -1.963131859, 41.17349071 -1.962529786, 41.176649342 -1.963610556, 41.177305485 -1.968663374, 41.17563843 -1.967580696, 41.171922842 -1.968643351, 41.168844323 -1.971368585, 41.158597847 -1.972756178, 41.147367159 -1.972481432, 41.145986211 -1.971109102, 41.146890311 -1.96885673, 41.150209162 -1.96802973, 41.149949754 -1.962795373, 41.155057735 -1.964895288, 41.154756366 -1.9622467, 41.157953144 -1.959873936, 41.160886704 -1.961868123, 41.161382623 -1.958811639, 41.163160307 -1.959261373, 41.16437722 -1.961556179, 41.167162002 -1.95773742, 41.16620831 -1.960794381)), ((41.307320534 -1.971507017, 41.300171656 -1.980249385, 41.293045666 -1.985900225, 41.288769312 -1.994195836, 41.279423128 -2.005743896, 41.267940671 -2.016264587, 41.260238653 -2.026770971, 41.257362319 -2.032841029, 41.254836939 -2.031976604, 41.25101454 -2.034775384, 41.259967803 -2.023733798, 41.262668657 -2.015955628, 41.268798991 -2.010052922, 41.269439871 -2.006887968, 41.270519453 -2.008766771, 41.272064433 -2.004687565, 41.27344538 -2.004794127, 41.275009434 -1.999684332, 41.278412209 -1.99823309, 41.283398113 -1.993100526, 41.286289707 -1.987292823, 41.302994581 -1.969144509, 41.306771205 -1.968840908, 41.307320534 -1.971507017)), ((41.189402116 -1.949951491, 41.188517092 -1.955358925, 41.187208626 -1.956807185, 41.185755196 -1.953247089, 41.183283224 -1.951713365, 41.183737181 -1.950501356, 41.186377003 -1.951402017, 41.186308336 -1.949512604, 41.188185203 -1.94724998, 41.189402116 -1.949951491)), ((41.269043105 -1.951753012, 41.264343306 -1.951894979, 41.263813052 -1.949364399, 41.268684515 -1.949620077, 41.269043105 -1.951753012)), ((41.210730496 -1.93249357, 41.209887432 -1.935260998, 41.207877047 -1.934703151, 41.207236165 -1.932633749, 41.209914133 -1.930451464, 41.211348487 -1.930422498, 41.210730496 -1.93249357)), ((41.210741935 -1.924094973, 41.209025288 -1.924684768, 41.207682486 -1.920265728, 41.209216023 -1.917551581, 41.211386628 -1.916789425, 41.212962131 -1.921497402, 41.210741935 -1.924094973)), ((41.377229997 -1.896353972, 41.374311697 -1.897180614, 41.377592396 -1.889564911, 41.380110145 -1.889317335, 41.381609351 -1.890806836, 41.378755903 -1.892889829, 41.377229997 -1.896353972)), ((41.351033975 -1.924132446, 41.348924408 -1.925988484, 41.353002394 -1.917277705, 41.357961595 -1.91304938, 41.358007371 -1.911205262, 41.361375813 -1.909456025, 41.363344237 -1.912490575, 41.3588924 -1.915452537, 41.351033975 -1.924132446)), ((41.229987453 -1.913908391, 41.226897488 -1.914563388, 41.228591245 -1.91017653, 41.231047957 -1.908437663, 41.23608727 -1.908232162, 41.236613709 -1.91001239, 41.23535865 -1.911343001, 41.229987453 -1.913908391)), ((41.348821405 -1.917880017, 41.348661185 -1.919832843, 41.343904165 -1.91928799, 41.341516119 -1.92235568, 41.338704633 -1.922088439, 41.342691066 -1.917400366, 41.348821405 -1.917880017)), ((41.226241351 -1.920142109, 41.225398287 -1.922511773, 41.222979721 -1.920797225, 41.223773193 -1.918897799, 41.227141635 -1.916976797, 41.226241351 -1.920142109)), ((41.345155414 -1.928027612, 41.345399561 -1.931019372, 41.33513783 -1.939250619, 41.327279406 -1.947812998, 41.326978037 -1.945399828, 41.330342664 -1.942330707, 41.330502883 -1.940197175, 41.339101374 -1.931344429, 41.339078483 -1.927547842, 41.343042031 -1.928844003, 41.341645823 -1.925401913, 41.345155414 -1.928027612)), ((41.235927062 -1.931131477, 41.234565189 -1.933266797, 41.231963513 -1.928858486, 41.232467061 -1.926896123, 41.235927062 -1.931131477)), ((41.214240081 -1.924940207, 41.215907137 -1.92619465, 41.215231924 -1.928039721, 41.213442795 -1.926035044, 41.211096711 -1.927186263, 41.212065662 -1.925069538, 41.214240081 -1.924940207)), ((41.242663946 -1.926602413, 41.240836671 -1.927535975, 41.242015433 -1.923674186, 41.243384936 -1.92274122, 41.2455708 -1.923823182, 41.242663946 -1.926602413)), ((41.38921219 -1.888229168, 41.387506988 -1.890075551, 41.386007782 -1.888703579, 41.393297806 -1.881181921, 41.405001516 -1.863385602, 41.416964633 -1.852097273, 41.419249681 -1.850521351, 41.422515125 -1.85039035, 41.425647051 -1.84726759, 41.429705967 -1.845969399, 41.433795399 -1.839790154, 41.435798153 -1.839317294, 41.434302762 -1.83794544, 41.43767502 -1.836657262, 41.438945339 -1.838436178, 41.438556234 -1.840569948, 41.432818822 -1.849002161, 41.427325552 -1.850356615, 41.394560496 -1.881406133, 41.392637853 -1.885847107, 41.38921219 -1.888229168)), ((41.454269268 -1.823030975, 41.452098664 -1.82402819, 41.454936852 -1.819812143, 41.456107984 -1.814332951, 41.458068777 -1.816111032, 41.454269268 -1.823030975)), ((41.5066079 -1.75850459, 41.506001353 -1.762816829, 41.500580565 -1.766475744, 41.49420227 -1.773308555, 41.491947739 -1.769524366, 41.494297638 -1.769512206, 41.497345636 -1.761264871, 41.510991069 -1.75318405, 41.511548025 -1.750878515, 41.513730074 -1.751210005, 41.51100633 -1.75628428, 41.5066079 -1.75850459)), ((41.511548025 -1.750354281, 41.510121301 -1.751802303, 41.507794287 -1.745026593, 41.509976337 -1.745936552, 41.511548025 -1.750354281)), ((41.25605 -1.964490077, 41.255779152 -1.966678201, 41.250552914 -1.964696413, 41.248958338 -1.962122087, 41.251220497 -1.961070399, 41.252883738 -1.961746133, 41.2537001 -1.964104591, 41.25605 -1.964490077)), ((41.244292872 -1.962028995, 41.245620414 -1.963744855, 41.241149501 -1.962973406, 41.239772367 -1.961004488, 41.244292872 -1.962028995)), ((41.24513975 -1.959261567, 41.245837854 -1.961330731, 41.241469939 -1.958715044, 41.243014922 -1.958812309, 41.24513975 -1.959261567)), ((41.281380078 -1.955641493, 41.279842726 -1.957261757, 41.277801826 -1.961305443, 41.276588727 -1.959354405, 41.277374569 -1.956243566, 41.276806168 -1.95704899, 41.275192519 -1.955568547, 41.276203431 -1.951815587, 41.278026891 -1.9500232, 41.280262348 -1.95058963, 41.281380078 -1.955641493)), ((41.239402333 -1.957922257, 41.237987054 -1.960916521, 41.236361959 -1.957302547, 41.239337481 -1.956710964, 41.239402333 -1.957922257)))",Lamu,Lamu,1370682530,-332.4908,6459.011599999996,266315162783,0.0,0.0,0.0,0.0,0.0,50.0,41.78498985801216,0.25,3.0915968389317405,-0.25,-1.0,-0.08086436007819962,0,0,0,0,,,0.0,0.0,0.0,0.0,,0,0,0,0,,,0.0,0.0,0.0,0.0,,0,0,0,0,,,0.0,0.0,0.0,0.0,,0,0,0,0,50.0,41.78498985801216,0.25,3.0915968389317405,-0.25,-1.0,-0.08086436007819962,0,0,0,0,,,,,,,,,,,,,,,,,,,,
33,23204309,2021-02-01,Kenya,Kenya_2021-02,54986000,987653,49383.0,0.05,2.0,0.6,0.35,0.05,0.0,0.0,0.55,0.35,0.1,0.0,0.0,,,,,,Makueni,"POLYGON ((37.49066613 -1.519625195, 37.497967613 -1.526286839, 37.50201509 -1.526036401, 37.507493109 -1.530010596, 37.513241974 -1.526541679, 37.516015316 -1.52726712, 37.519181581 -1.530308111, 37.519215915 -1.534215319, 37.522557658 -1.534036758, 37.521375079 -1.538205249, 37.523328245 -1.54019634, 37.525971884 -1.538470822, 37.528668931 -1.540236269, 37.531602493 -1.539614291, 37.536306112 -1.541959996, 37.545446314 -1.542735021, 37.5466823 -1.538919119, 37.552469314 -1.539040699, 37.556398534 -1.543321354, 37.551164664 -1.546944514, 37.552038248 -1.550165018, 37.564585046 -1.554270686, 37.562303811 -1.556050797, 37.557642156 -1.556798293, 37.557241606 -1.559520429, 37.561140306 -1.559939172, 37.563932723 -1.562401096, 37.567896273 -1.560106524, 37.57712803 -1.559950013, 37.577234844 -1.562410269, 37.574045694 -1.567373458, 37.579256677 -1.567829271, 37.584002256 -1.562532445, 37.592692313 -1.559146609, 37.598940912 -1.553136141, 37.599185059 -1.556726996, 37.601637961 -1.559957512, 37.600211237 -1.563610589, 37.608084933 -1.563226886, 37.609488772 -1.568672707, 37.615756447 -1.566135326, 37.618239866 -1.567231355, 37.620772878 -1.570498108, 37.620849176 -1.576232509, 37.6222492 -1.579679371, 37.629512536 -1.590076576, 37.632594875 -1.592312619, 37.63515459 -1.592305347, 37.638492518 -1.591366896, 37.642028813 -1.588330194, 37.643188505 -1.589145034, 37.640773754 -1.592327158, 37.64415746 -1.59499756, 37.644455013 -1.596291102, 37.642578144 -1.597881807, 37.644611421 -1.602116094, 37.6432114 -1.605235519, 37.644077357 -1.612064877, 37.647560251 -1.623146997, 37.651046957 -1.624840687, 37.649734676 -1.631116845, 37.656650865 -1.632731386, 37.657497748 -1.640628047, 37.661171379 -1.645560002, 37.661396451 -1.647613315, 37.668770411 -1.645094767, 37.670502317 -1.640817686, 37.67222278 -1.639986753, 37.67296666 -1.636034607, 37.681843639 -1.629103093, 37.683392436 -1.626254963, 37.684063835 -1.621027514, 37.67950136 -1.611780693, 37.678974919 -1.607818774, 37.682312845 -1.602954759, 37.684082895 -1.588864067, 37.695763736 -1.585533895, 37.698395932 -1.5893163, 37.702668479 -1.585936306, 37.712533496 -1.606429263, 37.719415352 -1.610811354, 37.72908199 -1.605489972, 37.728650919 -1.599737096, 37.735528956 -1.595037931, 37.736627609 -1.590000484, 37.7366772 -1.586961399, 37.733175235 -1.583087926, 37.735704431 -1.581741817, 37.737386745 -1.577346968, 37.746568906 -1.571265219, 37.751200043 -1.571077956, 37.753488907 -1.568754777, 37.754892745 -1.568855141, 37.757898788 -1.571624717, 37.760881945 -1.578365152, 37.764753944 -1.58260063, 37.769354564 -1.58546163, 37.773428744 -1.58593437, 37.773428745 -1.589326282, 37.777182486 -1.593534583, 37.776591197 -1.596528134, 37.783713386 -1.60711534, 37.785410964 -1.614171532, 37.788119455 -1.615222385, 37.788954892 -1.618225948, 37.792163119 -1.621737415, 37.793711921 -1.628739371, 37.796904887 -1.629256811, 37.798350689 -1.633979335, 37.802051022 -1.637292097, 37.804965514 -1.646040668, 37.801688624 -1.649647735, 37.80226847 -1.650905398, 37.806472352 -1.650736015, 37.807288715 -1.652138623, 37.804835816 -1.65537534, 37.809253326 -1.656761855, 37.811488786 -1.66143062, 37.816097036 -1.665033392, 37.821926013 -1.666909335, 37.823650294 -1.672509398, 37.820880769 -1.677754013, 37.820964697 -1.682982296, 37.826240531 -1.685129178, 37.832054248 -1.683359793, 37.832824833 -1.683912039, 37.831722364 -1.687158649, 37.833625939 -1.691872471, 37.838302853 -1.692182862, 37.837272866 -1.69698525, 37.839004776 -1.701870837, 37.835468484 -1.711909019, 37.843658806 -1.71247485, 37.8461613 -1.714430181, 37.84572642 -1.725275335, 37.849651825 -1.728633631, 37.851906359 -1.734179816, 37.851749955 -1.73754455, 37.854042637 -1.74204155, 37.855179443 -1.748265497, 37.854626302 -1.75243506, 37.8568198 -1.757067708, 37.854603418 -1.762737861, 37.855599076 -1.766040016, 37.852840994 -1.767413183, 37.853531469 -1.769539326, 37.851135792 -1.771799211, 37.84707687 -1.769119274, 37.843048468 -1.769686541, 37.840423905 -1.774687037, 37.8412746 -1.776985064, 37.839657138 -1.780964029, 37.848888902 -1.799657682, 37.869210218 -1.819606609, 37.877858317 -1.829715826, 37.879853447 -1.834456944, 37.880387515 -1.83272952, 37.882844231 -1.835064855, 37.888768577 -1.836045498, 37.893376828 -1.841348993, 37.893903268 -1.844289142, 37.888020886 -1.846501587, 37.885583248 -1.853139513, 37.887658489 -1.860567125, 37.888707553 -1.862268444, 37.892655844 -1.861040698, 37.898290268 -1.862563933, 37.902234747 -1.865397636, 37.899640702 -1.871302729, 37.90217753 -1.875890438, 37.907697518 -1.894808184, 37.906347093 -1.905146387, 37.908151482 -1.906513473, 37.917345089 -1.904384584, 37.91946992 -1.906005086, 37.91875656 -1.912264197, 37.91345021 -1.916159367, 37.913919428 -1.919524697, 37.911127015 -1.923294945, 37.912813148 -1.928433828, 37.91236682 -1.930604552, 37.910062697 -1.932683493, 37.909852886 -1.935985052, 37.915601756 -1.942962927, 37.917429037 -1.950073948, 37.914678587 -1.957172932, 37.917574003 -1.961001108, 37.926103854 -1.989165553, 37.931188952 -1.993465634, 37.929094642 -1.997697538, 37.934359034 -2.00264892, 37.938749841 -2.004569443, 37.937098047 -2.010484309, 37.942274698 -2.013961087, 37.939642508 -2.021946908, 37.943800613 -2.023686249, 37.944853492 -2.02558651, 37.943113957 -2.029239944, 37.94317881 -2.03265927, 37.939745513 -2.03471926, 37.940115547 -2.036347749, 37.945036609 -2.040141117, 37.948775087 -2.038027012, 37.952269422 -2.04004647, 37.956252053 -2.051935083, 37.955656953 -2.060329037, 37.959940949 -2.067224665, 37.961299015 -2.079491615, 37.958685904 -2.097029521, 37.960291928 -2.104601721, 37.957083705 -2.109448093, 37.958220511 -2.115328628, 37.955531099 -2.122590437, 37.954592671 -2.135561373, 37.955176333 -2.138049283, 37.958449411 -2.139562148, 37.963835876 -2.145744014, 37.966166711 -2.158536389, 37.966082791 -2.168839187, 37.969607644 -2.169945347, 37.97548621 -2.16554406, 37.984515781 -2.163514821, 37.989932759 -2.159764358, 38.010303655 -2.154241883, 38.02177468 -2.148984511, 38.024086435 -2.152097973, 38.026321899 -2.161877965, 38.028992243 -2.164819542, 38.038548256 -2.169077305, 38.044587045 -2.168782643, 38.049504291 -2.171318468, 38.051804603 -2.176765597, 38.048710824 -2.18244445, 38.055226463 -2.188735501, 38.055855905 -2.195583689, 38.060628196 -2.208956797, 38.062951396 -2.212802853, 38.070691576 -2.215874353, 38.07122183 -2.217303781, 38.064835899 -2.221035887, 38.063805911 -2.223215312, 38.065213564 -2.225649581, 38.068768935 -2.225950198, 38.069585297 -2.227371043, 38.072587533 -2.241747087, 38.073014794 -2.25246684, 38.077176716 -2.256413497, 38.077069907 -2.26368627, 38.083715244 -2.262641373, 38.086225367 -2.265709539, 38.088498978 -2.273752809, 38.092390049 -2.275365561, 38.099203237 -2.274501369, 38.102121544 -2.282907002, 38.104700333 -2.285124806, 38.112322255 -2.287237474, 38.113184395 -2.28931844, 38.111795819 -2.29209481, 38.112287927 -2.296654388, 38.110369098 -2.301818542, 38.111048129 -2.303094441, 38.116385 -2.30403849, 38.118803574 -2.316089449, 38.128210814 -2.324182539, 38.14715117 -2.32397703, 38.149417147 -2.325045762, 38.153758365 -2.331308444, 38.15979334 -2.334441928, 38.175136369 -2.341208575, 38.187542016 -2.341812903, 38.197544362 -2.351380716, 38.199501344 -2.356936315, 38.212280841 -2.358309473, 38.223645081 -2.40224481, 38.232766209 -2.404122656, 38.236428397 -2.411298398, 38.245492304 -2.414478844, 38.251046621 -2.422433666, 38.274202305 -2.425721144, 38.283533263 -2.455624681, 38.289156259 -2.484775363, 38.297632692 -2.490687361, 38.302168465 -2.499953365, 38.313185537 -2.504690302, 38.313952309 -2.50781187, 38.312746844 -2.513293328, 38.31734365 -2.517004925, 38.31836983 -2.526368436, 38.321906129 -2.530631207, 38.322196054 -2.533255002, 38.319952969 -2.538012212, 38.324191187 -2.543505586, 38.323039129 -2.549358229, 38.325598844 -2.551376971, 38.333701427 -2.553262923, 38.33895056 -2.557589821, 38.337962536 -2.561253027, 38.332072526 -2.565221384, 38.335738529 -2.571782062, 38.339911903 -2.587860016, 38.347453714 -2.590496441, 38.350318617 -2.601335626, 38.36202618 -2.630987173, 38.363574986 -2.640993639, 38.368015386 -2.644533113, 38.36776743 -2.652005422, 38.373726113 -2.658711996, 38.38238947 -2.664994699, 38.382790028 -2.673697612, 38.387230431 -2.681561365, 38.391583099 -2.696988018, 38.398556517 -2.711167615, 38.405716863 -2.731200329, 38.411816694 -2.740277044, 38.414517563 -2.752998132, 38.420029918 -2.760527652, 38.427304707 -2.779719063, 38.433251948 -2.791048389, 38.431844298 -2.793824997, 38.424092679 -2.797756404, 38.422524814 -2.807372377, 38.41894656 -2.813241708, 38.41965611 -2.816716102, 38.42665241 -2.821242774, 38.427228447 -2.829412154, 38.432180033 -2.840813476, 38.43227922 -2.844459277, 38.428403414 -2.851830508, 38.432656892 -2.857106702, 38.439721855 -2.85897382, 38.439210681 -2.866536481, 38.446348128 -2.871280571, 38.446664756 -2.873723184, 38.443876161 -2.881275834, 38.44611925 -2.882570565, 38.454031092 -2.88216743, 38.455488337 -2.884293928, 38.455587523 -2.88672772, 38.451349312 -2.891475156, 38.451082281 -2.895129779, 38.454397321 -2.896985933, 38.458059505 -2.897186899, 38.461530952 -2.899676235, 38.462198542 -2.906316776, 38.466383354 -2.911502618, 38.473600918 -2.92593539, 38.476717598 -2.938584242, 38.477888735 -2.939534729, 38.485796761 -2.938136049, 38.487990257 -2.939123249, 38.489092733 -2.946587212, 38.493857391 -2.953130245, 38.492457373 -2.957788757, 38.494555499 -2.958667247, 38.498740306 -2.957981615, 38.500910915 -2.961148952, 38.499453677 -2.96856643, 38.501391598 -2.98849735, 38.491530406 -2.98889095, 38.487582111 -2.983723466, 38.476664231 -2.990313237, 38.468042842 -2.991693322, 38.465551796 -2.993736623, 38.459921189 -2.99509978, 38.456007227 -2.990728302, 38.448816365 -2.975019869, 38.427896128 -2.957178273, 38.406872885 -2.929972928, 38.403618881 -2.928786192, 38.398491825 -2.930782769, 38.382572764 -2.920877157, 38.352756463 -2.89080772, 38.320739019 -2.836238963, 38.297247617 -2.809230294, 38.277685431 -2.779691041, 38.26396749 -2.763489367, 38.176395477 -2.701094553, 38.164581116 -2.696988654, 38.162994169 -2.695648626, 38.161739102 -2.686438882, 38.158397363 -2.692026905, 38.158038778 -2.697653547, 38.154384226 -2.700998018, 38.147487114 -2.702512796, 38.134261289 -2.701200908, 38.129370749 -2.702807467, 38.119723187 -2.708309672, 38.118155315 -2.709900495, 38.116884999 -2.715001472, 38.114054437 -2.716917231, 38.101667867 -2.721467281, 37.975406495 -2.79077361, 37.944285554 -2.781700251, 37.938433683 -2.773147055, 37.932047745 -2.766827398, 37.928450405 -2.756593741, 37.927058004 -2.745041272, 37.927279259 -2.742671607, 37.929900008 -2.740032553, 37.931174132 -2.724773964, 37.926020362 -2.712340859, 37.921076409 -2.706140162, 37.908789019 -2.705722261, 37.902124605 -2.703698992, 37.893171309 -2.676301244, 37.87882393 -2.661345191, 37.871434702 -2.648249821, 37.862855259 -2.627455664, 37.850689927 -2.606178994, 37.596949971 -2.313849068, 37.599669904 -2.311328258, 37.601230148 -2.312234403, 37.602309728 -2.311023346, 37.605559918 -2.312012453, 37.606940866 -2.311091287, 37.608832992 -2.30799999, 37.60722697 -2.305393601, 37.610328382 -2.303994687, 37.614402559 -2.299141877, 37.618114335 -2.298837919, 37.619548692 -2.299861356, 37.623008696 -2.306177679, 37.626853988 -2.302934526, 37.631790308 -2.303264941, 37.632919479 -2.30021799, 37.631744527 -2.296987951, 37.634594163 -2.295661033, 37.637325544 -2.299317801, 37.642204642 -2.298906325, 37.646900631 -2.300972985, 37.648376946 -2.294995897, 37.656239194 -2.289341357, 37.659584752 -2.289036922, 37.662476353 -2.29125568, 37.665936354 -2.291810666, 37.670773488 -2.28965341, 37.668614323 -2.285744179, 37.66872495 -2.282795687, 37.671883584 -2.282165363, 37.673516301 -2.270725411, 37.679120203 -2.266569912, 37.67915835 -2.264896604, 37.676751225 -2.262407027, 37.678933273 -2.255815591, 37.67913545 -2.244283618, 37.676240033 -2.240780616, 37.675900513 -2.23162713, 37.678456411 -2.229295845, 37.68018069 -2.229523513, 37.686970986 -2.223134949, 37.689439142 -2.217393636, 37.695722074 -2.211818483, 37.706327141 -2.197319893, 37.710534837 -2.194402151, 37.71656218 -2.192408435, 37.725507829 -2.193338654, 37.723562291 -2.189854723, 37.707959857 -2.183319797, 37.7062165 -2.174128882, 37.699727563 -2.16657981, 37.690347031 -2.166227941, 37.667603336 -2.157850687, 37.621139376 -2.163290215, 37.592494223 -2.154309581, 37.573584374 -2.139395958, 37.56455098 -2.128651891, 37.551870667 -2.129417629, 37.545774655 -2.12721413, 37.543459085 -2.124860438, 37.544954473 -2.117979111, 37.541761504 -2.114403636, 37.537183773 -2.112509098, 37.534589723 -2.108002683, 37.454158981 -2.076243727, 37.382422101 -2.024460377, 37.360563432 -2.013984035, 37.315877149 -2.009715084, 37.309227992 -2.0042732, 37.299076875 -2.005284485, 37.287785136 -1.998544652, 37.280914723 -1.995941957, 37.276077578 -1.976792725, 37.268734131 -1.96705469, 37.266296486 -1.960260736, 37.258941598 -1.959674402, 37.253738241 -1.954378774, 37.248622626 -1.952374931, 37.245189324 -1.944476842, 37.235969008 -1.937024796, 37.222949177 -1.934298376, 37.216090211 -1.934969347, 37.211100484 -1.933806569, 37.207793074 -1.935909947, 37.201224029 -1.934103497, 37.191477279 -1.93679691, 37.187776946 -1.935391324, 37.184568718 -1.931906439, 37.183401395 -1.929599234, 37.184789972 -1.926562413, 37.183996498 -1.92487063, 37.17627539 -1.922095335, 37.172021914 -1.919106674, 37.170808813 -1.91375216, 37.159692549 -1.898259342, 37.160218986 -1.894642979, 37.154088639 -1.888378983, 37.155854879 -1.885894171, 37.160733977 -1.886713181, 37.161962334 -1.883612828, 37.161271857 -1.878430793, 37.164823411 -1.873542462, 37.163194499 -1.868956182, 37.163461529 -1.858855898, 37.158132284 -1.852791916, 37.156186746 -1.846351504, 37.151471682 -1.844547199, 37.148839486 -1.841931151, 37.143918425 -1.84189885, 37.142812139 -1.839808944, 37.144807265 -1.837016837, 37.149518513 -1.835267597, 37.149888545 -1.833450416, 37.149056923 -1.831867103, 37.145589292 -1.830986347, 37.144593634 -1.828950795, 37.14462415 -1.823688063, 37.14689394 -1.820887255, 37.143277531 -1.815928242, 37.147679779 -1.808599321, 37.153218831 -1.803821485, 37.153558344 -1.800096413, 37.151956137 -1.797192143, 37.161042927 -1.782905008, 37.162320876 -1.781866431, 37.212790356 -1.775740083, 37.220568682 -1.772293216, 37.226374766 -1.761076636, 37.244956528 -1.737700135, 37.264434782 -1.760796145, 37.274475275 -1.76782301, 37.279693889 -1.769889671, 37.293186743 -1.75335314, 37.301838655 -1.755061131, 37.287941412 -1.720259351, 37.312592484 -1.702484104, 37.319214938 -1.71043905, 37.350042138 -1.706125124, 37.351064498 -1.707455379, 37.358652087 -1.708890764, 37.362951337 -1.704779606, 37.365343202 -1.706508937, 37.373411453 -1.707365971, 37.386301578 -1.703569493, 37.388331037 -1.700839966, 37.391447709 -1.700399526, 37.393671722 -1.69764306, 37.395979661 -1.698079087, 37.400015692 -1.695468758, 37.402659332 -1.695959378, 37.406420699 -1.69267963, 37.40811446 -1.693314003, 37.410018032 -1.69132601, 37.413752697 -1.690958281, 37.414107471 -1.690135573, 37.408511193 -1.686061252, 37.408610377 -1.683881827, 37.406035401 -1.679394005, 37.40706539 -1.677441414, 37.402632619 -1.673295811, 37.401247854 -1.669360593, 37.401732329 -1.66523704, 37.395972016 -1.661886254, 37.393965441 -1.655291717, 37.38780076 -1.644551936, 37.386187106 -1.634756323, 37.383238284 -1.633379344, 37.377970076 -1.625859828, 37.375952056 -1.61725775, 37.370817363 -1.604655849, 37.366594404 -1.599570008, 37.364568756 -1.592297351, 37.34313734 -1.574699728, 37.341607613 -1.570430038, 37.337666948 -1.566248795, 37.336163925 -1.562612169, 37.342294267 -1.55595195, 37.351114027 -1.552540485, 37.350888954 -1.551220004, 37.366060311 -1.536915821, 37.366727896 -1.534293692, 37.37190073 -1.530987719, 37.373026088 -1.528329711, 37.380121568 -1.5217695, 37.382357026 -1.52197011, 37.383161944 -1.520659403, 37.384760335 -1.522017193, 37.39564389 -1.523806954, 37.399306074 -1.52251639, 37.406870775 -1.526184721, 37.409487711 -1.52605098, 37.421271555 -1.532290897, 37.428008449 -1.534131796, 37.429236806 -1.532305913, 37.431216675 -1.533871942, 37.433272839 -1.532354068, 37.43521456 -1.534146216, 37.437732312 -1.533804354, 37.439658772 -1.530088698, 37.441962898 -1.53315627, 37.448879085 -1.531370674, 37.455387089 -1.523751265, 37.458972978 -1.523401178, 37.459919041 -1.521357877, 37.465580167 -1.519869681, 37.472393357 -1.520697512, 37.474411374 -1.523140842, 37.476593424 -1.518638476, 37.482491067 -1.519791242, 37.486515654 -1.517451731, 37.49066613 -1.519625195))",Makueni,Makueni,243483772,-57.80079999999999,1056.1077,47688763616,0.0,0.0,0.0,0.0,0.0,50.0,47.22222222222221,0.25,0.858672720295521,-0.25,-1.0,-0.2911470157267369,0,0,0,0,,,0.0,0.0,0.0,0.0,,0,0,0,0,,,0.0,0.0,0.0,0.0,,0,0,0,0,,,0.0,0.0,0.0,0.0,,0,0,0,0,50.0,47.22222222222221,0.25,0.858672720295521,-0.25,-1.0,-0.2911470157267369,0,0,0,0,27.98,32.29174218806648,26.95528514180006,17.768333333333317,34.79181356473372,10.211666666666684,0.5747115655191836,0.2935077427816988,0.0,0.0,0.0,0.0,0.018498078159343633,0.0,0.0,0.0,0.0,0.03530384816298085,-0.7189072132290427,0.018498078159343633
34,23204309,2021-02-01,Kenya,Kenya_2021-02,54986000,867457,173492.0,0.2,3.0,0.4,0.4,0.15,0.05,0.0,0.3,0.45,0.2,0.05,0.0,,,,,,Mandera,"POLYGON ((40.769000973 4.278113279, 40.773979249 4.276564638, 40.783363592 4.278948133, 40.789490102 4.267187465, 40.79234355 4.265607359, 40.806477277 4.261658991, 40.81778044 4.255673276, 40.823063894 4.251067416, 40.830891803 4.248109839, 40.832539782 4.246134947, 40.842431488 4.247530995, 40.849122596 4.245281462, 40.851281755 4.243350434, 40.852666506 4.233717238, 40.855180434 4.227526034, 40.857392999 4.22531465, 40.867441109 4.225217849, 40.871324545 4.223508529, 40.882948147 4.21573149, 40.885496411 4.212650906, 40.888143858 4.208187136, 40.88730842 4.205313485, 40.888109504 4.190148499, 40.901598527 4.179645137, 40.905039428 4.15938272, 40.909041116 4.15278147, 40.919943734 4.152094871, 40.924147609 4.14818752, 40.9306022 4.145359634, 40.94026883 4.143482476, 40.941798556 4.145305267, 40.945411145 4.144925733, 40.95276602 4.140413801, 40.960376488 4.138152347, 40.965904083 4.129567147, 40.972534154 4.126964785, 40.979858508 4.119632127, 40.9829065 4.109923121, 40.986332163 4.108395461, 40.998898022 4.108228568, 41.00306375 4.105604754, 41.0047308 4.100112536, 41.014763642 4.092709785, 41.020440009 4.080335963, 41.024384481 4.078743459, 41.030068491 4.078521265, 41.032635825 4.071236769, 41.038811944 4.074638227, 41.041444136 4.07375472, 41.045010942 4.068474675, 41.04739898 4.060620884, 41.050786491 4.054663312, 41.061391549 4.04719524, 41.067014516 4.041204766, 41.069944254 4.035365917, 41.07203474 4.026355419, 41.075616806 4.022757034, 41.081583109 4.022298827, 41.084261077 4.020203781, 41.086607154 4.013552471, 41.096247076 4.007425153, 41.105688633 4.004109978, 41.103823206 4.001303081, 41.100588278 3.99949412, 41.100622608 3.99695375, 41.101881478 3.992240141, 41.10720689 3.983710013, 41.110308298 3.982951666, 41.115019545 3.985769288, 41.121729722 3.980001954, 41.127467137 3.977573148, 41.125277453 3.973311546, 41.128489489 3.971232949, 41.135150081 3.972264491, 41.137389351 3.970929697, 41.134280309 3.968062725, 41.130259538 3.966572503, 41.138236223 3.964363975, 41.138861842 3.960908871, 41.141902213 3.959237458, 41.15602068 3.955756354, 41.160434366 3.950682046, 41.168411052 3.94882587, 41.167949461 3.945889045, 41.171684117 3.941051705, 41.1799431 3.942413188, 41.183097914 3.94010859, 41.191650631 3.938594276, 41.197613114 3.933976976, 41.205708059 3.933385978, 41.208637805 3.934309291, 41.20807704 3.940928414, 41.209519028 3.944323677, 41.212048223 3.945989362, 41.214714748 3.945512086, 41.216820506 3.948914501, 41.216538216 3.951627471, 41.228371639 3.95247258, 41.230660498 3.948551882, 41.238656269 3.957172586, 41.241242685 3.95825944, 41.243249253 3.956536535, 41.243810017 3.949329999, 41.245931028 3.947606617, 41.248181748 3.951858444, 41.251225937 3.95254622, 41.253118062 3.950877669, 41.256562801 3.950922484, 41.260987938 3.953107159, 41.265123151 3.952924065, 41.274877518 3.949516392, 41.27769282 3.949562877, 41.280336459 3.952213384, 41.283891824 3.949609119, 41.2818204 3.946911886, 41.289057022 3.947126913, 41.29640427 3.945388983, 41.294866926 3.953049907, 41.298773253 3.953735058, 41.302034876 3.948031143, 41.306967373 3.944735999, 41.312754382 3.945542494, 41.31382633 3.942836436, 41.32103625 3.943846997, 41.323328924 3.941201015, 41.32746032 3.93946285, 41.334185766 3.942788496, 41.339122081 3.942729367, 41.347461178 3.948472844, 41.353374073 3.94736238, 41.355273833 3.951162443, 41.355575207 3.957841641, 41.358161624 3.959045548, 41.360515339 3.959789109, 41.362582944 3.95851773, 41.363723557 3.955007079, 41.367336142 3.952068104, 41.370380331 3.953496582, 41.373596183 3.953089632, 41.377437656 3.95054759, 41.381115096 3.95135051, 41.385608905 3.958252606, 41.389973005 3.959279382, 41.392506017 3.962616475, 41.395611242 3.963647066, 41.399342088 3.962659856, 41.410633801 3.952910078, 41.418553264 3.950536817, 41.421704261 3.946677148, 41.429268955 3.94885133, 41.438878364 3.948262715, 41.440030428 3.950564209, 41.439122518 3.955800385, 41.441708934 3.956606167, 41.447041981 3.953598531, 41.451982111 3.953593043, 41.461580081 3.958472325, 41.465368148 3.957828408, 41.469438504 3.952872108, 41.477480046 3.955568619, 41.479662093 3.954061703, 41.482935167 3.954178514, 41.485876363 3.960794772, 41.496382244 3.960428581, 41.501272787 3.966062637, 41.504202531 3.965710281, 41.506609649 3.962657115, 41.508211849 3.959199626, 41.505675021 3.955284656, 41.507624367 3.952639627, 41.516409786 3.953137155, 41.521529214 3.957279077, 41.526705873 3.970025261, 41.536547987 3.973149219, 41.541896302 3.978898897, 41.549487702 3.983258951, 41.552470853 3.982734472, 41.563651939 3.974140686, 41.566856339 3.967216649, 41.569210053 3.966757492, 41.572769235 3.967731344, 41.579441276 3.97250049, 41.590691033 3.969365304, 41.595711272 3.969213916, 41.600342408 3.972696906, 41.619290377 3.971859393, 41.621766166 3.973695294, 41.624936249 3.980942114, 41.629704713 3.981170971, 41.630093813 3.975060352, 41.632447527 3.975576958, 41.634187071 3.982946078, 41.638036177 3.983746853, 41.638600759 3.980401412, 41.636647593 3.978048902, 41.636468296 3.975048901, 41.642385008 3.976539359, 41.644334354 3.974409271, 41.644269499 3.971354677, 41.647195427 3.969275842, 41.651273418 3.970247787, 41.656259317 3.963842264, 41.667799 3.963714708, 41.669870424 3.966301563, 41.677721214 3.957934975, 41.680086378 3.962716999, 41.680265675 3.965933465, 41.683542567 3.968868856, 41.68326791 3.974165584, 41.685789472 3.972955473, 41.686590571 3.969844139, 41.690325234 3.971675271, 41.693899683 3.979155244, 41.705679702 3.984150147, 41.708266117 3.984665799, 41.711707039 3.98292835, 41.714297271 3.984772356, 41.715624816 3.98919583, 41.718272271 3.99225066, 41.721026535 3.991608889, 41.722457071 3.988902116, 41.721621633 3.985995091, 41.730670274 3.989516459, 41.732741698 3.991759544, 41.73612158 3.987609507, 41.734450707 3.984154167, 41.736400053 3.982828195, 41.739562501 3.985013586, 41.754428662 3.982343035, 41.755225945 3.978942763, 41.753234626 3.971105668, 41.76713947 3.973480812, 41.777000651 3.972001779, 41.782547338 3.980395768, 41.78392447 3.98010206, 41.786346845 3.976099593, 41.78892563 3.975675241, 41.795067417 3.980678494, 41.79447612 3.973659341, 41.800453861 3.9689946, 41.795776949 3.966742221, 41.798164994 3.964592583, 41.798500687 3.958491977, 41.799908335 3.956056501, 41.803051705 3.954708595, 41.807846875 3.957303791, 41.812245304 3.955300765, 41.819951143 3.956548532, 41.822457445 3.954506889, 41.820012174 3.951479236, 41.820893382 3.947961196, 41.826085282 3.945205547, 41.827531082 3.946113127, 41.828431372 3.949552733, 41.830552384 3.949247342, 41.835076696 3.943042313, 41.837132856 3.942158808, 41.837914888 3.945318773, 41.836175356 3.948785321, 41.836594983 3.950338007, 41.843209797 3.951535234, 41.847169523 3.945973642, 41.850026786 3.944969745, 41.853078603 3.945627958, 41.855684094 3.947724428, 41.85473041 3.95498341, 41.856946795 3.957839893, 41.861082007 3.958141939, 41.866174725 3.956651469, 41.867815079 3.959338213, 41.867155127 3.962051421, 41.869005292 3.963129217, 41.870874528 3.960981248, 41.874536706 3.959676254, 41.877622861 3.963785755, 41.882620211 3.963741169, 41.885855145 3.970949369, 41.898676598 3.977608527, 41.902300631 3.977975179, 41.905135002 3.97473034, 41.907709971 3.973899043, 41.913844128 3.97844028, 41.87218295 3.92112968, 41.3308814 3.151910495, 40.994883661 2.822846744, 40.993254311 2.175247394, 40.982347878 2.17647348, 40.959421096 2.171928444, 40.948968622 2.17344299, 40.934434344 2.177639273, 40.89840765 2.199983583, 40.890400448 2.206684944, 40.878166483 2.221258911, 40.871658485 2.226231412, 40.86812601 2.23300858, 40.866409369 2.243825633, 40.855583058 2.263009494, 40.848666881 2.269944961, 40.844813962 2.27125186, 40.832347296 2.286459489, 40.829123815 2.288742386, 40.824126464 2.289933185, 40.80767335 2.286744151, 40.797495541 2.291368832, 40.787191846 2.298742715, 40.779573752 2.307351973, 40.773077197 2.310660698, 40.756887305 2.312715695, 40.742555204 2.310056617, 40.730481454 2.315018156, 40.725403995 2.320694407, 40.720456238 2.323720868, 40.718316153 2.327395053, 40.71776683 2.333897587, 40.707035884 2.346345288, 40.705178092 2.350480296, 40.692207875 2.363319447, 40.686176721 2.364276379, 40.677074679 2.371892951, 40.674396714 2.380053304, 40.670364502 2.383259516, 40.668277824 2.387684178, 40.669738886 2.393506324, 40.666034748 2.402952118, 40.668968313 2.410373196, 40.664032006 2.423130334, 40.655906546 2.430004298, 40.652686878 2.431030125, 40.647353826 2.430539268, 40.642985913 2.432362536, 40.63951066 2.439321127, 40.63532204 2.438783782, 40.633254434 2.439862294, 40.63145005 2.444811431, 40.615962082 2.456080499, 40.603682346 2.479518335, 40.603754832 2.487983121, 40.593268029 2.497319973, 40.593359587 2.501814485, 40.596960734 2.505111045, 40.59614056 2.50833156, 40.579355574 2.526331073, 40.580469501 2.545393829, 40.57959592 2.547637867, 40.56610308 2.561853054, 40.561475766 2.569202381, 40.559835419 2.576050595, 40.562730836 2.582857085, 40.561227817 2.584694656, 40.556459352 2.586509343, 40.550790607 2.595415408, 40.550851651 2.60669305, 40.545453757 2.619225621, 40.541532182 2.634984905, 40.5379463 2.640723141, 40.536527211 2.649470431, 40.534104833 2.652340265, 40.532186006 2.657687765, 40.528386495 2.660369504, 40.522729209 2.690691792, 40.519204363 2.695742728, 40.511902891 2.699107241, 40.501042245 2.714025464, 40.501431354 2.716674778, 40.510800441 2.72495647, 40.512200468 2.731755573, 40.513966709 2.73424063, 40.519295947 2.735988319, 40.520310679 2.739269864, 40.519212027 2.741568496, 40.519929208 2.746813007, 40.518971706 2.755559821, 40.5212415 2.760811484, 40.519082344 2.767651356, 40.521588652 2.771808534, 40.519341753 2.773647297, 40.515435426 2.774430199, 40.509842974 2.779990354, 40.504101742 2.780775402, 40.501587815 2.790682023, 40.496029695 2.795165812, 40.494915786 2.801145306, 40.496945248 2.805176372, 40.500496803 2.808084107, 40.499768185 2.812281339, 40.496170855 2.813932008, 40.495533792 2.819051839, 40.497261892 2.828907678, 40.49979109 2.833760978, 40.495953436 2.843307382, 40.498318598 2.847744916, 40.494374127 2.851982678, 40.495457528 2.859804509, 40.493531075 2.868534399, 40.400065366 2.909506948, 40.361581956 2.929533826, 40.31071198 2.951338446, 40.293659954 2.961208368, 40.270565328 2.971383683, 40.045581681 3.223703231, 40.039886228 3.22619664, 40.035201691 3.231855019, 40.01661231 3.240973756, 39.790644305 3.331159185, 39.788191412 3.337927544, 39.786883275 3.69014132, 39.866749543 3.86466248, 40.118105079 3.996138313, 40.150057633 4.011389323, 40.157855028 4.010563981, 40.162711243 4.018471642, 40.208534317 4.039154063, 40.430111678 4.130527069, 40.699720848 4.239503817, 40.702013532 4.244318505, 40.704493135 4.245335032, 40.710142815 4.24734806, 40.727728917 4.248619655, 40.747165197 4.261506962, 40.758491275 4.277929725, 40.763965475 4.279544628, 40.769000973 4.278113279))",Mandera,Mandera,2196665233,877.9226000000002,10432.420099999994,430248001965,0.0,2.0,0.0,0.0,2.0,46.875,52.128245982412636,2.4166666666666665,2.375905624437109,-0.4166666666666665,-0.17241379310344823,-0.17537172452520358,0,0,0,0,,,0.0,0.0,0.0,0.0,,0,0,0,0,,,0.0,0.0,0.0,0.0,,0,0,0,0,,,0.0,0.0,0.0,0.0,,0,0,0,0,46.875,52.128245982412636,2.4166666666666665,2.3759056244371104,-0.4166666666666665,-0.17241379310344823,-0.1753717245252035,0,0,0,0,11.5,37.52063084540619,30.072531066714685,6.140833333333354,11.92427143583046,5.359166666666646,0.87271000135703,0.44943346815833446,0.0,0.0,0.0,0.0,0.14074622034752057,0.0,0.0,0.0,0.0,0.266601878846777,-0.6875467949602875,0.14074622034752057
35,23204309,2021-02-01,Kenya,Kenya_2021-02,54986000,459785,68968.0,0.15,2.0,0.4,0.45,0.1,0.05,0.0,0.3,0.45,0.2,0.05,0.0,,,,,,Marsabit,"POLYGON ((36.641506825 4.445211417, 36.648533641 4.444113345, 36.668858772 4.445615233, 36.700784635 4.445281917, 36.706007066 4.447512844, 36.765052176 4.449195395, 36.790126706 4.453547094, 36.822991004 4.454268928, 36.838917689 4.448575477, 36.864556786 4.43650867, 36.906015763 4.42669185, 36.917002311 4.419454059, 36.941542753 4.408239767, 36.94351499 4.406355463, 36.943545503 4.400930944, 36.950511285 4.401619431, 36.966418898 4.399158664, 36.971561213 4.396198226, 36.983490007 4.385860301, 36.988800173 4.383885402, 36.99576214 4.384862351, 37.003578609 4.378346436, 37.007198833 4.379468335, 37.010288805 4.382668116, 37.015591353 4.39118132, 37.026829672 4.380551119, 37.031548551 4.381277752, 37.03325375 4.375694935, 37.039380276 4.372057921, 37.038647836 4.369226225, 37.051591354 4.353355548, 37.060784967 4.356543879, 37.072622212 4.35144786, 37.078538923 4.345549876, 37.098661831 4.313131478, 37.11209746 4.301989197, 37.117296997 4.299497451, 37.123164124 4.300633174, 37.132815501 4.295457534, 37.174118049 4.266369065, 37.189895953 4.257897799, 37.22620878 4.23527661, 37.241929463 4.227264499, 37.31157959 4.180315197, 37.336791426 4.164697215, 37.373764205 4.138901995, 37.39081243 4.13106916, 37.40290526 4.122620309, 37.413247112 4.118137455, 37.451764877 4.094880701, 37.58511026 4.000499138, 37.603550874 3.98981363, 37.619073182 3.977358733, 37.63694158 3.966779552, 37.682787517 3.933018254, 37.710181401 3.915487608, 37.725413787 3.903707619, 37.77649741 3.87036304, 37.783676814 3.867126299, 37.809499012 3.85105394, 37.837388814 3.83109378, 37.843980744 3.828769153, 37.877970367 3.804392422, 37.913138758 3.782746782, 37.921340518 3.776000104, 37.973763129 3.746683986, 37.999158078 3.737523272, 38.006997427 3.723212935, 38.012624213 3.715675255, 38.028562327 3.698650986, 38.041395218 3.686018969, 38.048807323 3.682607722, 38.070471416 3.667967431, 38.095721393 3.64794792, 38.130332808 3.606949601, 38.137710585 3.609851376, 38.147506926 3.608684647, 38.173485549 3.615837044, 38.189309237 3.617651477, 38.233709399 3.615238846, 38.245279609 3.612760925, 38.297591614 3.611029867, 38.331051 3.608522364, 38.346867057 3.608732855, 38.366577996 3.60738088, 38.374535614 3.605133732, 38.445005942 3.601090671, 38.466799754 3.606567848, 38.498351766 3.618645068, 38.520778831 3.625053427, 38.522655714 3.639176132, 38.516658895 3.646012204, 38.516727564 3.649857089, 38.519542871 3.653296457, 38.522575615 3.651289618, 38.524757667 3.65243059, 38.530254756 3.651049544, 38.536617801 3.652011713, 38.539478881 3.6513256, 38.542160663 3.646378598, 38.551251264 3.63936277, 38.551976065 3.632759141, 38.556599566 3.626727187, 38.559990886 3.611512376, 38.565777899 3.611442758, 38.567662395 3.608919551, 38.575272866 3.604834115, 38.603464049 3.604792607, 38.612192258 3.610296735, 38.614652787 3.609492615, 38.61504189 3.605240784, 38.617212495 3.602771931, 38.651232647 3.596868923, 38.665602898 3.591799135, 38.669062905 3.599779747, 38.67648265 3.608376854, 38.67336599 3.620272446, 38.682601562 3.623532532, 38.684604318 3.6231263, 38.689353709 3.619907205, 38.690654542 3.614389003, 38.692596261 3.612661806, 38.696296583 3.603534731, 38.703083057 3.593069762, 38.707710374 3.588529704, 38.715221647 3.569922485, 38.730446406 3.564101028, 38.844840011 3.531006497, 38.905582641 3.510658925, 38.959802029 3.514154983, 38.958669045 3.519094592, 38.959657076 3.523916669, 38.965974346 3.528440505, 38.968839242 3.528558033, 38.971414212 3.526486351, 38.976575603 3.527572249, 38.979604532 3.525726807, 38.981542434 3.522279807, 38.989900601 3.519511521, 39.000669707 3.518181727, 39.002416878 3.523429105, 39.006319392 3.523040036, 39.009016435 3.52102247, 39.014467739 3.512273971, 39.019518496 3.508256959, 39.022955612 3.512463728, 39.023524021 3.521338811, 39.028803669 3.52233388, 39.033446248 3.521130442, 39.036086074 3.523383063, 39.043540143 3.52461319, 39.047156547 3.522948215, 39.054786089 3.515818913, 39.056964326 3.516859042, 39.060691365 3.52187994, 39.070594521 3.524837736, 39.07571395 3.52773236, 39.080470982 3.536959792, 39.0855103 3.539483469, 39.089645515 3.539057925, 39.09532952 3.530363065, 39.101009715 3.526228045, 39.102901839 3.522889517, 39.106689907 3.519903577, 39.122406771 3.515097696, 39.129692985 3.509985243, 39.140076799 3.509314142, 39.150800126 3.506915133, 39.150060054 3.501088923, 39.151494407 3.498844881, 39.162335992 3.496165276, 39.164918592 3.493631579, 39.173524718 3.489676548, 39.180406568 3.488128146, 39.189867208 3.488904361, 39.192686315 3.477206166, 39.228186602 3.478609344, 39.234381791 3.475106794, 39.240405318 3.474200638, 39.257899871 3.474295504, 39.263465622 3.470439887, 39.268283681 3.469759972, 39.28060922 3.475320356, 39.291965803 3.477126211, 39.295692837 3.476555006, 39.298504323 3.474319545, 39.302174136 3.474788947, 39.304928403 3.475882715, 39.307793304 3.482060797, 39.316220146 3.489394867, 39.319600042 3.496549905, 39.325028468 3.499967812, 39.322014778 3.479631508, 39.316986896 3.468595829, 39.307716986 3.457471231, 39.302044409 3.448281469, 39.298206739 3.439443819, 39.297005077 3.430750159, 39.302368638 3.418535116, 39.308674452 3.41058096, 39.310024877 3.405875935, 39.31818464 3.362610979, 39.322254967 3.321790085, 39.327629957 3.291327346, 39.331311205 3.281175403, 39.339844841 3.266453129, 39.341202895 3.261106099, 39.346688458 3.164935402, 39.34482303 3.160475932, 39.345967443 3.136971801, 39.344792435 3.066867553, 39.343033822 3.064153871, 39.330590024 3.055825688, 39.283866654 3.028300064, 39.263434707 3.005352852, 39.244189159 2.986973819, 39.233561198 2.984578644, 39.207468136 2.973039968, 39.202341077 2.968761683, 39.196351875 2.959380969, 39.188462921 2.95786238, 39.162984046 2.956952674, 39.150174034 2.954511728, 39.147240471 2.952304642, 39.13935151 2.940797897, 39.12685812 2.934556888, 39.119075969 2.918318184, 39.111972835 2.885188273, 39.066947057 2.882713023, 39.070094188 2.806020186, 39.065970394 2.773188513, 39.064356719 2.738510925, 39.061423155 2.733770386, 39.051844251 2.725682747, 39.049948305 2.720733847, 39.048040906 2.703888181, 39.036672869 2.688834081, 39.031961613 2.674005978, 39.015554242 2.63337561, 38.991818683 2.581028713, 38.984242534 2.569819015, 38.975930137 2.563332217, 38.956066606 2.558156614, 38.945495864 2.553424663, 38.918677999 2.549324716, 38.912860466 2.545569716, 38.900935482 2.544284283, 38.895568093 2.541397766, 38.889292789 2.539958801, 38.892569678 2.537443941, 38.895056906 2.529980181, 38.897994263 2.500975274, 38.904178002 2.486002697, 38.904311514 2.478276463, 38.919051773 2.434932401, 38.93550487 2.397767372, 38.935096682 2.387281685, 38.938976292 2.361732596, 38.938331592 2.357344647, 38.933734783 2.346867785, 38.932796343 2.337404349, 38.933048113 2.330030945, 38.938110308 2.311927733, 38.937816567 2.307205074, 38.93058756 2.290295528, 38.928230023 2.279257715, 38.93192271 2.255328065, 38.934192496 2.246706171, 38.937061203 2.241259974, 38.938217069 2.22369936, 38.940784403 2.208337248, 38.940227429 2.178888458, 38.93785081 2.153501966, 38.943607297 2.140718364, 38.950847725 2.117512491, 38.957493053 2.102024029, 38.961681672 2.096867246, 38.962501847 2.09369155, 38.38692091 1.760497877, 38.342913591 1.575098349, 38.222179751 1.479037528, 37.947569295 1.264176954, 37.952955798 1.385302212, 37.853420715 1.456217418, 37.85110896 1.452444301, 37.850220114 1.444366199, 37.846725778 1.438792465, 37.843971505 1.423079086, 37.832550068 1.4227296, 37.827606118 1.418349046, 37.818278994 1.420668896, 37.811095771 1.416033973, 37.801215503 1.416444974, 37.794554904 1.411412285, 37.788107935 1.412847083, 37.783873536 1.416779572, 37.781985222 1.416290142, 37.779127953 1.409866521, 37.773863563 1.408534119, 37.764696659 1.412011627, 37.760397408 1.411448534, 37.756979368 1.408868716, 37.748918749 1.410854332, 37.72518703 1.402583256, 37.721391329 1.403006294, 37.717458296 1.405789944, 37.711778096 1.405316489, 37.685177666 1.396962094, 37.679997201 1.398225484, 37.675655988 1.401289252, 37.67324505 1.401152174, 37.666588265 1.395658185, 37.661770204 1.395429206, 37.660351107 1.39386365, 37.657364138 1.394178574, 37.654739574 1.397722593, 37.650604358 1.397964449, 37.644050573 1.393510589, 37.641170416 1.389438759, 37.633464568 1.385210423, 37.630923927 1.381545896, 37.623065489 1.380709123, 37.622783194 1.37540883, 37.621303061 1.374060335, 37.61733188 1.375170435, 37.608054346 1.37282246, 37.604567643 1.376646239, 37.599204073 1.389097508, 37.595736439 1.38104575, 37.590166865 1.375796595, 37.587763553 1.364995994, 37.579569415 1.363399329, 37.581469175 1.36797692, 37.579363422 1.376721701, 37.572843972 1.379530623, 37.568743091 1.387152671, 37.562345714 1.389328409, 37.556863884 1.395936553, 37.501889194 1.498616563, 37.471065829 1.551584234, 37.458614408 1.566877447, 37.453922237 1.575239722, 37.443412535 1.5860122, 37.351274327 1.739896853, 37.306527019 1.762438089, 37.267765136 1.875965476, 37.249732693 1.878379977, 37.244998557 1.880238051, 37.24284321 1.881773095, 37.237147755 1.892175702, 37.23081523 1.898318499, 37.222678316 1.902831491, 37.216578492 1.909146054, 37.207648105 1.914245862, 37.191378093 1.92711458, 37.18689955 1.93473282, 37.179052566 1.954735706, 37.173734769 1.955968701, 37.154248899 1.964628032, 37.132558085 1.967741518, 37.120427101 1.973578216, 37.113270582 1.974320471, 37.10152489 1.979171752, 37.085891939 1.98069083, 37.014998145 1.980254121, 37.009169168 1.981612395, 37.003519486 1.984923862, 36.994158025 1.98223617, 36.985815116 1.993410474, 36.984457059 2.000741563, 36.981946937 2.000910112, 36.970056284 2.007975036, 36.947781815 2.024140085, 36.942532684 2.025381186, 36.921467487 2.017524321, 36.915890285 2.017833526, 36.913803603 2.019150913, 36.913040652 2.026898126, 36.919060386 2.061543043, 36.91616498 2.079829585, 36.917568828 2.098700439, 36.916550284 2.101221734, 36.913387835 2.101344034, 36.909676059 2.10347269, 36.912899555 2.123186756, 36.912476117 2.127851486, 36.900764769 2.15439828, 36.893501456 2.192848992, 36.862491177 2.255910242, 36.841376402 2.274737963, 36.755711928 2.508838776, 36.753739694 2.516980543, 36.744012014 2.515019965, 36.739525837 2.515572574, 36.728386689 2.512380195, 36.723900512 2.512878449, 36.711918298 2.508509099, 36.705028812 2.508506005, 36.703033685 2.511006562, 36.698925173 2.512771186, 36.695827574 2.512602879, 36.694126202 2.541970405, 36.694915871 2.558134977, 36.703453353 2.57851728, 36.69962333 2.596463403, 36.699753051 2.625897444, 36.692543143 2.65452213, 36.696270187 2.666344283, 36.696140488 2.671135128, 36.694667991 2.681211735, 36.688701685 2.688450216, 36.693382422 2.69792391, 36.690052125 2.701623849, 36.687221567 2.710468416, 36.692329555 2.714410562, 36.699585259 2.71324932, 36.704353731 2.716901336, 36.7061772 2.725646487, 36.703468722 2.745221586, 36.705460039 2.750333076, 36.70689822 2.765233427, 36.70591783 2.777109939, 36.701210399 2.780725724, 36.703434422 2.79311479, 36.69981421 2.808403018, 36.695576001 2.819070617, 36.696373293 2.823528898, 36.699001674 2.824203085, 36.701607165 2.822861379, 36.705025206 2.824757356, 36.70814952 2.842292005, 36.701187565 2.858278504, 36.678878771 2.882984184, 36.667602295 2.887833208, 36.666255681 2.889538947, 36.657447363 2.891021313, 36.619631482 2.885129809, 36.57702425 2.892153046, 36.567731457 2.895188098, 36.524803774 2.889102066, 36.517582418 2.910977714, 36.466704769 2.944594737, 36.457534054 2.954895209, 36.449751911 2.956739224, 36.446631427 2.961820442, 36.447028167 2.965924703, 36.440974124 2.975237728, 36.43361542 2.97570857, 36.41880266 2.998151137, 36.414167707 2.999866415, 36.404821516 3.014620879, 36.3978977 3.019674447, 36.39505188 3.024529903, 36.400121721 3.027506538, 36.401666704 3.026227054, 36.403562649 3.027026878, 36.405706556 3.030701306, 36.405489115 3.032951308, 36.403223142 3.038901726, 36.397455205 3.045684156, 36.397859581 3.057850087, 36.395914054 3.070028179, 36.394384332 3.074760144, 36.386400013 3.084871806, 36.391958141 3.082960325, 36.393178871 3.085783196, 36.378545417 3.122765192, 36.36945481 3.131002569, 36.364281981 3.141228899, 36.355645333 3.148717229, 36.342900182 3.172190634, 36.338673414 3.17717745, 36.334263534 3.179099896, 36.329464549 3.184717752, 36.322754358 3.186137179, 36.313377635 3.183130271, 36.308994454 3.179467764, 36.304687571 3.179890209, 36.303203624 3.181684633, 36.313373822 3.185696865, 36.303077737 3.182154277, 36.299640631 3.19254677, 36.298057512 3.2090444, 36.299129479 3.227898355, 36.297370871 3.232113951, 36.29182419 3.237449068, 36.291614379 3.240683654, 36.288932594 3.244553335, 36.286914586 3.254488342, 36.279433815 3.262998924, 36.270442391 3.267773093, 36.268863078 3.274013166, 36.252211587 3.285922837, 36.245318295 3.297027907, 36.235922503 3.301348166, 36.230219419 3.309681856, 36.220884664 3.314625765, 36.214525438 3.323165194, 36.224211158 3.325334132, 36.228487527 3.330677824, 36.235861494 3.335018096, 36.252688474 3.334929874, 36.256049297 3.340677652, 36.254588243 3.347550435, 36.254199147 3.361339387, 36.257624823 3.368813406, 36.256919105 3.388194942, 36.253848215 3.394087194, 36.254206807 3.397205919, 36.248206168 3.402999239, 36.237662129 3.407839685, 36.236304072 3.411594935, 36.237032701 3.419784152, 36.231882755 3.423329614, 36.230868028 3.426850757, 36.233031012 3.434682613, 36.232756351 3.437040372, 36.229391722 3.44184696, 36.230520902 3.449278308, 36.22812141 3.452117872, 36.229239143 3.457018861, 36.222651027 3.460686385, 36.218893477 3.46716343, 36.218965961 3.47044379, 36.220869536 3.472112099, 36.221247204 3.478050122, 36.217989388 3.481637064, 36.217485839 3.484002929, 36.220957291 3.489462246, 36.221491362 3.492635564, 36.217867333 3.502799915, 36.218473888 3.509145122, 36.212301585 3.515578542, 36.21153482 3.522552407, 36.209997468 3.52533094, 36.206152174 3.526159615, 36.204557599 3.528413911, 36.206060622 3.530252913, 36.206842658 3.537800363, 36.208704274 3.542694678, 36.20789555 3.552966544, 36.210577344 3.560619364, 36.210844385 3.567939621, 36.208803484 3.573255904, 36.210031847 3.577976427, 36.20901712 3.5821391, 36.213343089 3.596529054, 36.212351255 3.605182912, 36.221274032 3.621105287, 36.221136705 3.627511764, 36.218699069 3.633811441, 36.220610275 3.637549524, 36.217329576 3.647253291, 36.218893647 3.661372905, 36.217531775 3.664956271, 36.225199481 3.670157876, 36.230177761 3.666676303, 36.238577903 3.670036996, 36.241442799 3.668636165, 36.245425429 3.672534212, 36.246131166 3.675645071, 36.244376373 3.681016186, 36.245021073 3.683430922, 36.24755027 3.683999261, 36.248965548 3.679720249, 36.256446329 3.683086903, 36.257556431 3.686307424, 36.252318752 3.695797589, 36.251841912 3.703576764, 36.248164466 3.703077323, 36.250712741 3.707449784, 36.257228385 3.712892173, 36.266257963 3.715152419, 36.269260195 3.718306426, 36.273258088 3.725204954, 36.274791636 3.733559621, 36.280078927 3.745522682, 36.274146957 3.753863291, 36.27573391 3.760718195, 36.275234178 3.76423171, 36.263034528 3.77064559, 36.252681221 3.767639873, 36.257892214 3.77637669, 36.256591379 3.779960057, 36.257579408 3.782547631, 36.252295942 3.782458475, 36.252421832 3.785052487, 36.24803103 3.790785733, 36.245055527 3.815716957, 36.2393143 3.82797016, 36.236563857 3.840205481, 36.2416833 3.853560075, 36.24094705 3.855581932, 36.236712651 3.858541175, 36.237414572 3.860847678, 36.227602979 3.87462306, 36.227023143 3.885058233, 36.224814392 3.890725918, 36.213564628 3.903935821, 36.212431643 3.90722119, 36.20682774 3.911521663, 36.206263155 3.914004821, 36.195528385 3.925824146, 36.191168107 3.9387041, 36.187627998 3.942243127, 36.179021864 3.944590406, 36.181673135 3.946478995, 36.189886349 3.945919466, 36.196958947 3.947904364, 36.211661119 3.970544568, 36.211397904 3.975622216, 36.205107343 3.981076777, 36.209013685 3.992123201, 36.207430558 3.997665966, 36.205015806 3.998931864, 36.213137491 4.02463168, 36.216109219 4.041693375, 36.21861553 4.044683842, 36.218272206 4.05057419, 36.220286412 4.054566408, 36.219679869 4.061332633, 36.216696724 4.071578523, 36.217936529 4.074600937, 36.225989529 4.080204246, 36.22412411 4.087363352, 36.224967181 4.092535167, 36.231730789 4.10128772, 36.236396277 4.117207963, 36.242969146 4.125345448, 36.246562676 4.135921753, 36.245799746 4.161167196, 36.241531025 4.174679624, 36.237704807 4.177783576, 36.233199555 4.177333961, 36.22121353 4.181123079, 36.207198056 4.196118356, 36.209841698 4.197889654, 36.210551249 4.200584987, 36.209090195 4.205703403, 36.211524025 4.20817893, 36.215022183 4.215637461, 36.215335 4.220364426, 36.218959042 4.224190718, 36.22175528 4.231267335, 36.222491538 4.236673735, 36.220149278 4.249207776, 36.22024847 4.256599559, 36.222770045 4.264027576, 36.222388574 4.270739924, 36.217799411 4.283211508, 36.214030417 4.288221695, 36.199568612 4.301840462, 36.188799516 4.319683171, 36.18710576 4.324700508, 36.187399505 4.330927477, 36.19570047 4.341024599, 36.197031838 4.351149859, 36.213301871 4.360056887, 36.218451833 4.372672454, 36.217933027 4.376664676, 36.210520936 4.394935548, 36.214633277 4.405676827, 36.215617508 4.423545273, 36.21696413 4.428239816, 36.216304179 4.433333917, 36.182097064 4.423481419, 36.181208233 4.434474454, 36.173578689 4.443400104, 36.172640258 4.446775828, 36.173513846 4.450438583, 36.195700588 4.450234489, 36.213424039 4.448476519, 36.228854818 4.454300101, 36.235530676 4.453719832, 36.25040067 4.448136999, 36.338792863 4.448959376, 36.362387255 4.44736351, 36.407195623 4.447830245, 36.429702802 4.445360412, 36.456276537 4.446437944, 36.49804834 4.445397526, 36.50609752 4.446608582, 36.520612742 4.444190251, 36.530336607 4.444096788, 36.556368648 4.449145564, 36.597034168 4.452289518, 36.603736735 4.456433354, 36.625267333 4.455969883, 36.633224954 4.453275018, 36.641506825 4.445211417))",Marsabit,Marsabit,1068802875,317.6822000000002,4658.451700000004,206807086572,0.0,0.0,0.0,0.0,0.0,50.0,49.343434343434325,2.4166666666666665,5.092620406892276,-2.4166666666666665,-1.0,-0.47454286272662033,0,0,0,0,,,0.0,8.788225421601363e-09,0.0,0.0,0.0,0,0,0,0,,,0.0,0.0,0.0,0.0,,0,0,0,0,,,0.0,0.0,0.0,0.0,,0,0,0,0,50.0,49.343434343434325,2.4166666666666665,5.092620406892276,-2.4166666666666665,-1.0,-0.47454286272662033,0,0,0,0,10.48,36.00457927876365,30.784565643860947,6.235833333333301,11.479155368362893,4.2441666666666995,0.6806093812642077,0.36972813159788986,0.0,0.0,0.0,0.0,0.0916773687177842,0.0,0.0,0.0,0.0,0.17164277258976718,-0.6382922641571479,0.0916773687177842
36,23204309,2021-02-01,Kenya,Kenya_2021-02,54986000,1026975,51349.0,0.05,2.0,0.65,0.3,0.05,0.0,0.0,0.6,0.35,0.05,0.0,0.0,,,,,,Meru,"POLYGON ((38.13339443 0.459244967, 38.177779321 0.328312718, 38.197108784 0.320950502, 38.197459736 0.225727683, 38.198722427 0.223728483, 38.203937224 0.223665442, 38.222740247 0.214737582, 38.229622101 0.214330846, 38.241997229 0.203502767, 38.246071409 0.202634494, 38.247673614 0.200445307, 38.258622017 0.193588509, 38.263260782 0.188920676, 38.266121863 0.181439263, 38.271279438 0.177694191, 38.28427256 0.173804665, 38.288472627 0.165074825, 38.297712011 0.158851062, 38.304620567 0.138568671, 38.3063334 0.130046759, 38.306264734 0.118059922, 38.30861082 0.111265928, 38.311132386 0.107864439, 38.318639862 0.106019087, 38.321443721 0.096800571, 38.329298342 0.093860545, 38.329237305 0.090350421, 38.326723369 0.08742828900000001, 38.327165883 0.08512138599999999, 38.324262839 0.078806735, 38.324293357 0.074663347, 38.3293136 0.07026672, 38.338766612 0.06854797999999999, 38.340418409 0.066865313, 38.339754638 0.061292517, 38.340830405 0.05932939, 38.344496403 0.058497138, 38.34920765 0.059745647, 38.347960218 0.052788683, 38.344412478 0.044863696, 38.344919843 0.042900558, 38.354643703 0.038883889, 38.357207231 0.036278442, 38.35579195 0.029837135, 38.35620776 0.022699243, 38.362242734 0.015706119, 38.365962139 0.014186274, 38.370959493 0.006225117, 38.375075635 0.004126267, 38.377963419 -0.004287253, 38.393626884 -0.010068179, 38.3924176 -0.012194181, 38.393733697 -0.014953466, 38.400104371 -0.017260424, 38.400676587 -0.018988371, 38.398887458 -0.023647485, 38.400836807 -0.026750559, 38.403934404 -0.026813901, 38.405425981 -0.028143793, 38.404617249 -0.03089403, 38.40620801 -0.044581919, 38.409015684 -0.046952213, 38.408206952 -0.050860448, 38.410327967 -0.052868867, 38.408199322 -0.057066587, 38.411235883 -0.060178736, 38.408817316 -0.06563396000000001, 38.41306316 -0.067425284, 38.417656149 -0.06731677599999999, 38.425602324 -0.073468742, 38.41923165 -0.072862528, 38.416816898 -0.07583891, 38.405406908 -0.078833268, 38.396697778 -0.076155286, 38.393626884 -0.07632713300000001, 38.391017579 -0.084414952, 38.386676365 -0.088947344, 38.38279674 -0.08977958900000001, 38.381293719 -0.08937245100000001, 38.378913299 -0.084803778, 38.368891886 -0.08151964, 38.351134111 -0.067659741, 38.345472985 -0.064927553, 38.338644539 -0.065226012, 38.332083127 -0.07100677900000001, 38.326811108 -0.06915213100000001, 38.323572365 -0.069767263, 38.324812166 -0.066772822, 38.318872562 -0.060250074, 38.313154215 -0.056043298, 38.304750267 -0.054387663, 38.300611236 -0.052306888, 38.302861953 -0.049828127, 38.302648326 -0.045621425, 38.298646627 -0.043169745, 38.297803562 -0.039062559, 38.294480893 -0.03852878, 38.29242473 -0.036393758, 38.289826868 -0.029337361, 38.287064971 -0.02661431, 38.282883978 -0.024180745, 38.279832159 -0.024542597, 38.276139457 -0.022145228, 38.269772598 -0.021801429, 38.266388893 -0.019250276, 38.254078615 -0.01688003, 38.250179916 -0.017404718, 38.248280158 -0.023701111, 38.245880665 -0.023547309, 38.242798327 -0.019159722, 38.238716518 -0.017205655, 38.237755194 -0.012836178, 38.232280993 -0.012257188, 38.23080849 -0.010990673, 38.229412282 -0.000740971, 38.221988731 0.001357813, 38.22327431 0.006867133, 38.220027937 0.010521909, 38.212573867 0.010874697, 38.208350911 0.015144616, 38.192305969 0.011444554, 38.182921623 0.015470174, 38.180144467 0.019251558, 38.175898623 0.021938314, 38.162585059 0.023892245, 38.159960494 0.02584624, 38.158472732 0.029229566, 38.154734253 0.030839783, 38.137998836 0.0450152, 38.128973079 0.048452672, 38.124921789 0.047168046, 38.122964809 0.048497822, 38.121526639 0.046254326, 38.120378392 0.046353819, 38.117765271 0.047873557, 38.115632812 0.052658994, 38.111997332 0.05171813, 38.110200573 0.047927729, 38.107316603 0.047050208, 38.105687694 0.044218715, 38.101022225 0.046706364, 38.096276645 0.045376506, 38.094697328 0.040989081, 38.089310866 0.039179776, 38.082787601 0.025547123, 38.081238802 0.027428712, 38.074612539 0.030431976, 38.074055581 0.029536403, 38.075680675 0.028152358, 38.073342218 0.02795332, 38.074215802 0.025583238, 38.072636485 0.024380089, 38.073136221 0.023249324, 38.070961799 0.024009183, 38.070122548 0.021584812, 38.068199902 0.024190086, 38.066532845 0.022787923, 38.063351323 0.024958967, 38.061485898 0.021973735, 38.058968147 0.021566644, 38.053989866 0.023800994, 38.054695599 0.02488653, 38.051922258 0.026731911, 38.050491717 0.02249833, 38.046745608 0.025691568, 38.04493359 0.024533656, 38.045318883 0.022027896, 38.043197868 0.025745814, 38.040424526 0.027175067, 38.039924791 0.030087894, 38.038341659 0.030250708, 38.035827723 0.034429957, 38.033886002 0.03515362, 38.033714338 0.036899503, 38.034935066 0.037369913, 38.03393178 0.041178283, 38.030441261 0.043756356, 38.027019408 0.0498081, 38.024738173 0.047863169, 38.024040069 0.049645226, 38.020999693 0.04995274, 38.019420376 0.056049723, 38.017337509 0.057343263, 38.015021941 0.056239611, 38.011298721 0.060310236, 38.008609305 0.060337324, 38.00580163 0.062128366, 38.005652854 0.060056842, 38.001304011 0.059595413, 38.0002168 0.062282042, 37.99521563 0.062933247, 37.987334305 0.061494788, 37.980391415 0.062227368, 37.977938515 0.064823484, 37.978075846 0.062543922, 37.965052205 0.062136591, 37.960451586 0.050268356, 37.957640097 0.050774876, 37.95707551 0.049843149, 37.953871099 0.050729584, 37.954267836 0.054194137, 37.951151165 0.055216258, 37.949655773 0.057839514, 37.950239434 0.061620677, 37.947790348 0.062543297, 37.931699627 0.054103263, 37.910558144 0.014301831, 37.897988461 -0.005779588, 37.890576353 -0.043798358, 37.88970277 -0.059999063, 37.869415797 -0.09505021399999999, 37.864509997 -0.111232543, 37.858021065 -0.125279995, 37.832519294 -0.144527599, 37.807067116 -0.160274258, 37.798342726 -0.168966326, 37.798831017 -0.170938228, 37.788359459 -0.170168727, 37.785906559 -0.166649954, 37.778746226 -0.161774121, 37.77417994 -0.161963796, 37.770586422 -0.159313325, 37.766687721 -0.160154302, 37.756979119 -0.175874274, 37.753126197 -0.186266918, 37.749311422 -0.188509849, 37.749414421 -0.190128953, 37.747129371 -0.191684555, 37.744974023 -0.190589924, 37.742238829 -0.193348493, 37.737462731 -0.194777282, 37.73273241 -0.201452211, 37.724046167 -0.203893712, 37.72331373 -0.205566992, 37.709313505 -0.204516645, 37.697377074 -0.205962882, 37.694866952 -0.207418923, 37.688057578 -0.206622408, 37.684082583 -0.210348602, 37.677174025 -0.209099818, 37.671604453 -0.20994957, 37.667728641 -0.20863773, 37.667816382 -0.217863509, 37.660598827 -0.216515194, 37.658649477 -0.218875729, 37.65460963 -0.215058453, 37.651191591 -0.216143533, 37.64366504 -0.215292649, 37.641746208 -0.214207108, 37.639629007 -0.209973978, 37.63388777 -0.210823685, 37.632247417 -0.209285934, 37.628898044 -0.209095693, 37.627917647 -0.207395206, 37.623549729 -0.20776566, 37.621619453 -0.202890408, 37.617186684 -0.201352433, 37.613524499 -0.19625997, 37.606013207 -0.197281398, 37.602122136 -0.196539417, 37.597708441 -0.192722231, 37.594366698 -0.192758125, 37.591452209 -0.189538019, 37.589987335 -0.185594467, 37.579576814 -0.183694293, 37.577036173 -0.182084158, 37.573404507 -0.184299777, 37.570253503 -0.183738769, 37.564092641 -0.186768187, 37.550164896 -0.182425723, 37.533925397 -0.184007176, 37.525918184 -0.186918796, 37.500858925 -0.186075587, 37.309170271 -0.152805919, 37.167966349 -0.060649571, 37.161542267 -0.054111526, 37.151131744 -0.051497913, 37.146241201 -0.043992448, 37.137280293 -0.042002881, 37.133679145 -0.03449752, 37.134236102 -0.02947894, 37.126667587 -0.02810437, 37.124374907 -0.023329918, 37.118149193 -0.020210208, 37.116199842 -0.01339221, 37.111454261 -0.011927313, 37.109585021 -0.003888628, 37.107433488 -0.002622696, 37.101829582 0.006184541, 37.101169626 0.009656794999999999, 37.099296571 0.010904622, 37.098213175 0.010280693, 37.097705809 0.01270403, 37.093829997 0.015597531, 37.094009292 0.018210756, 37.088104019 0.019992009, 37.092693194 0.02618604, 37.102676462 0.029341986, 37.104221447 0.0329047, 37.109710909 0.036322833, 37.123409769 0.036540161, 37.125950409 0.034975873, 37.138615465 0.040067089, 37.15017042 0.04229185, 37.152966651 0.049209514, 37.179193234 0.051814589, 37.188680581 0.054581968, 37.198396815 0.059619135, 37.199865503 0.061780423, 37.202314589 0.059103828, 37.202375626 0.063498656, 37.203943499 0.065614745, 37.208536488 0.065397885, 37.215277197 0.070371747, 37.220057111 0.070435235, 37.233027348 0.078692014, 37.235564175 0.101842254, 37.241305412 0.103316593, 37.24814912 0.107205508, 37.252932848 0.094436933, 37.26072262 0.105542314, 37.262233271 0.109883112, 37.282035772 0.127590958, 37.28121941 0.134807408, 37.28318402 0.148915016, 37.290554167 0.15803124, 37.303150556 0.167835284, 37.30657241 0.172963166, 37.313240638 0.1745102, 37.315117507 0.178154848, 37.324375968 0.180217625, 37.333767945 0.177568762, 37.337021949 0.180526289, 37.341191498 0.180770855, 37.341180054 0.186169824, 37.337147837 0.190790665, 37.345097829 0.190845719, 37.349263564 0.192709092, 37.348855384 0.204040638, 37.35180802 0.208635076, 37.352254349 0.21209881, 37.355805905 0.216512468, 37.355699092 0.223765409, 37.358907318 0.229680285, 37.357472963 0.235232886, 37.364484521 0.236038609, 37.36382838 0.241374269, 37.366990829 0.24428671, 37.367025162 0.247985549, 37.363523198 0.253347999, 37.366395724 0.254940046, 37.36503385 0.25762583, 37.36638428 0.259299052, 37.373041064 0.260864487, 37.374116831 0.267475543, 37.388620608 0.273175056, 37.400816445 0.281967268, 37.399969566 0.292557414, 37.429118265 0.294451777, 37.470134729 0.277744114, 37.537003926 0.262485817, 37.540685184 0.268536966, 37.544416035 0.270717109, 37.547116896 0.274805504, 37.548619918 0.280910681, 37.546678198 0.286436552, 37.549615575 0.294730663, 37.550489159 0.301984408, 37.550206866 0.304173134, 37.548143073 0.305728498, 37.547578487 0.310919898, 37.555753551 0.326368939, 37.581777948 0.325965687, 37.604933637 0.35390788, 37.599470883 0.400269726, 37.585791099 0.400321609, 37.582968166 0.412920164, 37.581224817 0.438280756, 37.582445546 0.446339689, 37.580847156 0.451178202, 37.582930024 0.463162646, 37.586554061 0.467993172, 37.587255981 0.478358391, 37.827449496 0.560382907, 38.06309579 0.666627222, 38.13339443 0.459244967))",Meru,Meru,1063322750,24.002,4612.3403,209885074196,0.0,0.0,0.0,0.0,0.0,50.0,48.333333333333336,0.25,0.9325048082403152,-0.25,-1.0,-0.2680951323690898,0,0,0,0,,,0.0,0.0,0.0,0.0,,0,0,0,0,,,0.0,0.0,0.0,0.0,,0,0,0,0,,,0.0,0.0,0.0,0.0,,0,0,0,0,50.0,48.333333333333336,0.25,0.9325048082403146,-0.25,-1.0,-0.26809513236909,0,0,0,0,9.74,34.30713050163372,29.804131607310996,6.470833333333327,11.826752283074912,3.269166666666673,0.50521571152608,0.2764213360032178,0.0,0.0,0.0,0.0,0.043120794731253714,0.0,0.0,0.0,0.0,0.08144471295147268,-0.6920436314175239,0.043120794731253714
37,23204309,2021-02-01,Kenya,Kenya_2021-02,54986000,1157873,0.0,0.0,1.0,0.85,0.15,0.0,0.0,0.0,0.85,0.15,0.0,0.0,0.0,,,,,,Narok,"POLYGON ((35.815185652 -0.474972195, 35.815120801 -0.476552978, 35.827797305 -0.473731395, 35.831207714 -0.467165696, 35.836773474 -0.467032699, 35.839657446 -0.473818141, 35.832684036 -0.494799575, 35.854859336 -0.504738087, 35.853665311 -0.506589361, 35.890672464 -0.526030236, 35.906473273 -0.547313269, 35.913912088 -0.549828597, 35.933516227 -0.550823486, 35.936255237 -0.55616418, 35.939017136 -0.557060017, 35.945376368 -0.5553919510000001, 35.947638531 -0.558293126, 35.948267971 -0.565159622, 35.952185747 -0.569200097, 35.982597157 -0.631447104, 35.950934515 -0.666256324, 35.916487075 -0.635798758, 35.87605807 -0.64004736, 35.878312605 -0.650573135, 35.893487787 -0.649489438, 35.930346169 -0.6958306359999999, 35.931578343 -0.700944853, 35.930746722 -0.705488525, 35.945929535 -0.713701784, 36.012558419 -0.663809583, 36.029431179 -0.67963117, 36.056916643 -0.660863642, 36.09774238 -0.640159968, 36.099844328 -0.67725255, 36.143470121 -0.715916519, 36.142798719 -0.7134582860000001, 36.144072855 -0.711751302, 36.14781515 -0.711563862, 36.151427745 -0.716355228, 36.154750415 -0.71699884, 36.153136765 -0.718208647, 36.154719899 -0.726197576, 36.160064402 -0.734378652, 36.159953775 -0.741544216, 36.16210531 -0.745250398, 36.166179492 -0.747466896, 36.169132129 -0.747523038, 36.170516893 -0.751563155, 36.173881527 -0.754836408, 36.184551458 -0.759117543, 36.18735532 -0.76535449, 36.193725997 -0.765955071, 36.184517129 -0.7791148959999999, 36.191730872 -0.7847042360000001, 36.188927015 -0.80507933, 36.175212896 -0.819292871, 36.167552827 -0.829570593, 36.160243715 -0.832583399, 36.159400651 -0.83778761, 36.169715813 -0.869286313, 36.181633181 -0.893955293, 36.184337858 -0.895547786, 36.189655659 -0.906802098, 36.186584766 -0.9149324559999999, 36.195862303 -0.916051192, 36.206539866 -0.93404219, 36.25072642 -0.918777847, 36.265161534 -0.9152012899999999, 36.272714795 -0.930994684, 36.3099394 -0.998152288, 36.311198278 -1.002672, 36.336402517 -1.047446197, 36.348853982 -1.174822974, 36.230195396 -1.302729619, 36.201977503 -1.3313076, 36.051488432 -1.491669274, 36.059968685 -1.503571127, 36.059556692 -1.51055485, 36.068170464 -1.527092214, 36.072462093 -1.542078688, 36.083772914 -1.562613969, 36.085497199 -1.578329104, 36.079961961 -1.587239197, 36.079454599 -1.595551149, 36.075796229 -1.597036722, 36.073682842 -1.596446452, 36.070737836 -1.598682975, 36.068674043 -1.60246586, 36.067514353 -1.609114159, 36.062875586 -1.612938408, 36.063226547 -1.61731204, 36.061940969 -1.619523769, 36.055940325 -1.620536006, 36.057386127 -1.625245539, 36.056550693 -1.630566085, 36.055463483 -1.634332163, 36.051927187 -1.639287248, 36.052106485 -1.64741921, 36.047940751 -1.652210754, 36.053094519 -1.663548559, 36.052869449 -1.667704416, 36.058412322 -1.674426019, 36.055787759 -1.682770513, 36.057760001 -1.688221819, 36.061235263 -1.690711755, 36.064393902 -1.698848365, 36.064077276 -1.700700114, 36.059030328 -1.703890941, 36.0565698 -1.711892382, 36.054109269 -1.71198798, 36.048791469 -1.708889655, 36.046552197 -1.712391828, 36.042016427 -1.711653037, 36.039460527 -1.713130743, 36.039716118 -1.715028502, 36.04801326 -1.721763573, 36.049420917 -1.73172261, 36.048337522 -1.73594939, 36.04657891 -1.73690429, 36.042035511 -1.735704559, 36.041901996 -1.742281933, 36.036294276 -1.746347797, 36.036626164 -1.753206004, 36.033631566 -1.756128634, 36.033807047 -1.75999591, 36.031274037 -1.763208312, 36.033021207 -1.76865926, 36.031911108 -1.771151105, 36.02210332 -1.777992866, 36.023636861 -1.780850412, 36.029973207 -1.783182647, 36.029954134 -1.785775692, 36.028248931 -1.790416926, 36.02316002 -1.794989383, 36.025796033 -1.798932946, 36.021706593 -1.801067436, 36.01999376 -1.805365258, 36.016484167 -1.808241639, 36.016510871 -1.809976336, 36.018288557 -1.810123903, 36.023827612 -1.808822967, 36.028515974 -1.812038107, 36.030568329 -1.822738915, 36.029202641 -1.82731745, 36.032017946 -1.827728683, 36.03790033 -1.822796246, 36.039758127 -1.824497923, 36.041528187 -1.831566395, 36.043687352 -1.834190072, 36.042012666 -1.837042374, 36.048711417 -1.844552712, 36.047486877 -1.850794067, 36.049565934 -1.859471241, 36.047311404 -1.86556622, 36.047387703 -1.874673821, 36.045342985 -1.879549279, 36.039727634 -1.879404217, 36.03963608 -1.881084559, 36.037877468 -1.882201927, 36.037339589 -1.892193742, 36.02953074 -1.89092452, 36.026356847 -1.893168791, 36.03357441 -1.904646651, 36.037873665 -1.908503079, 36.043454685 -1.910265545, 36.043321169 -1.912686706, 36.03614939 -1.915800413, 36.034310669 -1.919348, 36.03490959 -1.921011415, 36.038434444 -1.922978188, 36.03746168 -1.930837066, 36.041547308 -1.93561466, 36.043725549 -1.943307373, 36.04230264 -1.947831553, 36.038812121 -1.952035686, 36.04208139 -1.963579345, 36.037160334 -1.975478815, 36.040795817 -1.977156771, 36.037232822 -1.991570376, 36.032594059 -2.002602676, 36.036572874 -2.007768976, 36.032357548 -2.013968493, 36.029610909 -2.013665253, 36.028271926 -2.021559294, 36.026856646 -2.024872536, 36.025643546 -2.02368675, 36.022019512 -2.032163911, 36.022969393 -2.035346034, 36.021817333 -2.039617394, 36.024060423 -2.042295783, 36.027093171 -2.043277262, 36.027299189 -2.084513269, 36.000858971 -2.084209803, 36.000794131 -2.107058725, 35.371741032 -1.750485343, 35.248451211 -1.681928348, 35.01359819 -1.545982003, 34.890357954 -1.477173121, 34.730381397 -1.385314216, 34.722061356 -1.353650185, 34.718994272 -1.34446951, 34.716083595 -1.339818144, 34.712959286 -1.323419994, 34.707095966 -1.303417518, 34.705566236 -1.289395114, 34.697501788 -1.262984163, 34.696212389 -1.249693162, 34.687316315 -1.209063605, 34.680213199 -1.211740569, 34.673461041 -1.209366135, 34.671996165 -1.206404884, 34.671912238 -1.196878174, 34.669325818 -1.196251548, 34.664423827 -1.192130138, 34.661589446 -1.187191025, 34.658617734 -1.187502135, 34.653399117 -1.185139381, 34.653837814 -1.177508167, 34.655268356 -1.177158557, 34.655169171 -1.175516596, 34.649736926 -1.172440916, 34.646982655 -1.16793509, 34.64397661 -1.168246199, 34.643999498 -1.165621088, 34.638227738 -1.161047439, 34.636888751 -1.162163973, 34.632166055 -1.161020025, 34.631422173 -1.158375723, 34.627466247 -1.155266428, 34.626146333 -1.151439677, 34.631601462 -1.138827866, 34.633749182 -1.136584905, 34.632021087 -1.134363162, 34.630472283 -1.121912033, 34.62292665 -1.112636476, 34.623258534 -1.105862299, 34.620424151 -1.094961109, 34.616243153 -1.090363381, 34.615140681 -1.087249675, 34.616143966 -1.080882561, 34.618932568 -1.07465336, 34.601483768 -1.056217271, 34.593941948 -1.041620568, 34.591626372 -1.016297178, 34.643381455 -0.966995839, 34.656172405 -0.9638368940000001, 34.669051097 -0.970628352, 34.673850088 -0.9706164900000001, 34.675692625 -0.969355905, 34.680701429 -0.970941067, 34.684977795 -0.970540618, 35.013483558 -0.88881606, 35.083244401 -0.905489966, 35.234462213 -1.030521469, 35.241439442 -1.036002219, 35.243007315 -1.03453095, 35.244498894 -1.036229887, 35.248775259 -1.033463406, 35.247958896 -1.032225648, 35.248790517 -1.030321807, 35.251380751 -1.030053967, 35.250976384 -1.027435532, 35.253475063 -1.02901825, 35.257781947 -1.027967156, 35.260581992 -1.021343885, 35.264545545 -1.020003376, 35.264873617 -1.021710062, 35.266586452 -1.021206447, 35.268451878 -1.022996214, 35.270996335 -1.022972135, 35.270050269 -1.019612523, 35.272030139 -1.020887828, 35.271602884 -1.02013795, 35.28031202 -1.016437546, 35.281227565 -1.01175304, 35.284508274 -1.013851412, 35.286572068 -1.010946661, 35.289127969 -1.011906566, 35.289997738 -1.00905462, 35.295059948 -1.008103414, 35.299523236 -1.002727675, 35.300133601 -1.004181898, 35.302353801 -1.003705937, 35.302754353 -1.004988395, 35.306885756 -1.002555491, 35.307942449 -1.000100953, 35.309407324 -1.001095725, 35.312619366 -1.000666013, 35.313286952 -0.99947498, 35.311139232 -0.997513389, 35.311173564 -0.995671651, 35.315404153 -0.995486773, 35.314023202 -0.992451679, 35.315129487 -0.990538899, 35.317208541 -0.990784984, 35.319558444 -0.988810339, 35.319459259 -0.987374711, 35.321961753 -0.988740786, 35.324902946 -0.985493815, 35.32792425 -0.986264553, 35.329358606 -0.983611728, 35.332276911 -0.984752577, 35.33176573 -0.982549012, 35.32901146 -0.9810201710000001, 35.331204957 -0.979866924, 35.33328401 -0.976032007, 35.338842141 -0.979523154, 35.340070499 -0.978224365, 35.33876966 -0.9760650829999999, 35.339780575 -0.9744410019999999, 35.342199144 -0.97461521, 35.345662962 -0.97145889, 35.348638488 -0.973114438, 35.346921839 -0.975649674, 35.350706099 -0.979003505, 35.350706098 -0.975039793, 35.349363296 -0.972835335, 35.352411303 -0.971150223, 35.350790022 -0.9701101559999999, 35.352781335 -0.966762582, 35.355928526 -0.966332632, 35.355253311 -0.967713309, 35.35321622 -0.967747222, 35.358640834 -0.970624258, 35.358682797 -0.97213218, 35.360765665 -0.972125385, 35.362261058 -0.969815614, 35.365091623 -0.971687627, 35.365366288 -0.976590683, 35.366228427 -0.973603029, 35.368097668 -0.972675068, 35.367441526 -0.974173156, 35.369612134 -0.973426138, 35.369261174 -0.968522963, 35.37215659 -0.970647916, 35.375635667 -0.967148363, 35.377535424 -0.961073823, 35.378855337 -0.962059416, 35.38035073 -0.960471869, 35.382845594 -0.960907897, 35.383463588 -0.958542937, 35.385294681 -0.959980531, 35.387701805 -0.958059824, 35.392359649 -0.958353707, 35.394827809 -0.9562344739999999, 35.397589708 -0.957844608, 35.402716768 -0.952676156, 35.402720582 -0.949461727, 35.404265567 -0.949056988, 35.404406714 -0.950176799, 35.412845 -0.946772485, 35.421054401 -0.945914193, 35.421069659 -0.941182724, 35.424026111 -0.940951001, 35.421607541 -0.936144735, 35.424838658 -0.936202247, 35.426002164 -0.93300695, 35.424792879 -0.9290417479999999, 35.425620685 -0.924311053, 35.422534529 -0.922050572, 35.424842469 -0.91867582, 35.427684478 -0.918895383, 35.428504655 -0.917893936, 35.424934022 -0.9113709719999999, 35.425964011 -0.909909239, 35.425067538 -0.907154321, 35.423820106 -0.90638555, 35.427039778 -0.904736317, 35.429099757 -0.905569098, 35.431083441 -0.902898273, 35.429538456 -0.900856044, 35.430579889 -0.895376066, 35.431873098 -0.895151615, 35.431915061 -0.897878581, 35.434455703 -0.897438619, 35.435695506 -0.898442152, 35.437499895 -0.895834324, 35.440605124 -0.895259428, 35.441150636 -0.8921627680000001, 35.439319543 -0.890680116, 35.438827436 -0.888015908, 35.442489622 -0.888163892, 35.442836767 -0.890177872, 35.443439501 -0.886214399, 35.445713109 -0.8863881300000001, 35.446147993 -0.883128823, 35.44978729 -0.882753048, 35.449058668 -0.884675722, 35.45081728 -0.8849392699999999, 35.453640215 -0.881826636, 35.453415143 -0.884029724, 35.456116006 -0.884790867, 35.454689279 -0.883552393, 35.456199931 -0.883192652, 35.456833183 -0.881089273, 35.45560101 -0.880437912, 35.455299642 -0.877954409, 35.457340548 -0.876972093, 35.458103503 -0.874164548, 35.459469193 -0.875610606, 35.460255037 -0.873426112, 35.462463793 -0.87327467, 35.46104851 -0.871575732, 35.461010362 -0.869516874, 35.462719382 -0.868678669, 35.461586392 -0.864343237, 35.465172283 -0.864346574, 35.466721082 -0.86299355, 35.468525472 -0.8640969120000001, 35.468159253 -0.862507279, 35.469898792 -0.862156716, 35.469807237 -0.860756966, 35.473015464 -0.860805122, 35.471584922 -0.857092443, 35.475086887 -0.8549826270000001, 35.476780649 -0.85607681, 35.477631343 -0.851797341, 35.479458621 -0.851591306, 35.479683693 -0.848566463, 35.477341419 -0.846442224, 35.480156724 -0.842796653, 35.479439545 -0.840592612, 35.482216703 -0.839321894, 35.482128963 -0.837723441, 35.484475051 -0.837382413, 35.485741556 -0.835324687, 35.484856528 -0.834312512, 35.487553575 -0.834360072, 35.487507797 -0.831443282, 35.490128549 -0.83177072, 35.491250093 -0.829315526, 35.494584209 -0.829444916, 35.494950427 -0.826113016, 35.497395699 -0.824751648, 35.500386484 -0.824420156, 35.500901479 -0.826524667, 35.502183244 -0.824674585, 35.50945421 -0.824328789, 35.511327265 -0.822560477, 35.511670594 -0.819382105, 35.513524576 -0.819510124, 35.512818842 -0.81758602, 35.51533278 -0.817461815, 35.516900654 -0.818817759, 35.518018383 -0.816985497, 35.52004403 -0.816626053, 35.520631504 -0.8102329539999999, 35.526822888 -0.810310551, 35.527650694 -0.80734924, 35.531068734 -0.805645355, 35.532148315 -0.803442803, 35.534112926 -0.803417413, 35.534051889 -0.801295141, 35.538236699 -0.799167445, 35.538385475 -0.797280173, 35.540910857 -0.796668207, 35.54683902 -0.788662887, 35.544862964 -0.7846515549999999, 35.534410473 -0.777671227, 35.507596403 -0.773946573, 35.497300319 -0.768583054, 35.488286 -0.766760568, 35.480370336 -0.763439994, 35.426658264 -0.721272358, 35.397307355 -0.6442921579999999, 35.587779176 -0.589134928, 35.599124333 -0.6556663579999999, 35.610633518 -0.671885534, 35.636699893 -0.689786243, 35.640220934 -0.698504311, 35.642273285 -0.701052717, 35.645706584 -0.701280982, 35.647823784 -0.695484114, 35.650177502 -0.694998082, 35.651421118 -0.68817998, 35.653046213 -0.687648234, 35.656876248 -0.6823402, 35.664311248 -0.678859122, 35.665036056 -0.677613198, 35.663857289 -0.674920859, 35.666291116 -0.669964043, 35.665680752 -0.6675882359999999, 35.668145097 -0.665557747, 35.668911867 -0.662523486, 35.673501043 -0.657911273, 35.6774913 -0.65885324, 35.678174144 -0.653479646, 35.681790553 -0.650962111, 35.68148537 -0.646220092, 35.683045613 -0.642138611, 35.686059286 -0.638997429, 35.686963387 -0.627644654, 35.685021665 -0.622928679, 35.689290399 -0.616988236, 35.688771589 -0.6147930740000001, 35.69004191 -0.614613263, 35.688920365 -0.613429323, 35.692971658 -0.606061595, 35.693280654 -0.601383168, 35.695344448 -0.5979431549999999, 35.704087916 -0.591535512, 35.705644344 -0.587083562, 35.708455835 -0.586191002, 35.711026993 -0.577521507, 35.71321286 -0.575065955, 35.713827039 -0.57135399, 35.712468978 -0.570115815, 35.712938194 -0.55954826, 35.711480949 -0.558328023, 35.711652614 -0.553640358, 35.718004217 -0.552803881, 35.724653373 -0.548571375, 35.734686235 -0.534025445, 35.741652017 -0.530461286, 35.750323006 -0.532940795, 35.766634992 -0.533717193, 35.773944106 -0.5374696839999999, 35.77886898 -0.513778895, 35.795295405 -0.474610698, 35.794727003 -0.468847324, 35.797984821 -0.457575513, 35.800697127 -0.45626692, 35.81339652 -0.458603123, 35.816795487 -0.467430169, 35.815185652 -0.474972195))",Narok,Narok,870601228,-107.26530000000002,3534.122899999999,169174260151,0.0,0.0,0.0,0.0,0.0,50.0,48.336560619343004,1.3333333333333333,2.0951116327353985,-1.3333333333333333,-1.0,-0.636402047747938,0,0,0,0,,,0.0,0.0,0.0,0.0,,0,0,0,0,,,0.0,0.0,0.0,0.0,,0,0,0,0,,,0.0,0.0,0.0,0.0,,0,0,0,0,50.0,48.336560619343004,1.3333333333333333,2.0951116327353985,-1.3333333333333333,-1.0,-0.636402047747938,0,0,0,0,,,,,,,,,,,,,,,,,,,,
38,23204309,2021-02-01,Kenya,Kenya_2021-02,54986000,198901,0.0,0.0,2.0,0.8,0.2,0.0,0.0,0.0,0.7,0.3,0.0,0.0,0.0,,,,,,Nyeri,"POLYGON ((37.078422118 -0.002441853, 37.090122035 -0.016737689, 37.09472647 -0.017804719, 37.100833926 -0.026449243, 37.102779461 -0.028040721, 37.107349563 -0.028610459, 37.115146964 -0.040573682, 37.118950296 -0.028818608, 37.120953053 -0.02678409, 37.121410826 -0.021277251, 37.124374907 -0.023329918, 37.126667587 -0.02810437, 37.134236102 -0.02947894, 37.133679145 -0.03449752, 37.137280293 -0.042002881, 37.146241201 -0.043992448, 37.151131744 -0.051497913, 37.161542267 -0.054111526, 37.167966349 -0.060649571, 37.308636203 -0.152453195, 37.203718449 -0.429563116, 37.200121116 -0.432058062, 37.201040478 -0.440151647, 37.198194655 -0.441977591, 37.189027749 -0.443820104, 37.185888189 -0.440383073, 37.183767173 -0.440029888, 37.176133808 -0.444766394, 37.177152357 -0.484174822, 37.16743231 -0.489082378, 37.164315638 -0.491785266, 37.162545583 -0.496523113, 37.163361945 -0.497454739, 37.165109112 -0.496261591, 37.166432839 -0.497808252, 37.164681858 -0.501135472, 37.169538068 -0.504808189, 37.171300495 -0.510469407, 37.169614365 -0.515885493, 37.163129247 -0.520178849, 37.162888916 -0.52141762, 37.165982699 -0.521138218, 37.164147792 -0.524646233, 37.160920492 -0.524373984, 37.156136763 -0.521406595, 37.155572177 -0.526108563, 37.15143696 -0.525013188, 37.150498525 -0.52363847, 37.146122978 -0.5291260169999999, 37.148728471 -0.5394805, 37.147179673 -0.545176882, 37.150674009 -0.5560471380000001, 37.149247283 -0.55969086, 37.149273987 -0.564745655, 37.148327923 -0.565477773, 37.145558396 -0.564057224, 37.144825959 -0.569491548, 37.146378574 -0.573072929, 37.15044131 -0.57453913, 37.151326338 -0.5777133290000001, 37.150433681 -0.58180935, 37.155995625 -0.586902169, 37.161214239 -0.59412894, 37.166768553 -0.595306323, 37.169122269 -0.59301032, 37.171067806 -0.59976584, 37.178968207 -0.602327535, 37.180589488 -0.612573488, 37.179834163 -0.617031336, 37.175862982 -0.617454969, 37.174749067 -0.618738619, 37.177331671 -0.621741707, 37.17395178 -0.623757058, 37.172631868 -0.6292636150000001, 37.175908761 -0.633704716, 37.171498881 -0.633504225, 37.170056896 -0.638097363, 37.155671377 -0.638408712, 37.152707297 -0.640460359, 37.150971573 -0.639030989, 37.145649961 -0.638685434, 37.134011081 -0.640173213, 37.132248655 -0.643997521, 37.127213152 -0.647684989, 37.120705144 -0.647348016, 37.112503375 -0.641259473, 37.102356072 -0.6391850019999999, 37.101585486 -0.634301853, 37.103321209 -0.633271679, 37.100517348 -0.629210643, 37.09810641 -0.629291162, 37.094333596 -0.626197304, 37.088142215 -0.624856798, 37.086337826 -0.6257965, 37.08387348 -0.622160645, 37.079993853 -0.620350794, 37.079143158 -0.61769207, 37.076400334 -0.617790528, 37.068435081 -0.612452757, 37.064219754 -0.614124041, 37.059710689 -0.612250717, 37.056834347 -0.604129837, 37.050852777 -0.598349838, 37.043814516 -0.597786745, 37.034804015 -0.592276911, 37.032648666 -0.593270789, 37.026419137 -0.592590404, 37.017195009 -0.58661951, 37.008447728 -0.58652594, 36.997197954 -0.588303133, 36.994958679 -0.578401604, 36.990159691 -0.578083464, 36.987840307 -0.576545564, 36.985765069 -0.57711444, 36.983430427 -0.579970796, 36.977734966 -0.580221948, 36.975575803 -0.582617185, 36.97104385 -0.584197818, 36.969342461 -0.588627596, 36.953865915 -0.589761177, 36.952275154 -0.594190895, 36.950470765 -0.595537422, 36.937897264 -0.598796671, 36.93159907 -0.602871953, 36.926266013 -0.604406934, 36.925709056 -0.605781055, 36.921016882 -0.604486321, 36.916034785 -0.610207556, 36.911003096 -0.609536528, 36.910053217 -0.610557822, 36.908298419 -0.609445044, 36.906322366 -0.610728157, 36.90463242 -0.609470791, 36.903213323 -0.610437611, 36.895427365 -0.609186921, 36.892440396 -0.610939677, 36.889441982 -0.61031466, 36.885333469 -0.612211706, 36.882892011 -0.608621445, 36.880256001 -0.608864491, 36.876639593 -0.60703676, 36.874236285 -0.607759104, 36.869021486 -0.605478716, 36.862887326 -0.607962578, 36.825857293 -0.589124854, 36.82359513 -0.584332356, 36.811509919 -0.581696817, 36.809892453 -0.57223966, 36.803701071 -0.56965168, 36.796170703 -0.571574414, 36.791081792 -0.571048094, 36.783379758 -0.568034635, 36.775567097 -0.56810395, 36.764015955 -0.570133606, 36.760533065 -0.569020291, 36.750820645 -0.572035958, 36.74570503 -0.569421278, 36.74094419 -0.569419431, 36.736454198 -0.566949696, 36.725666011 -0.571004476, 36.722900299 -0.575975416, 36.717761796 -0.578251514, 36.713859281 -0.5838005080000001, 36.709079367 -0.587278962, 36.708701705 -0.590262026, 36.711043978 -0.5948011090000001, 36.709792732 -0.601246177, 36.711139349 -0.60720414, 36.712688148 -0.607873738, 36.710586207 -0.608993788, 36.709739327 -0.614263797, 36.711288127 -0.619643289, 36.708678822 -0.628239237, 36.703059656 -0.6235179, 36.695330918 -0.6140316, 36.680785173 -0.589599584, 36.681567201 -0.57949333, 36.660707993 -0.494511222, 36.66857406 -0.481062786, 36.668707577 -0.475846894, 36.667029075 -0.47103714, 36.663252445 -0.463135137, 36.655104083 -0.461423952, 36.653005956 -0.45975994, 36.651686041 -0.434909442, 36.634214363 -0.412214652, 36.624780421 -0.40323563, 36.624391314 -0.401201625, 36.63313478 -0.389986076, 36.632215418 -0.387662657, 36.617314902 -0.378998677, 36.609048281 -0.377450645, 36.606923451 -0.376085106, 36.604768102 -0.370263177, 36.606477121 -0.365861439, 36.617951967 -0.35600246, 36.61020797 -0.341501233, 36.6097769 -0.335950928, 36.610982369 -0.328719713, 36.615823319 -0.31742156, 36.615907244 -0.312476992, 36.618760696 -0.304938721, 36.667662306 -0.218049946, 36.684760131 -0.184324701, 36.682093602 -0.167808493, 36.65979242 -0.152094149, 36.70485637 -0.137409545, 36.712134963 -0.137672392, 36.717849497 -0.128560505, 36.742019919 -0.122596057, 36.753735096 -0.121909957, 36.766110229 -0.10955273, 36.769291753 -0.114226866, 36.792485591 -0.107547644, 36.83218978 -0.104331902, 36.830694388 -0.128362274, 36.832575073 -0.137168178, 36.849287607 -0.134430274, 36.862555398 -0.143165031, 36.862910172 -0.145994896, 36.860037646 -0.152793435, 36.86533637 -0.160334164, 36.866179436 -0.168100492, 36.872088524 -0.171138924, 36.872950663 -0.174963383, 36.870379505 -0.18195182, 36.867522238 -0.181644094, 36.867156019 -0.187484544, 36.860091054 -0.189979, 36.856570016 -0.193251405, 36.856024503 -0.195945532, 36.853682231 -0.196297839, 36.853567788 -0.200375281, 36.840734881 -0.200518261, 36.842836824 -0.215200925, 36.856505168 -0.253111587, 36.874247691 -0.253286271, 36.879054309 -0.258648421, 36.959870339 -0.282992471, 36.963952149 -0.273309638, 36.969815459 -0.271014081, 36.970418193 -0.268997896, 36.968751136 -0.267487649, 36.970231269 -0.260788061, 36.971642736 -0.25916985, 36.980023798 -0.256738972, 36.988973263 -0.258838059, 36.995034941 -0.254824462, 37.002588197 -0.253225234, 37.002641604 -0.24993404, 37.008394286 -0.242999824, 37.013738786 -0.24291923, 37.01494044 -0.231924498, 37.011564363 -0.226562199, 37.011056998 -0.220214753, 37.013971486 -0.208840477, 37.0165312 -0.205594773, 37.015814022 -0.197230947, 37.017412413 -0.19523288, 37.020857155 -0.178731826, 37.019079469 -0.170259381, 37.014841253 -0.161551623, 37.014841252 -0.155213281, 37.008180653 -0.146812802, 37.003515183 -0.147165019, 36.995965741 -0.145346957, 36.986119804 -0.134667832, 36.983228203 -0.098410408, 36.980248863 -0.08709909, 36.979058653 -0.072505771, 36.980084827 -0.070408151, 36.985101258 -0.07002860700000001, 36.991185825 -0.066864256, 37.000821949 -0.06416113599999999, 37.028238743 -0.048329723, 37.062609872 -0.000949905, 37.069690096 -0.002948216, 37.07124271 -0.001112655, 37.072059072 0.003073875, 37.079280442 0.01501867, 37.078292416 0.006826415, 37.079787808 0.003218577, 37.078422118 -0.002441853))",Nyeri,Nyeri,442254435,-20.872999999999998,1886.1056000000003,87378278198,0.0,0.0,0.0,0.0,0.0,50.0,50.0,0.08333333333333333,0.20412414523193162,-0.08333333333333333,-1.0,-0.4082482904638628,0,0,0,0,,,0.0,0.0,0.0,0.0,,0,0,0,0,,,0.0,0.0,0.0,0.0,,0,0,0,0,,,0.0,0.0,0.0,0.0,,0,0,0,0,50.0,50.0,0.08333333333333333,0.20412414523193162,-0.08333333333333333,-1.0,-0.4082482904638628,0,0,0,0,10.29,34.6955128205128,31.97518080070752,6.20916666666665,10.741982213914621,4.0808333333333495,0.6572272178231154,0.3798957447580991,0.0,0.0,0.0,0.0,0.0710145636519089,0.0,0.0,0.0,0.0,0.13568785301564643,-0.6244287471692355,0.0710145636519089
39,23204309,2021-02-01,Kenya,Kenya_2021-02,54986000,310327,46549.0,0.15,2.0,0.55,0.3,0.1,0.05,0.0,0.55,0.3,0.1,0.05,0.0,,,,,,Samburu,"POLYGON ((36.753739694 2.516980543, 36.755711928 2.508838776, 36.841376402 2.274737963, 36.862491177 2.255910242, 36.893501456 2.192848992, 36.900764769 2.15439828, 36.912476117 2.127851486, 36.912899555 2.123186756, 36.909676059 2.10347269, 36.913387835 2.101344034, 36.916550284 2.101221734, 36.917568828 2.098700439, 36.91616498 2.079829585, 36.919060386 2.061543043, 36.913040652 2.026898126, 36.913803603 2.019150913, 36.915890285 2.017833526, 36.921467487 2.017524321, 36.942532684 2.025381186, 36.947781815 2.024140085, 36.970056284 2.007975036, 36.981946937 2.000910112, 36.984457059 2.000741563, 36.985815116 1.993410474, 36.994158025 1.98223617, 37.003519486 1.984923862, 37.009169168 1.981612395, 37.014998145 1.980254121, 37.085891939 1.98069083, 37.10152489 1.979171752, 37.113270582 1.974320471, 37.120427101 1.973578216, 37.132558085 1.967741518, 37.154248899 1.964628032, 37.173734769 1.955968701, 37.179052566 1.954735706, 37.18689955 1.93473282, 37.191378093 1.92711458, 37.207648105 1.914245862, 37.216578492 1.909146054, 37.222678316 1.902831491, 37.23081523 1.898318499, 37.237147755 1.892175702, 37.24284321 1.881773095, 37.244998557 1.880238051, 37.249732693 1.878379977, 37.267765136 1.875965476, 37.306527019 1.762438089, 37.351274327 1.739896853, 37.443412535 1.5860122, 37.453922237 1.575239722, 37.458614408 1.566877447, 37.471065829 1.551584234, 37.501889194 1.498616563, 37.556863884 1.395936553, 37.562345714 1.389328409, 37.568743091 1.387152671, 37.572843972 1.379530623, 37.579363422 1.376721701, 37.581469175 1.36797692, 37.579569415 1.363399329, 37.587763553 1.364995994, 37.590166865 1.375796595, 37.595736439 1.38104575, 37.599204073 1.389097508, 37.604567643 1.376646239, 37.608054346 1.37282246, 37.61733188 1.375170435, 37.621303061 1.374060335, 37.622783194 1.37540883, 37.623065489 1.380709123, 37.630923927 1.381545896, 37.633464568 1.385210423, 37.641170416 1.389438759, 37.644050573 1.393510589, 37.650604358 1.397964449, 37.654739574 1.397722593, 37.657364138 1.394178574, 37.660351107 1.39386365, 37.661770204 1.395429206, 37.666588265 1.395658185, 37.67324505 1.401152174, 37.675655988 1.401289252, 37.679997201 1.398225484, 37.685177666 1.396962094, 37.711778096 1.405316489, 37.717458296 1.405789944, 37.721391329 1.403006294, 37.72518703 1.402583256, 37.748918749 1.410854332, 37.756979368 1.408868716, 37.760397408 1.411448534, 37.764696659 1.412011627, 37.773863563 1.408534119, 37.779127953 1.409866521, 37.781985222 1.416290142, 37.783873536 1.416779572, 37.788107935 1.412847083, 37.794554904 1.411412285, 37.801215503 1.416444974, 37.811095771 1.416033973, 37.818278994 1.420668896, 37.827606118 1.418349046, 37.832550068 1.4227296, 37.843971505 1.423079086, 37.846725778 1.438792465, 37.850220114 1.444366199, 37.85110896 1.452444301, 37.853420715 1.456217418, 37.952955798 1.385302212, 37.947401444 1.260441027, 37.950804202 1.192047282, 38.033249085 1.083245146, 38.037540687 1.007811657, 38.039875326 0.996495764, 38.050384986 0.803139055, 38.07338426 0.785703438, 38.081574581 0.781037463, 38.074681283 0.780900267, 38.062115414 0.776582416, 38.052189369 0.776652566, 38.044060086 0.786447602, 38.033622863 0.789104722, 38.024970955 0.795036826, 38.017627513 0.794293326, 38.017120149 0.801321937, 38.012759862 0.801610339, 38.01023448 0.799601543, 38.010394699 0.791306386, 38.006026781 0.786411492, 38.002643075 0.785714121, 37.996260955 0.776558112, 37.991843446 0.776050506, 37.985125626 0.771037427, 37.974032258 0.758135361, 37.974142886 0.754453731, 37.967367845 0.750888022, 37.962149233 0.750479708, 37.956114257 0.742943073, 37.946073769 0.741330555, 37.932451205 0.7240589039999999, 37.930208116 0.7193907859999999, 37.928254951 0.717780173, 37.920797066 0.7159963660000001, 37.916829699 0.710242348, 37.914704869 0.709491098, 37.912816556 0.711851531, 37.911962047 0.716925998, 37.909787626 0.718770777, 37.905084008 0.7185977609999999, 37.904111241 0.720786607, 37.904748309 0.724938715, 37.9021123 0.726548196, 37.897290424 0.725859526, 37.89408983 0.733637958, 37.891511042 0.7362876860000001, 37.884690225 0.738538337, 37.881424778 0.741658245, 37.878899397 0.741829474, 37.875618689 0.733940905, 37.877220894 0.731345233, 37.875439393 0.727138592, 37.863728033 0.721554493, 37.851898414 0.713446719, 37.84609614 0.707746638, 37.843097725 0.69737069, 37.846302135 0.690117031, 37.838771768 0.681133026, 37.833949891 0.6779659179999999, 37.830676814 0.6769339559999999, 37.824943207 0.677683359, 37.813407327 0.674342758, 37.806525473 0.6749832730000001, 37.791548665 0.671017714, 37.785357286 0.674245318, 37.778532653 0.675111894, 37.758676748 0.670747079, 37.752084817 0.674263919, 37.749273328 0.6741456139999999, 37.744222565 0.670752386, 37.736348868 0.6610268459999999, 37.731473585 0.660681886, 37.729055016 0.654458224, 37.725785754 0.654113681, 37.715924561 0.6577472170000001, 37.714204097 0.6589588119999999, 37.710118475 0.666890235, 37.699696508 0.662654391, 37.692353066 0.6620825970000001, 37.684189445 0.650276801, 37.682694052 0.646359932, 37.683205232 0.643076783, 37.677746287 0.637838358, 37.672123309 0.637321335, 37.666610958 0.631739201, 37.658344339 0.629548211, 37.652381846 0.630134551, 37.64950932 0.628523819, 37.645541952 0.621431676, 37.639743494 0.619422225, 37.638305323 0.614872352, 37.64157077 0.613778763, 37.642947904 0.6116445700000001, 37.638579985 0.606695977, 37.634490545 0.595633206, 37.632365715 0.594710132, 37.628299165 0.598227507, 37.621814047 0.597710305, 37.612460217 0.594207593, 37.608725552 0.590407897, 37.598170068 0.589600268, 37.593519857 0.58730176, 37.584169843 0.587480262, 37.582960559 0.5848298790000001, 37.583860844 0.571923581, 37.581392684 0.570656678, 37.576521216 0.573142746, 37.568025711 0.569396153, 37.564413119 0.571357926, 37.555463656 0.570677303, 37.551393291 0.571770653, 37.547612849 0.5759210930000001, 37.544629695 0.576037848, 37.539060122 0.5713695519999999, 37.533715621 0.564403998, 37.523625541 0.569023068, 37.514786706 0.566605958, 37.509682537 0.567698951, 37.506993121 0.571795334, 37.503155457 0.574326698, 37.497780438 0.572986726, 37.493221782 0.574269782, 37.490761252 0.576747208, 37.49191713 0.584019043, 37.490860438 0.587672603, 37.476909804 0.586095129, 37.47273644 0.588246428, 37.470848127 0.5912485669999999, 37.465793549 0.588669584, 37.461791849 0.582943578, 37.456176499 0.582933029, 37.447974732 0.577920368, 37.441970275 0.579971659, 37.435958189 0.577021671, 37.429331925 0.581189037, 37.42412857 0.578085521, 37.401789245 0.577301435, 37.395876343 0.575210691, 37.389925293 0.57479296, 37.384184057 0.580307987, 37.372320106 0.585504634, 37.368947844 0.585024324, 37.36384749 0.5876183270000001, 37.362951019 0.597032462, 37.357926959 0.596054258, 37.354383033 0.598223675, 37.353642968 0.608379345, 37.352265835 0.611110068, 37.353501823 0.617413832, 37.343419374 0.635307824, 37.344113664 0.640092043, 37.343144711 0.642370705, 37.331162502 0.647801877, 37.326889956 0.6594393670000001, 37.327462173 0.664739061, 37.320568875 0.675805828, 37.314575864 0.682342091, 37.310074431 0.696737541, 37.305210593 0.701519676, 37.304691785 0.706800834, 37.299766912 0.7195139149999999, 37.292011475 0.728029771, 37.288784176 0.734105568, 37.279067943 0.737972317, 37.273914182 0.742862684, 37.270087963 0.749969074, 37.26632278 0.751785246, 37.265281347 0.754922795, 37.256144961 0.762244042, 37.252272964 0.762242434, 37.246993314 0.760214626, 37.24321287 0.754895801, 37.238825878 0.753709357, 37.234934806 0.748209589, 37.231337472 0.747611331, 37.226763555 0.741876204, 37.219702405 0.737288545, 37.207857527 0.739047145, 37.203554461 0.744235986, 37.1902943 0.74256661, 37.187467551 0.740946819, 37.179269598 0.740997659, 37.175550192 0.743157302, 37.169892879 0.73980913, 37.165456295 0.740865291, 37.163220837 0.743459593, 37.162888953 0.748224919, 37.161191378 0.749797628, 37.152695872 0.750246174, 37.151196667 0.758438107, 37.13558279 0.75699354, 37.132263936 0.761811792, 37.127873129 0.76349172, 37.124474166 0.774576309, 37.116047328 0.779853298, 37.111461967 0.777219841, 37.10902051 0.778665543, 37.108200334 0.782155503, 37.106006839 0.784776803, 37.102523949 0.784847548, 37.099727718 0.784439353, 37.091514505 0.779769744, 37.071010084 0.7766046049999999, 37.071540336 0.768168493, 37.070079277 0.7642254590000001, 37.068332109 0.762976853, 37.062850276 0.764466301, 37.057929217 0.769419129, 37.042902813 0.761952523, 37.018030473 0.754038447, 37.006631922 0.748553818, 36.996618136 0.74948053, 36.991456743 0.7466480720000001, 36.980618965 0.743632167, 36.975346945 0.745754501, 36.973061894 0.745066308, 36.970265663 0.741999862, 36.965195825 0.740153057, 36.944763886 0.7446280790000001, 36.935097246 0.7529868320000001, 36.932213273 0.741331104, 36.928127647 0.739276774, 36.923088328 0.738749977, 36.921119904 0.737094485, 36.915676216 0.724397914, 36.911464703 0.72297647, 36.909835794 0.723798465, 36.904685849 0.735314613, 36.902396983 0.7375647870000001, 36.892970672 0.735498896, 36.887008176 0.730351658, 36.881884931 0.7283782640000001, 36.879065813 0.735980462, 36.8658438 0.736814915, 36.857832775 0.760136685, 36.843241261 0.785018888, 36.843302299 0.792170276, 36.835485824 0.797400778, 36.83352503 0.800347073, 36.831728273 0.813093651, 36.822038746 0.832046789, 36.817628867 0.843806343, 36.815851183 0.853334197, 36.794011593 0.866629332, 36.776383512 0.862180064, 36.756581008 0.85496318, 36.74994711 0.845611562, 36.743412396 0.8331321699999999, 36.736305467 0.824241554, 36.708598745 0.811479069, 36.703391576 0.813374449, 36.688201138 0.814965756, 36.674506091 0.814180358, 36.669947433 0.810390077, 36.499625303 0.810920129, 36.483740575 0.81400136, 36.485293192 0.830741752, 36.490179924 0.8464720529999999, 36.488333573 0.849055866, 36.484213615 0.851457423, 36.481730195 0.851265931, 36.478735597 0.855177677, 36.471033564 0.859393501, 36.470690235 0.862041501, 36.464670518 0.863619217, 36.462446504 0.865859201, 36.462431245 0.867504203, 36.456831154 0.870293277, 36.45058255 0.870912635, 36.445844598 0.869662122, 36.429914094 0.882738468, 36.429376212 0.885151289, 36.426282428 0.88712844, 36.426106949 0.8890443810000001, 36.423699826 0.891383598, 36.42473363 0.892514079, 36.423600642 0.89461013, 36.424764149 0.896002788, 36.419022912 0.9002556819999999, 36.417233782 0.900932255, 36.415791796 0.899123593, 36.41110725 0.897845902, 36.410275629 0.898975072, 36.406365483 0.899324743, 36.403382328 0.898473008, 36.403058072 0.8997923, 36.395382743 0.904124999, 36.396084662 0.906556713, 36.393963647 0.907585458, 36.395233968 0.909240354, 36.392979435 0.910485922, 36.393288433 0.916062517, 36.399117412 0.918597456, 36.421845855 0.937169334, 36.432843858 0.949921335, 36.442918686 0.96519445, 36.447164535 0.977155331, 36.446378693 0.983526744, 36.455400642 0.9968290869999999, 36.456117822 1.006075812, 36.455160315 1.01383005, 36.44503972 1.038270451, 36.443593922 1.046918919, 36.445375424 1.053436947, 36.443498555 1.058044934, 36.44302171 1.065229879, 36.445085505 1.070256968, 36.445054988 1.074468738, 36.440591701 1.08088211, 36.43960749 1.084541752, 36.441579734 1.100568266, 36.446413058 1.109963156, 36.440275088 1.130158293, 36.436551868 1.135044611, 36.436284835 1.139473084, 36.437570417 1.148855936, 36.442071856 1.157880118, 36.44451713 1.166730866, 36.443529105 1.172116745, 36.422841575 1.182184043, 36.418218066 1.181682694, 36.415063245 1.178462182, 36.401608526 1.171436012, 36.395031852 1.170978053, 36.391819811 1.174499782, 36.392357698 1.18547227, 36.398678783 1.190006233, 36.39774798 1.195337757, 36.399067894 1.200282719, 36.396382295 1.215120467, 36.400841771 1.222074881, 36.406506715 1.22560531, 36.412957503 1.228015746, 36.418717815 1.225445461, 36.423890653 1.231623533, 36.423722804 1.234840947, 36.418691116 1.242852777, 36.414655087 1.255285095, 36.411633784 1.254775997, 36.407456602 1.249620174, 36.398591062 1.252376887, 36.394047666 1.259656837, 36.390644886 1.261903854, 36.392235649 1.265701409, 36.39477629 1.266770502, 36.397229193 1.270424302, 36.397873891 1.273389373, 36.40573233 1.271463236, 36.409177074 1.274575755, 36.412534077 1.275266034, 36.419618116 1.270953061, 36.425790422 1.264768191, 36.43256165 1.264422393, 36.445863772 1.252541367, 36.451219717 1.250133311, 36.454534758 1.252088885, 36.455248123 1.256265254, 36.45152872 1.271120645, 36.448576084 1.273675434, 36.442377076 1.283954783, 36.439378662 1.286157101, 36.438001529 1.289626383, 36.438768302 1.298927466, 36.434480494 1.300342119, 36.429910391 1.298285703, 36.424028004 1.292721266, 36.420293338 1.29299757, 36.416825707 1.295533764, 36.407803761 1.296265528, 36.404751941 1.298286903, 36.404664202 1.30255279, 36.396130549 1.307451387, 36.393853129 1.311922774, 36.406750889 1.315190009, 36.41379297 1.327073294, 36.422277034 1.33191765, 36.423692318 1.335769441, 36.424287426 1.345070166, 36.436185715 1.349050688, 36.440549822 1.357090289, 36.445428922 1.361867657, 36.460420995 1.365896691, 36.465147506 1.374994301, 36.467691965 1.384415059, 36.468782995 1.39598545, 36.464701185 1.399704813, 36.461500587 1.397812294, 36.455953902 1.397390451, 36.449522193 1.407831675, 36.446146116 1.409328336, 36.434205865 1.406675928, 36.430497904 1.409437528, 36.428586702 1.41345727, 36.424558298 1.413895685, 36.414441513 1.419777078, 36.396210704 1.440028489, 36.388157711 1.440959077, 36.38210366 1.438683573, 36.358684746 1.4348244, 36.348957066 1.436105434, 36.34061034 1.448910848, 36.325309277 1.465566626, 36.316886252 1.468909322, 36.291754501 1.461486342, 36.289534303 1.466074545, 36.295386176 1.48091158, 36.298808032 1.484720458, 36.299483248 1.488372352, 36.296896833 1.496936313, 36.296366585 1.512307958, 36.297633092 1.515463508, 36.296027072 1.518868424, 36.298441829 1.528631642, 36.297133362 1.531702682, 36.303511673 1.542925966, 36.308737918 1.545815463, 36.327235776 1.564537423, 36.337379269 1.56943971, 36.339641432 1.572000219, 36.340915569 1.576647067, 36.344062757 1.570071819, 36.347831756 1.568874703, 36.360824885 1.569198561, 36.362427092 1.572652943, 36.361400919 1.57585093, 36.361698476 1.587157417, 36.364178081 1.588335458, 36.366253321 1.591401967, 36.370667018 1.592998276, 36.374451274 1.589604922, 36.37738102 1.581058959, 36.371307889 1.564313431, 36.371666475 1.557291546, 36.374928105 1.545700292, 36.38156581 1.531004025, 36.385182218 1.52911055, 36.386780608 1.526048689, 36.387699967 1.520889167, 36.391804666 1.51981876, 36.396805838 1.521026838, 36.405980383 1.540939597, 36.410439862 1.554583333, 36.413781608 1.558961863, 36.420308692 1.564193975, 36.421174648 1.567277052, 36.424886426 1.569369468, 36.427816177 1.577417057, 36.432775389 1.583234674, 36.433057686 1.591667635, 36.434675153 1.596333435, 36.438699744 1.600902683, 36.439416924 1.606697177, 36.441804976 1.612249577, 36.445310757 1.615363169, 36.4495299 1.615910886, 36.456003573 1.609330034, 36.45905158 1.610644439, 36.463068539 1.610495916, 36.465452775 1.612821722, 36.466383582 1.615742332, 36.465483296 1.6186515, 36.468500788 1.627458744, 36.468817417 1.634961, 36.471697576 1.641165061, 36.470507368 1.647463291, 36.471384769 1.65366473, 36.479063917 1.661935816, 36.480490647 1.670460918, 36.486514182 1.678621388, 36.487971436 1.701147349, 36.501746595 1.703922174, 36.502913918 1.706553965, 36.503081771 1.715032341, 36.505103603 1.716255202, 36.507396286 1.721175253, 36.510966921 1.732360872, 36.520793788 1.7381767, 36.520461904 1.742894472, 36.516582278 1.74575465, 36.523620542 1.749280073, 36.528209721 1.755893582, 36.527065289 1.759136983, 36.524135541 1.759331875, 36.521312605 1.756462878, 36.515533221 1.761227498, 36.512469956 1.761928389, 36.518730005 1.764910622, 36.520423768 1.768944192, 36.51819594 1.772149927, 36.517848797 1.77553899, 36.522788934 1.780146382, 36.528118181 1.790186619, 36.528141071 1.792835099, 36.533458872 1.799820269, 36.532543327 1.803190499, 36.527366677 1.805379827, 36.521720807 1.804549609, 36.517555075 1.812362382, 36.515594285 1.822727082, 36.519077175 1.821466434, 36.521503373 1.822581538, 36.523147544 1.826443462, 36.524044018 1.830394665, 36.520900643 1.831782261, 36.524345392 1.844929419, 36.522979703 1.848000698, 36.520336064 1.849867949, 36.515258596 1.84756491, 36.511531565 1.860982176, 36.511768084 1.865709723, 36.515334905 1.876958996, 36.518360022 1.877351993, 36.522136653 1.88081913, 36.524639146 1.881310824, 36.526794497 1.886972174, 36.538818676 1.893958415, 36.538837754 1.903349737, 36.537109662 1.907044188, 36.539387084 1.909081177, 36.538742389 1.91285859, 36.541225813 1.922280664, 36.540539162 1.940592356, 36.539203992 1.944404813, 36.540344615 1.954584279, 36.539818178 1.958199105, 36.53798327 1.9582506, 36.531395149 1.953188107, 36.531124301 1.956062111, 36.531845296 1.960121548, 36.538936969 1.967164292, 36.544247146 1.984346095, 36.544334888 1.990230587, 36.541523404 2.001958806, 36.542656394 2.004753543, 36.547535493 2.005366461, 36.54941618 2.009825453, 36.548443415 2.016530868, 36.546001961 2.020811778, 36.549885404 2.022616448, 36.54742869 2.025703939, 36.547661392 2.028940189, 36.549828186 2.02948588, 36.553311078 2.032944077, 36.557083898 2.045306193, 36.561577705 2.04669605, 36.568696081 2.052301971, 36.570462324 2.056254844, 36.567383808 2.072212957, 36.567635592 2.088519844, 36.565098769 2.094852168, 36.564377779 2.100636176, 36.577294617 2.111648003, 36.580876695 2.117275858, 36.584466408 2.132982459, 36.588529149 2.142064222, 36.597371803 2.146019476, 36.605894018 2.154818973, 36.613264165 2.154098531, 36.618120377 2.156872287, 36.643164386 2.163510461, 36.655562412 2.169360261, 36.664702621 2.178441306, 36.679973176 2.189186365, 36.687141142 2.192198518, 36.701377889 2.195646934, 36.70251851 2.200756276, 36.700763716 2.207361566, 36.700904867 2.213924897, 36.71192576 2.222177509, 36.710624927 2.234071893, 36.713573756 2.245656835, 36.712604806 2.251440844, 36.707790563 2.259840319, 36.718479569 2.265832919, 36.722294348 2.269671838, 36.723347231 2.278650377, 36.722458392 2.285410864, 36.7242399 2.298910381, 36.612547097 2.352293689, 36.604337702 2.357431884, 36.602395987 2.368655419, 36.602495187 2.395041059, 36.615156432 2.399131006, 36.617597892 2.403962376, 36.61669761 2.412873452, 36.617296531 2.414619239, 36.619985948 2.415238596, 36.624781121 2.413421047, 36.631193755 2.404772683, 36.635424344 2.408938207, 36.635088638 2.39856027, 36.636793841 2.396348651, 36.639159008 2.405491686, 36.639189531 2.413446309, 36.640738332 2.417092127, 36.642512201 2.41391309, 36.645605987 2.417534352, 36.652621362 2.42014099, 36.65909886 2.433910611, 36.668956251 2.44780372, 36.680190773 2.458662022, 36.684722727 2.45863365, 36.687965285 2.455575003, 36.693008419 2.454453814, 36.695896206 2.456700713, 36.693866751 2.467608134, 36.698562747 2.477957938, 36.697174173 2.485196415, 36.697921875 2.494834365, 36.695827574 2.512602879, 36.698925173 2.512771186, 36.703033685 2.511006562, 36.705028812 2.508506005, 36.711918298 2.508509099, 36.723900512 2.512878449, 36.728386689 2.512380195, 36.739525837 2.515572574, 36.744012014 2.515019965, 36.753739694 2.516980543))",Samburu,Samburu,1127997801,159.97310000000007,4745.446799999997,219851918248,0.0,0.0,0.0,0.0,0.0,50.0,46.68803418803418,0.5,1.1293194051465598,-0.5,-1.0,-0.4427445395176854,0,0,0,0,,,0.0,0.0,0.0,0.0,,0,0,0,0,,,0.0,0.0,0.0,0.0,,0,0,0,0,,,0.0,0.0,0.0,0.0,,0,0,0,0,50.0,46.68803418803418,0.5,1.1293194051465598,-0.5,-1.0,-0.4427445395176854,0,0,0,0,,,,,,,,,,,,,,,,,,,,
40,23204309,2021-02-01,Kenya,Kenya_2021-02,54986000,340671,17034.0,0.05,1.0,0.85,0.1,0.05,0.0,0.0,0.85,0.1,0.05,0.0,0.0,,,,,,Taita,"POLYGON ((38.176395477 -2.701094553, 38.26396749 -2.763489367, 38.277685431 -2.779691041, 38.297247617 -2.809230294, 38.320739019 -2.836238963, 38.352756463 -2.89080772, 38.382572764 -2.920877157, 38.398491825 -2.930782769, 38.403618881 -2.928786192, 38.406872885 -2.929972928, 38.427896128 -2.957178273, 38.448816365 -2.975019869, 38.456007227 -2.990728302, 38.459921189 -2.99509978, 38.465551796 -2.993736623, 38.468042842 -2.991693322, 38.476664231 -2.990313237, 38.487582111 -2.983723466, 38.491530406 -2.98889095, 38.511985227 -2.988972466, 38.513759094 -2.98520079, 38.520186986 -2.980173713, 38.529800218 -2.981498714, 38.53676218 -2.979520493, 38.543060376 -2.984426454, 38.54979727 -2.986519096, 38.559357099 -2.991869426, 38.582493707 -2.993480016, 38.594277553 -3.004023818, 38.601617179 -3.003710082, 38.608590584 -3.000817609, 38.610364455 -3.00117997, 38.60689683 -3.008660624, 38.610311056 -3.012190085, 38.62915986 -3.017036676, 38.64217587 -3.017167784, 38.647306745 -3.020887722, 38.653166245 -3.029122179, 38.659281331 -3.032525764, 38.664274879 -3.043826957, 38.668921273 -3.042408016, 38.696109168 -3.039665955, 38.705462992 -3.036827835, 38.725605005 -3.042306414, 38.736812817 -3.048859215, 38.756672533 -3.051397171, 38.765972952 -3.049879291, 38.773983978 -3.050378488, 38.782910552 -3.053736775, 38.79258482 -3.054299622, 38.808622134 -3.05771345, 38.810262488 -3.059676884, 38.809171465 -3.062571736, 38.800263968 -3.062950079, 38.797906438 -3.064523738, 38.80006942 -3.070594747, 38.808286446 -3.073111256, 38.818460447 -3.071231251, 38.827867676 -3.065515205, 38.836069439 -3.064186614, 38.84029239 -3.059066564, 38.844465753 -3.059411044, 38.849344854 -3.065011694, 38.861979384 -3.063285453, 38.894218025 -3.043385739, 38.899558708 -3.043313977, 38.907718513 -3.047213902, 38.917278339 -3.049096514, 38.927841446 -3.046138717, 38.932316176 -3.046093895, 38.937530967 -3.04061172, 38.95679558 -3.045081881, 38.977895095 -3.045426347, 38.982724598 -3.043725621, 38.991021722 -3.031466779, 38.993665359 -3.029910762, 39.001535237 -3.028970042, 39.006036671 -3.03014605, 39.011659648 -3.02967545, 39.026003194 -3.025052211, 39.035166284 -3.028209292, 39.042944606 -3.025648905, 39.044111933 -3.033944871, 39.04579425 -3.035808416, 39.053149135 -3.037608544, 39.060114919 -3.044981433, 39.0633117 -3.045551437, 39.066596217 -3.041715155, 39.079867819 -3.046644949, 39.081763767 -3.052489243, 39.085582356 -3.053646894, 39.08761563 -3.052461584, 39.08819547 -3.045359507, 39.104717249 -3.037333393, 39.113697217 -3.025372308, 39.126602594 -3.021236353, 39.129402638 -3.021579881, 39.13050511 -3.023841311, 39.13152366 -3.030753145, 39.134239783 -3.035855309, 39.133457758 -3.041012307, 39.136635466 -3.042622198, 39.140816459 -3.042703249, 39.143112957 -3.048601658, 39.144871569 -3.049497075, 39.151753418 -3.045831958, 39.163449526 -3.060812082, 39.16438415 -3.066167901, 39.166936235 -3.067542494, 39.170281791 -3.066275413, 39.1735129 -3.061688182, 39.178891729 -3.058909664, 39.181909219 -3.062989344, 39.185151777 -3.064255466, 39.196580838 -3.062389764, 39.203199474 -3.066821553, 39.206796807 -3.06751743, 39.215521193 -3.066294448, 39.219232974 -3.073893101, 39.15683874 -3.320036768, 39.05649145 -3.687444957, 38.969468776 -3.636358071, 38.932480785 -3.698146703, 39.033358729 -3.758138879, 38.946431678 -3.962045799, 38.92774692 -3.967228084, 38.832759079 -4.002451762, 38.446963456 -4.140393708, 37.786064676 -3.676811778, 37.761657688 -3.616539627, 37.753982324 -3.577672385, 37.749370252 -3.567373174, 37.747775662 -3.55263692, 37.743873139 -3.544075382, 37.727950264 -3.540299908, 37.722277686 -3.532604228, 37.719340308 -3.531433226, 37.696962834 -3.529005175, 37.691851031 -3.524367171, 37.6882041 -3.517488237, 37.684770799 -3.514046268, 37.682905374 -3.514857772, 37.677984312 -3.51258967, 37.673986421 -3.505746257, 37.66825663 -3.506742045, 37.665448954 -3.505715988, 37.661134444 -3.506976157, 37.65742267 -3.509512225, 37.655221548 -3.513172094, 37.649926641 -3.514665892, 37.644509664 -3.519605239, 37.63796351 -3.51947818, 37.630429332 -3.52354595, 37.623383442 -3.523861117, 37.622307677 -3.525794992, 37.619477115 -3.526650124, 37.612271003 -3.525354921, 37.610699314 -3.523815118, 37.609039887 -3.524282854, 37.604145527 -3.520341445, 37.60619024 -3.512864844, 37.608131959 -3.510977455, 37.607197334 -3.505739403, 37.612469351 -3.502853129, 37.612900416 -3.497517571, 37.61383885 -3.496659819, 37.616833449 -3.497360464, 37.62036211 -3.489877187, 37.624966542 -3.488373376, 37.626484821 -3.486494332, 37.624897859 -3.468113944, 37.619980611 -3.465339249, 37.618138071 -3.461284599, 37.60893302 -3.464002568, 37.607609292 -3.463005594, 37.60665178 -3.458798608, 37.599781371 -3.460298845, 37.596420552 -3.459027716, 37.593250476 -3.461428851, 37.585308114 -3.462068, 37.585281392 -3.440488564, 37.632130605 -3.389989893, 37.664216654 -3.358378933, 37.680883405 -3.356511318, 37.685327614 -3.350945704, 37.685762475 -3.322899041, 37.712050082 -3.311374681, 37.692060551 -3.180652932, 37.796039874 -3.172639378, 37.804447635 -3.168090523, 37.808571408 -3.169343533, 37.810459721 -3.16864932, 37.819176488 -3.175641967, 37.823128595 -3.175863673, 37.825253428 -3.179475143, 37.826855633 -3.179069868, 37.829434423 -3.180845683, 37.831395222 -3.186519286, 37.833459016 -3.187842148, 37.846330065 -3.184374418, 37.853765057 -3.179480126, 37.853234798 -3.172306768, 37.855748733 -3.1700029, 37.85561896 -3.081314297, 37.865350451 -3.081243247, 37.871644829 -3.079847906, 37.895353511 -2.887957075, 37.918902104 -2.870549086, 37.938433683 -2.773147055, 37.944285554 -2.781700251, 37.975406495 -2.79077361, 38.101667867 -2.721467281, 38.114054437 -2.716917231, 38.116884999 -2.715001472, 38.118155315 -2.709900495, 38.119723187 -2.708309672, 38.129370749 -2.702807467, 38.134261289 -2.701200908, 38.147487114 -2.702512796, 38.154384226 -2.700998018, 38.158038778 -2.697653547, 38.158397363 -2.692026905, 38.161739102 -2.686438882, 38.162994169 -2.695648626, 38.166629651 -2.69810268, 38.176395477 -2.701094553))",Taita Taveta,Taita Taveta,207072852,-82.87429999999999,921.3595,40067119437,0.0,0.0,0.0,0.0,0.0,50.0,44.44444444444442,0.08333333333333333,0.5089773777040516,-0.08333333333333333,-1.0,-0.1637269886320725,0,0,0,0,,,0.0,0.0,0.0,0.0,,0,0,0,0,,,0.0,0.0,0.0,0.0,,0,0,0,0,,,0.0,0.0,0.0,0.0,,0,0,0,0,50.0,44.44444444444442,0.08333333333333333,0.5089773777040516,-0.08333333333333333,-1.0,-0.1637269886320725,0,0,0,0,,,,,,,,,,,,,,,,,,,,
41,23204309,2021-02-01,Kenya,Kenya_2021-02,54986000,315943,47391.0,0.15,2.0,0.35,0.5,0.1,0.05,0.0,0.35,0.45,0.15,0.05,0.0,,,,,,Tana river,"POLYGON ((38.565436694 -0.022263836, 38.572574136 -0.021684842, 38.586490433 -0.027592632, 38.594436608 -0.028578792, 38.599525517 -0.033762804, 38.607780688 -0.037363589, 38.610554029 -0.036929341, 38.61518898 -0.032333415, 38.617653324 -0.032288189, 38.632996346 -0.044872824, 38.645203624 -0.057285588, 38.65565992 -0.056317603, 38.659615841 -0.050744565, 38.662698179 -0.049170369, 38.675080936 -0.053015485, 38.68313011 -0.057973386, 38.689897519 -0.057837716, 38.691770573 -0.056806342, 38.69233516 -0.046383967, 38.69663441 -0.043597443, 38.703771853 -0.052798487, 38.713263011 -0.058579704, 38.720354676 -0.065138979, 38.725477918 -0.064921874, 38.736544578 -0.067672288, 38.740927753 -0.071571676, 38.745764887 -0.07382447, 38.752204226 -0.073118814, 38.757571613 -0.076213008, 38.763415847 -0.076810155, 38.766383741 -0.076412092, 38.776916333 -0.06980764, 38.79562017 -0.07566131099999999, 38.808300479 -0.07273004600000001, 38.822224405 -0.082772594, 38.85776284 -0.08068281099999999, 38.878339731 -0.086753624, 38.900991859 -0.09072546200000001, 38.914915784 -0.09658816200000001, 38.933623436 -0.101609469, 38.981006743 -0.082772978, 38.98786952 -0.06687681199999999, 38.990776378 -0.056834271, 39.001583632 -0.053902936, 39.008846962 -0.053332954, 39.011036642 -0.057639487, 39.017334834 -0.058535171, 39.029446741 -0.046348405, 39.032139971 -0.045561284, 39.037530247 -0.047976922, 39.045766343 -0.056128563, 39.059644491 -0.055649045, 39.07508288 -0.050872039, 39.079210466 -0.053595279, 39.081846474 -0.061014084, 39.087263453 -0.069717602, 39.096888128 -0.078312542, 39.098970994 -0.083433321, 39.109915581 -0.091838251, 39.11245622 -0.100822232, 39.117838866 -0.102767381, 39.123580101 -0.109914744, 39.130545878 -0.113461259, 39.131198204 -0.119287722, 39.133570994 -0.12457134, 39.143523738 -0.122761831, 39.144580431 -0.124598428, 39.144549913 -0.144077277, 39.149516749 -0.144882449, 39.168327398 -0.142086705, 39.178779878 -0.14361562, 39.183029536 -0.146917852, 39.211567858 -0.147514723, 39.237294691 -0.144393165, 39.239198263 -0.144483622, 39.239045673 -0.145994508, 39.240438065 -0.146663987, 39.267641216 -0.1464737, 39.269960598 -0.147423623, 39.32324917 -0.144808285, 39.339526809 -0.146264653, 39.338302267 -0.149340706, 39.347362354 -0.150028153, 39.349117151 -0.169606189, 39.350868132 -0.170972279, 39.358856268 -0.169244123, 39.363914657 -0.155818059, 39.36545964 -0.155962796, 39.367202992 -0.170320575, 39.374977501 -0.169406665, 39.38029148 -0.172717822, 39.386345526 -0.18136675, 39.393322747 -0.185844935, 39.397297742 -0.194349126, 39.402684202 -0.196067954, 39.411187332 -0.193760731, 39.41534925 -0.199197943, 39.420140605 -0.195316615, 39.425858951 -0.195642175, 39.437066755 -0.193181082, 39.439325101 -0.193669558, 39.448831517 -0.201992611, 39.45669758 -0.212758371, 39.461050237 -0.214839056, 39.465147303 -0.214838937, 39.471975748 -0.221171642, 39.476194888 -0.222157638, 39.48289363 -0.227214695, 39.485480047 -0.23082437, 39.484072396 -0.237899177, 39.487334027 -0.240341763, 39.489172748 -0.244132381, 39.491267059 -0.245842195, 39.502562603 -0.249451511, 39.504576804 -0.253414028, 39.510508776 -0.252816694, 39.512423793 -0.253884147, 39.515490871 -0.259167473, 39.519210275 -0.270276986, 39.523421786 -0.274972157, 39.524261036 -0.281956357, 39.529369018 -0.284263117, 39.531436625 -0.288107955, 39.526027278 -0.302520013, 39.526622383 -0.303958441, 39.530666042 -0.304365355, 39.534610518 -0.301886293, 39.537013825 -0.295779513, 39.539970274 -0.292278205, 39.543209016 -0.2931013, 39.548713735 -0.299388665, 39.551250559 -0.299469959, 39.553749235 -0.296258184, 39.557316048 -0.295688027, 39.56353413 -0.303884207, 39.565613182 -0.313220493, 39.570396908 -0.317146564, 39.569321142 -0.323470404, 39.572521737 -0.325795282, 39.57509671 -0.332761215, 39.577946346 -0.334805648, 39.582981847 -0.336017629, 39.592228858 -0.342087486, 39.59362888 -0.348365911, 39.59489157 -0.349487658, 39.60035814 -0.346682797, 39.601754348 -0.35298834, 39.605607269 -0.358389046, 39.604764204 -0.361329317, 39.609597522 -0.362242705, 39.609383896 -0.368973548, 39.610856399 -0.373741131, 39.610436774 -0.376844227, 39.607770248 -0.380173621, 39.611829167 -0.386370424, 39.611550689 -0.391581397, 39.614255364 -0.395996033, 39.612683678 -0.399144454, 39.617162222 -0.402093366, 39.618833093 -0.406752329, 39.618833093 -0.411266705, 39.617372035 -0.414234153, 39.619756269 -0.415826198, 39.625333467 -0.414360175, 39.628286102 -0.415137975, 39.626752565 -0.430363828, 39.627446854 -0.435221913, 39.625291508 -0.443056594, 39.626603792 -0.459983023, 39.627996184 -0.46089662, 39.630456713 -0.459068949, 39.633523791 -0.45983766, 39.633149943 -0.462162716, 39.634263857 -0.463420111, 39.642072698 -0.465283034, 39.643949567 -0.467806914, 39.643049281 -0.469489699, 39.644144121 -0.473877248, 39.643354466 -0.493961126, 39.645303815 -0.497579635, 39.654081609 -0.502961596, 39.654112129 -0.514469021, 39.656027146 -0.518222403, 39.66278311 -0.525351308, 39.683497331 -0.539434729, 39.681818831 -0.543858782, 39.675841082 -0.545605458, 39.676951182 -0.556126634, 39.68506139 -0.553999714, 39.687743176 -0.556451091, 39.687708844 -0.562810868, 39.690154113 -0.564402823, 39.696597264 -0.558476451, 39.700579888 -0.558656917, 39.701567916 -0.572941428, 39.699202758 -0.582630718, 39.705886241 -0.5863661, 39.706023574 -0.592897761, 39.712440022 -0.5895768300000001, 39.713622602 -0.5915307319999999, 39.710181678 -0.597881927, 39.713206793 -0.599980357, 39.718135481 -0.602114724, 39.727783041 -0.598413371, 39.736244209 -0.601316211, 39.744266677 -0.601613609, 39.751118008 -0.595859122, 39.752971988 -0.596591596, 39.75320469 -0.601331942, 39.755211261 -0.604832683, 39.760498537 -0.608007296, 39.763203212 -0.612141159, 39.764713862 -0.612701809, 39.768238712 -0.608775111, 39.769856176 -0.6087025190000001, 39.773033883 -0.613695744, 39.777462835 -0.61705136, 39.789620517 -0.62054149, 39.790848874 -0.62197968, 39.789044488 -0.63004036, 39.783459661 -0.635722374, 39.783768659 -0.6420819719999999, 39.795804271 -0.659060306, 39.796372673 -0.663103996, 39.794099069 -0.6704862579999999, 39.798199951 -0.670892664, 39.802850159 -0.669218282, 39.805188615 -0.6714975949999999, 39.805474725 -0.680869637, 39.813310268 -0.679737548, 39.814077038 -0.681230091, 39.810163083 -0.6915165049999999, 39.811887362 -0.7003545370000001, 39.815820394 -0.705971646, 39.817785002 -0.705944171, 39.82092456 -0.7033020760000001, 39.822381803 -0.704269788, 39.819291838 -0.7114260489999999, 39.819776315 -0.713334715, 39.824849963 -0.713098582, 39.826368243 -0.714174825, 39.824170935 -0.718942706, 39.826631464 -0.7218099650000001, 39.824853782 -0.737107662, 39.821546374 -0.735642773, 39.820241722 -0.737334676, 39.821599782 -0.744553456, 39.823057026 -0.746335294, 39.82973288 -0.749138424, 39.835435965 -0.748784523, 39.837610386 -0.7518236659999999, 39.837236539 -0.754085339, 39.835569483 -0.754972235, 39.830091469 -0.755326077, 39.829740511 -0.759496535, 39.831342717 -0.763123804, 39.82985877 -0.764824767, 39.828184085 -0.764671358, 39.823251586 -0.776532086, 39.82285485 -0.781688613, 39.825765523 -0.784139571, 39.836027263 -0.787891759, 39.840124329 -0.788017572, 39.837843095 -0.79041531, 39.844766909 -0.79027823, 39.848184945 -0.7915078209999999, 39.842188123 -0.796728776, 39.839079086 -0.8115835300000001, 39.841356506 -0.813980313, 39.850565368 -0.811961029, 39.854261883 -0.812032667, 39.85549024 -0.813407442, 39.849760453 -0.8218126650000001, 39.858507729 -0.829518189, 39.859163871 -0.831182617, 39.85753115 -0.839650299, 39.860991151 -0.848985267, 39.859682684 -0.8506229360000001, 39.853292939 -0.846942505, 39.850656931 -0.848761415, 39.851973028 -0.852623863, 39.856344759 -0.856223358, 39.854448818 -0.861859599, 39.856669017 -0.864202087, 39.859713205 -0.862835416, 39.861464184 -0.854593854, 39.863356311 -0.853996371, 39.866057172 -0.857668578, 39.870745528 -0.858933988, 39.871683962 -0.860317822, 39.869795652 -0.871390884, 39.864722006 -0.881406299, 39.871252899 -0.887176279, 39.872969548 -0.890857664, 39.872538479 -0.893580694, 39.869292108 -0.896919563, 39.864786861 -0.896567809, 39.863589023 -0.89785265, 39.863959056 -0.89970708, 39.868960224 -0.903116334, 39.865145453 -0.90779416, 39.866534031 -0.912633558, 39.87162294 -0.9185938380000001, 39.872561375 -0.924654544, 39.877554914 -0.927258672, 39.873423516 -0.934252405, 39.874220805 -0.938413504, 39.886008454 -0.939369413, 39.886859149 -0.943177685, 39.89047937 -0.946605236, 39.891608543 -0.949490673, 39.890551852 -0.952973772, 39.884226959 -0.9550741109999999, 39.882079243 -0.958684096, 39.883582265 -0.964165736, 39.882147911 -0.969566678, 39.884932696 -0.9706876800000001, 39.888819949 -0.967746635, 39.892112097 -0.963023693, 39.894534478 -0.962932565, 39.891616178 -0.969681822, 39.892318099 -0.980727049, 39.897033158 -0.979287429, 39.902606542 -0.981827904, 39.906516685 -0.9858252240000001, 39.905494327 -0.987055829, 39.900405419 -0.986252075, 39.898307295 -0.989454998, 39.898093668 -0.991074309, 39.901416336 -0.993705853, 39.900767826 -0.997704425, 39.904224011 -1.002118046, 39.898734554 -1.006461699, 39.89797923 -1.011165867, 39.899341104 -1.01027903, 39.904231644 -1.016040009, 39.911857376 -1.016282218, 39.912730959 -1.017548344, 39.910121656 -1.024985018, 39.912750039 -1.038173612, 39.921810127 -1.046050125, 39.926590039 -1.052742759, 39.925396016 -1.056171623, 39.921955092 -1.060071559, 39.922195423 -1.061636515, 39.931080031 -1.068762078, 39.930977033 -1.070851746, 39.927425481 -1.075222158, 39.93057267 -1.079834661, 39.932464799 -1.086546249, 39.93473459 -1.089250384, 39.939869274 -1.088289882, 39.943409391 -1.116024024, 39.946262843 -1.12168595, 39.946259034 -1.140049425, 39.947487391 -1.14253662, 39.950329398 -1.143847444, 39.954243354 -1.14191023, 39.957710983 -1.142117157, 39.958855417 -1.149823933, 39.967484435 -1.153358045, 39.969811447 -1.155663938, 39.976353786 -1.168018498, 39.976884043 -1.17890966, 39.983525565 -1.187962303, 39.986703274 -1.197794148, 39.995126295 -1.204693113, 39.993909386 -1.213974619, 39.997216794 -1.215637794, 40.003385282 -1.214088689, 40.005368964 -1.216856, 40.003316618 -1.221560644, 40.005182043 -1.224454662, 40.011827377 -1.224868279, 40.014612162 -1.226938635, 40.009771219 -1.238618773, 40.014150581 -1.245491873, 40.009443153 -1.25032418, 40.010835545 -1.251418182, 40.018915234 -1.249804948, 40.022157791 -1.25204707, 40.021612281 -1.257203356, 40.015432352 -1.266694892, 40.017812771 -1.268765487, 40.022844456 -1.269251934, 40.022794865 -1.271160659, 40.026289198 -1.275257031, 40.026006906 -1.276821987, 40.01881606 -1.282026313, 40.020429712 -1.29082721, 40.019807905 -1.292564289, 40.01336094 -1.296664598, 40.013196906 -1.298175319, 40.018327778 -1.305907482, 40.011362004 -1.310813215, 40.011201784 -1.312323936, 40.012838323 -1.315733488, 40.013334245 -1.321350833, 40.018228601 -1.328106045, 40.018278197 -1.337197071, 40.025758968 -1.341961072, 40.020994319 -1.347209619, 40.01483728 -1.360808137, 40.018220986 -1.366930763, 40.016126678 -1.374186372, 40.018564319 -1.375967434, 40.023287007 -1.373161144, 40.024606921 -1.38184463, 40.028684915 -1.387496422, 40.028520881 -1.389296676, 40.023737156 -1.391062602, 40.022936055 -1.392519446, 40.026415128 -1.39464368, 40.035883402 -1.414169332, 40.038378271 -1.435425749, 40.045092272 -1.437702197, 40.046080299 -1.438859614, 40.044012693 -1.441302944, 40.048201316 -1.446086256, 40.047079779 -1.46203441, 40.043406154 -1.466052471, 40.049143573 -1.469206697, 40.045832353 -1.476354432, 40.047358264 -1.480460459, 40.050146864 -1.483516586, 40.049132137 -1.488564521, 40.051997033 -1.494053965, 40.050276572 -1.496379526, 40.045199109 -1.496101558, 40.046316839 -1.501211832, 40.052576883 -1.504655234, 40.084991 -1.484702716, 40.093269058 -1.487955042, 40.100334017 -1.488168642, 40.107044209 -1.502466252, 40.113418698 -1.512675474, 40.115558786 -1.513850293, 40.119388821 -1.522143044, 40.120838441 -1.536045274, 40.129082178 -1.567473959, 40.14033195 -1.584889438, 40.150952281 -1.594118847, 40.160134444 -1.604922987, 40.168332398 -1.622918487, 40.173127578 -1.646171352, 40.174180461 -1.659973931, 40.173802807 -1.679665865, 40.171857281 -1.69698885, 40.172334135 -1.713143452, 40.174127081 -1.719519373, 40.182511958 -1.733498243, 40.184865676 -1.739918863, 40.18321007 -1.751633563, 40.174306399 -1.76995603, 40.171597915 -1.780070373, 40.172742356 -1.799471937, 40.176179476 -1.818383476, 40.172723303 -1.842256293, 40.18066185 -1.852372776, 40.185388359 -1.862111401, 40.187249973 -1.872222761, 40.186815111 -1.916517716, 40.189134502 -1.933412655, 40.18530067 -1.961925983, 40.187940496 -1.968861897, 40.194089915 -1.977785085, 40.19684037 -1.984431347, 40.197332477 -1.98845608, 40.195020733 -2.003409637, 40.208513595 -2.022892127, 40.210203545 -2.033066661, 40.213343106 -2.039033969, 40.250831 -2.252621687, 40.250808204 -2.400516569, 40.443488553 -2.401592089, 40.66492469 -2.469380989, 40.737695277 -2.457612966, 40.753801242 -2.452591129, 40.763013917 -2.452895555, 40.767168204 -2.454273485, 40.751939651 -2.479948339, 40.71685139 -2.500495294, 40.701065871 -2.51206398, 40.680271561 -2.532311737, 40.656906101 -2.5608557, 40.622393871 -2.582993238, 40.611697248 -2.580257644, 40.608580577 -2.577521329, 40.586103935 -2.573073102, 40.572035048 -2.562889283, 40.564668722 -2.562265404, 40.555910002 -2.559119767, 40.537633421 -2.55004378, 40.53492493 -2.54532615, 40.528333002 -2.543778484, 40.528001116 -2.541834359, 40.521592297 -2.539924568, 40.5225231 -2.537861483, 40.525422327 -2.538084143, 40.52644087 -2.536681178, 40.52862292 -2.536597261, 40.530030572 -2.53836807, 40.533334165 -2.538201429, 40.533616453 -2.531653387, 40.535691691 -2.533079713, 40.537377824 -2.538920192, 40.536992525 -2.528293899, 40.539346239 -2.527902212, 40.539430162 -2.525496551, 40.535153801 -2.523267784, 40.534005555 -2.523902158, 40.534791399 -2.525330153, 40.53339901 -2.528931374, 40.531724325 -2.529050812, 40.529511755 -2.5270366, 40.52955372 -2.530030147, 40.527497558 -2.531434543, 40.526734602 -2.528098183, 40.52486155 -2.530451874, 40.523499676 -2.529449417, 40.52615094 -2.526353358, 40.525552019 -2.523812765, 40.524880621 -2.526391025, 40.523057161 -2.527397061, 40.519490346 -2.523566505, 40.513607966 -2.523175539, 40.513569833 -2.543714365, 40.518296338 -2.546575837, 40.523053358 -2.545240813, 40.526509545 -2.549586781, 40.528027824 -2.54895193, 40.528806039 -2.551591696, 40.532151594 -2.550393989, 40.535191969 -2.553040189, 40.52823764 -2.554405015, 40.516266884 -2.554084618, 40.50085139 -2.556535824, 40.460517808 -2.566169223, 40.407339894 -2.587447355, 40.385069259 -2.598171644, 40.362077635 -2.612369613, 40.359266148 -2.612942482, 40.354734197 -2.610803828, 40.352056231 -2.617119673, 40.3193522 -2.637650179, 40.279052964 -2.669557456, 40.272869217 -2.669265425, 40.272716625 -2.666995174, 40.271312789 -2.667892261, 40.270706242 -2.670841467, 40.272682295 -2.671472501, 40.276554288 -2.670193262, 40.277088357 -2.671277967, 40.264171547 -2.684659896, 40.25529839 -2.691597484, 40.242850797 -2.705023993, 40.228846779 -2.722703261, 40.206465531 -2.755242992, 39.973909119 -2.425573675, 39.891132288 -2.312093788, 39.750928035 -2.474205084, 39.505100419 -2.752546531, 39.280757588 -3.002100127, 39.219904372 -3.071305543, 39.219232974 -3.073893101, 39.215521193 -3.066294448, 39.206796807 -3.06751743, 39.203199474 -3.066821553, 39.196580838 -3.062389764, 39.185151777 -3.064255466, 39.181909219 -3.062989344, 39.178891729 -3.058909664, 39.1735129 -3.061688182, 39.168950435 -3.067062839, 39.166936235 -3.067542494, 39.16438415 -3.066167901, 39.163449526 -3.060812082, 39.151753418 -3.045831958, 39.144871569 -3.049497075, 39.143112957 -3.048601658, 39.140816459 -3.042703249, 39.136635466 -3.042622198, 39.133457758 -3.041012307, 39.134239783 -3.035855309, 39.13152366 -3.030753145, 39.129402638 -3.021579881, 39.12355459 -3.021870014, 39.113697217 -3.025372308, 39.104717249 -3.037333393, 39.08819547 -3.045359507, 39.08761563 -3.052461584, 39.085582356 -3.053646894, 39.081763767 -3.052489243, 39.079867819 -3.046644949, 39.066596217 -3.041715155, 39.0547704 -3.019414821, 39.000955324 -2.942353366, 38.625020414 -2.426941036, 38.628056974 -2.425702563, 38.633328992 -2.426283056, 38.635553009 -2.431096524, 38.639100748 -2.429839933, 38.647336848 -2.432755282, 38.669493056 -2.43179286, 38.67860655 -2.428483906, 38.6880443 -2.427038501, 38.701018344 -2.421486708, 38.705382444 -2.418203504, 38.706118693 -2.414802058, 38.716647467 -2.409475552, 38.719741245 -2.403966438, 38.72454023 -2.402031369, 38.726520096 -2.398874517, 38.735149111 -2.392877879, 38.736720793 -2.38453685, 38.740455454 -2.37897362, 38.758800701 -2.376317153, 38.763157171 -2.37153205, 38.771454302 -2.368330614, 38.786862175 -2.368432639, 38.7903031 -2.366325209, 38.792542367 -2.357260407, 38.793877538 -2.35613875, 38.798600228 -2.356048871, 38.800187173 -2.35409497, 38.933776597 -2.096055137, 38.935004954 -2.095530425, 38.972237098 -2.002001606, 39.000306176 -1.945719078, 38.997052126 -1.848913748, 38.959835125 -1.705234238, 38.962886938 -1.692749154, 38.978546585 -1.692749385, 38.994004046 -1.686407306, 39.000306047 -1.673922101, 38.987900341 -1.527175588, 38.986893181 -1.36751855, 38.969570196 -1.060951037, 38.825688293 -0.756623457, 38.756991819 -0.636898084, 38.678460858 -0.505139663, 38.666978385 -0.483525421, 38.425602324 -0.073468742, 38.429123361 -0.07497057, 38.433208984 -0.07885173600000001, 38.436951278 -0.080036935, 38.439488103 -0.079711277, 38.442726846 -0.075097397, 38.444756306 -0.075395975, 38.459611038 -0.08881275299999999, 38.462884115 -0.089817008, 38.46854524 -0.08849623500000001, 38.476121382 -0.082823902, 38.48613135 -0.08052609500000001, 38.490079641 -0.077965851, 38.493909675 -0.07301719399999999, 38.495515695 -0.06358121, 38.497762597 -0.062106574, 38.506185619 -0.06639493, 38.512819511 -0.065852174, 38.516401584 -0.062206257, 38.527388135 -0.065933728, 38.532519006 -0.060035111, 38.536974663 -0.058569527, 38.53607819 -0.046717901, 38.546610782 -0.046672732, 38.548655501 -0.035653432, 38.554457773 -0.023078043, 38.560542338 -0.019395903, 38.565436694 -0.022263836))",Tana River,Tana River,242321716,-32.707,1112.0882999999997,47398304107,0.0,0.0,0.0,0.0,0.0,50.0,50.0,0.08333333333333333,0.832970935693524,-0.08333333333333333,-1.0,-0.10004350663682011,0,0,0,0,,,0.0,0.0,0.0,0.0,,0,0,0,0,,,0.0,0.0,0.0,0.0,,0,0,0,0,,,0.0,0.0,0.0,0.0,,0,0,0,0,50.0,50.0,0.08333333333333333,0.832970935693524,-0.08333333333333333,-1.0,-0.10004350663682011,0,0,0,0,,,,,,,,,,,,,,,,,,,,
42,23204309,2021-02-01,Kenya,Kenya_2021-02,54986000,133595,20039.0,0.15,2.0,0.5,0.35,0.15,0.0,0.0,0.6,0.35,0.05,0.0,0.0,,,,,,Tharaka,"POLYGON ((37.977938515 0.064823484, 37.980391415 0.062227368, 37.987334305 0.061494788, 37.999110515 0.06258053099999999, 38.001304011 0.059595413, 38.005652854 0.060056842, 38.00580163 0.062128366, 38.008609305 0.060337324, 38.011298721 0.060310236, 38.015021941 0.056239611, 38.01580397 0.05739751, 38.018714643 0.056701021, 38.020999693 0.04995274, 38.024040069 0.049645226, 38.024738173 0.047863169, 38.027019408 0.0498081, 38.030441261 0.043756356, 38.033657116 0.041639626, 38.034935066 0.037369913, 38.033714338 0.036899503, 38.033886002 0.03515362, 38.035827723 0.034429957, 38.038341659 0.030250708, 38.039924791 0.030087894, 38.040424526 0.027175067, 38.043197868 0.025745814, 38.045318883 0.022027896, 38.04493359 0.024533656, 38.046745608 0.025691568, 38.050491717 0.02249833, 38.051922258 0.026731911, 38.054695599 0.02488653, 38.053989866 0.023800994, 38.058968147 0.021566644, 38.061485898 0.021973735, 38.063351323 0.024958967, 38.066532845 0.022787923, 38.068199902 0.024190086, 38.070122548 0.021584812, 38.070961799 0.024009183, 38.073136221 0.023249324, 38.072636485 0.024380089, 38.074215802 0.025583238, 38.073342218 0.02795332, 38.075680675 0.028152358, 38.074055581 0.029536403, 38.074612539 0.030431976, 38.081238802 0.027428712, 38.082787601 0.025547123, 38.089310866 0.039179776, 38.094697328 0.040989081, 38.096276645 0.045376506, 38.101022225 0.046706364, 38.105687694 0.044218715, 38.107316603 0.047050208, 38.110200573 0.047927729, 38.111997332 0.05171813, 38.114557046 0.052740396, 38.117425756 0.050252717, 38.117765271 0.047873557, 38.120378392 0.046353819, 38.121526639 0.046254326, 38.122964809 0.048497822, 38.124921789 0.047168046, 38.128973079 0.048452672, 38.13607619 0.045883618, 38.143049598 0.041758589, 38.154734253 0.030839783, 38.158472732 0.029229566, 38.159960494 0.02584624, 38.162585059 0.023892245, 38.175898623 0.021938314, 38.180144467 0.019251558, 38.182921623 0.015470174, 38.193633511 0.011055563, 38.208350911 0.015144616, 38.212573867 0.010874697, 38.220027937 0.010521909, 38.22327431 0.006867133, 38.221988731 0.001357813, 38.229412282 -0.000740971, 38.23080849 -0.010990673, 38.232280993 -0.012257188, 38.237755194 -0.012836178, 38.238716518 -0.017205655, 38.242798327 -0.019159722, 38.245880665 -0.023547309, 38.248280158 -0.023701111, 38.250179916 -0.017404718, 38.254078615 -0.01688003, 38.266388893 -0.019250276, 38.269772598 -0.021801429, 38.276139457 -0.022145228, 38.279832159 -0.024542597, 38.282883978 -0.024180745, 38.289826868 -0.029337361, 38.29242473 -0.036393758, 38.294480893 -0.03852878, 38.297803562 -0.039062559, 38.298646627 -0.043169745, 38.302648326 -0.045621425, 38.302861953 -0.049828127, 38.300611236 -0.052306888, 38.311056089 -0.055771875, 38.307863123 -0.057436428, 38.304269605 -0.06230349, 38.300729494 -0.071802438, 38.290071014 -0.08009804199999999, 38.288072073 -0.087624808, 38.280206007 -0.08688283400000001, 38.276875709 -0.089225847, 38.272603162 -0.09717772700000001, 38.262139235 -0.09459018700000001, 38.25960241 -0.09138764100000001, 38.250862761 -0.088212123, 38.244156387 -0.09344089699999999, 38.234817819 -0.09699598, 38.229854797 -0.102830871, 38.221878104 -0.107471534, 38.214527033 -0.117512943, 38.212688312 -0.128287238, 38.209518234 -0.129110379, 38.207992325 -0.131127696, 38.206569414 -0.146850394, 38.204398808 -0.148424396, 38.196414484 -0.149464464, 38.194480394 -0.153996648, 38.189570778 -0.153924101, 38.187251396 -0.155118128, 38.185050271 -0.16838009, 38.185797967 -0.174721664, 38.183566325 -0.191529799, 38.164381825 -0.226303099, 38.164652674 -0.234571503, 38.163382354 -0.237620051, 38.160975232 -0.240098608, 38.155317921 -0.241572811, 38.152754392 -0.243779952, 38.148020257 -0.24162663, 38.144716662 -0.242956231, 38.140390708 -0.247940476, 38.137666959 -0.25942006, 38.12969408 -0.264376874, 38.126337079 -0.270699972, 38.117643208 -0.276190439, 38.115411565 -0.279899243, 38.107782015 -0.278695517, 38.103971055 -0.282910767, 38.089677094 -0.277074864, 38.079453497 -0.277643979, 38.073689372 -0.276313753, 38.069622823 -0.277652264, 38.047630646 -0.278962198, 38.032959022 -0.276156741, 38.028232515 -0.27090059, 38.024932735 -0.26948916, 38.02263624 -0.270954439, 38.011138509 -0.268619637, 38.009219677 -0.269469821, 38.007258883 -0.268004215, 37.998816786 -0.26789497, 37.99427339 -0.278107459, 37.994654868 -0.284530088, 37.993296808 -0.291658163, 37.986239475 -0.300205925, 37.983065584 -0.311096892, 37.980563091 -0.314208422, 37.98694521 -0.321020621, 37.986781176 -0.327280364, 37.981360381 -0.329496058, 37.977675309 -0.339156687, 37.972918285 -0.346953705, 37.973227282 -0.349088582, 37.979678067 -0.356443581, 37.979262257 -0.35833413, 37.973753722 -0.361517656, 37.968874626 -0.366817971, 37.974562455 -0.369957542, 37.975886183 -0.374589182, 37.97518045 -0.381672021, 37.971136789 -0.384294837, 37.970606535 -0.386691921, 37.971060495 -0.400197448, 37.966417914 -0.402964912, 37.965841884 -0.415430014, 37.963072358 -0.41605381, 37.960928455 -0.421426746, 37.957720229 -0.423389262, 37.953363757 -0.428906607, 37.948133701 -0.428028442, 37.947271562 -0.430416436, 37.945867724 -0.430759967, 37.940527039 -0.428543023, 37.936334602 -0.431364722, 37.932573234 -0.428849453, 37.927907764 -0.430721289, 37.925584566 -0.429870658, 37.921384498 -0.424605449, 37.923024851 -0.418174179, 37.915998035 -0.416662592, 37.909776137 -0.417430589, 37.909173402 -0.412301623, 37.901799442 -0.408410983, 37.902833245 -0.401482148, 37.900487158 -0.39926565, 37.890721334 -0.396650136, 37.890698445 -0.390010656, 37.89262872 -0.384701133, 37.896947045 -0.381752816, 37.895711058 -0.377365503, 37.897145413 -0.374480122, 37.896458753 -0.372336217, 37.890713702 -0.370164568, 37.889908784 -0.367740248, 37.893105565 -0.363100234, 37.895512688 -0.355511217, 37.888176874 -0.346392377, 37.88587275 -0.345840309, 37.885044944 -0.348137802, 37.880787656 -0.35075147, 37.87392869 -0.351211964, 37.87351288 -0.359741905, 37.871140091 -0.364436243, 37.872013675 -0.367303804, 37.866501325 -0.372033932, 37.865677335 -0.382807071, 37.867424502 -0.384589268, 37.856819428 -0.392267506, 37.85458397 -0.391018901, 37.852592658 -0.394953438, 37.850559383 -0.396183359, 37.845760397 -0.40697393, 37.842430098 -0.406313153, 37.841300925 -0.408149199, 37.838596249 -0.408293549, 37.833907891 -0.407487826, 37.830493667 -0.410508498, 37.829879489 -0.415248221, 37.828452763 -0.417147531, 37.826179157 -0.416378343, 37.817393731 -0.424092757, 37.816996995 -0.428199297, 37.812674855 -0.432983631, 37.808329827 -0.433100536, 37.801863784 -0.440914689, 37.799822879 -0.441013862, 37.790961157 -0.446322015, 37.788267926 -0.446484393, 37.785059701 -0.450463779, 37.779894495 -0.44885284, 37.769152089 -0.452595766, 37.761202097 -0.452540161, 37.748449304 -0.448784215, 37.738786478 -0.44852931, 37.73434608 -0.451088296, 37.733232166 -0.453032782, 37.727487115 -0.454298106, 37.718301136 -0.4514925, 37.717435182 -0.448407998, 37.71508528 -0.446779478, 37.705384307 -0.445520503, 37.699879586 -0.441322687, 37.694229904 -0.441502588, 37.688519184 -0.434120919, 37.684097859 -0.430990585, 37.675392542 -0.429532847, 37.669800082 -0.42790382, 37.667518846 -0.425895444, 37.660778138 -0.424501387, 37.65632248 -0.417979288, 37.646178992 -0.411718562, 37.639228471 -0.404400156, 37.637759782 -0.401614128, 37.637469858 -0.39455918, 37.633063793 -0.394232845, 37.631617993 -0.39207091, 37.627177594 -0.393218853, 37.61579049 -0.390991986, 37.612269452 -0.386984619, 37.609976772 -0.387997241, 37.601889449 -0.387209041, 37.586584569 -0.376533914, 37.584448295 -0.372336902, 37.579767566 -0.373575257, 37.57043281 -0.366546176, 37.56847583 -0.365876548, 37.565210382 -0.368254739, 37.56253241 -0.368453295, 37.553762241 -0.363504557, 37.500916154 -0.316438905, 37.309170271 -0.152805919, 37.500858925 -0.186075587, 37.525918184 -0.186918796, 37.533925397 -0.184007176, 37.550164896 -0.182425723, 37.564092641 -0.186768187, 37.570253503 -0.183738769, 37.573404507 -0.184299777, 37.577036173 -0.182084158, 37.579576814 -0.183694293, 37.589987335 -0.185594467, 37.591452209 -0.189538019, 37.594366698 -0.192758125, 37.597708441 -0.192722231, 37.602122136 -0.196539417, 37.606013207 -0.197281398, 37.613524499 -0.19625997, 37.617186684 -0.201352433, 37.621619453 -0.202890408, 37.623549729 -0.20776566, 37.627917647 -0.207395206, 37.628898044 -0.209095693, 37.632247417 -0.209285934, 37.63388777 -0.210823685, 37.639629007 -0.209973978, 37.641746208 -0.214207108, 37.64366504 -0.215292649, 37.651191591 -0.216143533, 37.65460963 -0.215058453, 37.658649477 -0.218875729, 37.660598827 -0.216515194, 37.667816382 -0.217863509, 37.667728641 -0.20863773, 37.671604453 -0.20994957, 37.677174025 -0.209099818, 37.684082583 -0.210348602, 37.687473918 -0.20700225, 37.690125186 -0.206351231, 37.694866952 -0.207418923, 37.697377074 -0.205962882, 37.709313505 -0.204516645, 37.72331373 -0.205566992, 37.724046167 -0.203893712, 37.73273241 -0.201452211, 37.737462731 -0.194777282, 37.742238829 -0.193348493, 37.744974023 -0.190589924, 37.747129371 -0.191684555, 37.749414421 -0.190128953, 37.749311422 -0.188509849, 37.753126197 -0.186266918, 37.756979119 -0.175874274, 37.766687721 -0.160154302, 37.770586422 -0.159313325, 37.77417994 -0.161963796, 37.778746226 -0.161774121, 37.785906559 -0.166649954, 37.788359459 -0.170168727, 37.798831017 -0.170938228, 37.798342726 -0.168966326, 37.807067116 -0.160274258, 37.832519294 -0.144527599, 37.858021065 -0.125279995, 37.864509997 -0.111232543, 37.869415797 -0.09505021399999999, 37.88970277 -0.059999063, 37.890576353 -0.043798358, 37.89392954 -0.023617585, 37.895356266 -0.021907967, 37.897023323 -0.007887223, 37.910558144 0.014301831, 37.931699627 0.054103263, 37.947790348 0.062543297, 37.950239434 0.061620677, 37.949655773 0.057839514, 37.951151165 0.055216258, 37.954267836 0.054194137, 37.953871099 0.050729584, 37.960451586 0.050268356, 37.965052205 0.062136591, 37.978075846 0.062543922, 37.977938515 0.064823484))",Tharaka-Nithi,Tharaka-Nithi,296155258,-7.328499999999999,1285.8864999999998,57661952198,0.0,0.0,0.0,0.0,0.0,50.0,48.33333333333332,0.16666666666666666,0.5089773777040516,-0.16666666666666666,-1.0,-0.327453977264145,0,0,0,0,,,0.0,0.0,0.0,0.0,,0,0,0,0,,,0.0,0.0,0.0,0.0,,0,0,0,0,,,0.0,0.0,0.0,0.0,,0,0,0,0,50.0,48.33333333333332,0.16666666666666666,0.5089773777040516,-0.16666666666666666,-1.0,-0.327453977264145,0,0,0,0,,,,,,,,,,,,,,,,,,,,
43,23204309,2021-02-01,Kenya,Kenya_2021-02,54986000,926976,185395.0,0.2,3.0,0.4,0.4,0.15,0.05,0.0,0.3,0.45,0.2,0.05,0.0,,,,,,Turkana,"POLYGON ((35.654930399 5.428927271, 35.679962969 5.429011631, 35.728921782 5.397838524, 35.7852584 5.387038503, 35.831100534 5.35231326, 35.834018833 5.347974397, 35.832397525 5.326783599, 35.815272919 5.271785002, 35.81479606 5.262578039, 35.816024407 5.25436472, 35.827228372 5.225543716, 35.833507485 5.218014596, 35.837089552 5.210571779, 35.793574068 4.951755617, 35.795111368 4.90529933, 35.795477454 4.793250506, 35.930878973 4.63388323, 35.929860416 4.623354118, 35.921319087 4.58488708, 35.92542378 4.578409785, 35.945886239 4.574034671, 35.946069338 4.564811505, 35.944951604 4.560931331, 35.926789432 4.544475173, 35.928918072 4.53905494, 35.931096308 4.537167297, 35.928025396 4.523061256, 35.924962124 4.517185211, 35.924389894 4.505068365, 35.925843319 4.500693273, 35.928712031 4.500063897, 35.93351101 4.49002016, 35.939206465 4.483422235, 35.93772631 4.46384876, 35.934262478 4.450797873, 35.925786029 4.437320257, 35.91923604 4.422359801, 35.916703009 4.403956389, 35.91888888 4.408229443, 35.919575538 4.405910778, 35.911247864 4.391395176, 35.908062513 4.380622426, 35.902145751 4.339928279, 35.903713605 4.321433796, 35.903129934 4.311720011, 35.909485297 4.258744994, 35.907661817 4.242449982, 35.908378986 4.233346496, 35.911861864 4.22018022, 35.909668359 4.212275882, 35.906830142 4.189734355, 35.91060293 4.164201874, 35.909050307 4.155243338, 35.912567513 4.137063068, 35.917564862 4.12818415, 35.908218638 4.107993241, 35.889575791 4.076312013, 35.863646695 4.01920131, 35.84965407 3.995985608, 35.847887823 3.991489177, 35.846995157 3.982579037, 35.850024085 3.977071316, 35.849768492 3.974008135, 35.836359518 3.940985439, 35.838934466 3.913028456, 35.837824352 3.897595499, 35.84078461 3.888338487, 35.845816292 3.87896275, 35.848753668 3.876507721, 35.842531749 3.857243708, 35.842272333 3.846041368, 35.844984636 3.841444568, 35.845400438 3.832864372, 35.842455416 3.817271215, 35.841738224 3.802074512, 35.838663503 3.79103381, 35.839556151 3.779754468, 35.836733205 3.767964957, 35.835916834 3.758197062, 35.834345141 3.752789474, 35.821386322 3.72981623, 35.81641565 3.710702171, 35.821046779 3.698948891, 35.819826043 3.691419796, 35.821985197 3.679883461, 35.824884425 3.676912777, 35.820112117 3.652614748, 35.817792713 3.630800828, 35.820916994 3.60528434, 35.82394592 3.59752638, 35.835256723 3.585208569, 35.859030405 3.574631292, 35.878748969 3.553144915, 35.895541608 3.54172896, 35.897799952 3.536948596, 35.89444294 3.527451766, 35.886424265 3.512347812, 35.878951109 3.502223044, 35.878821403 3.498699518, 35.881171303 3.49484104, 35.886019883 3.493827367, 35.896003145 3.481646876, 35.906119931 3.479096721, 35.908057838 3.479672213, 35.917026384 3.485456224, 35.923854846 3.498108252, 35.9243584 3.502672148, 35.921936026 3.513342379, 35.923522977 3.518397613, 35.914195859 3.531637307, 35.914134824 3.533832478, 35.909744018 3.536934521, 35.912078668 3.543753901, 35.905097629 3.547018771, 35.905135779 3.549846413, 35.908099861 3.550615245, 35.911807829 3.555569158, 35.917716917 3.553710123, 35.923252154 3.548678723, 35.929252783 3.531136419, 35.933521488 3.495204076, 35.932872969 3.487514064, 35.936542776 3.477344468, 35.936786918 3.472737899, 35.930118671 3.452190836, 35.924999221 3.429607137, 35.92258445 3.408947548, 35.926006287 3.387005849, 35.925849863 3.36543224, 35.927680943 3.348923639, 35.929149626 3.341466304, 35.933647241 3.332364972, 35.937435311 3.328257367, 35.950664958 3.329373537, 35.958656914 3.327049625, 35.96704179 3.322784197, 35.992688518 3.301161937, 35.999005784 3.294811719, 36.022630661 3.248705968, 36.032877147 3.243613536, 36.052919979 3.236435351, 36.056799604 3.231838793, 36.072833104 3.223374215, 36.082808745 3.222255404, 36.097888554 3.217699604, 36.108463115 3.216934814, 36.112552554 3.214850257, 36.116443623 3.210587457, 36.133362153 3.204084418, 36.139000393 3.203838149, 36.142372658 3.207335447, 36.142391735 3.210552392, 36.139397138 3.214763697, 36.143803209 3.218778796, 36.147370025 3.218797865, 36.150643097 3.210087509, 36.148922616 3.189083441, 36.144497458 3.167059746, 36.140488124 3.16216925, 36.137565999 3.155610204, 36.137806324 3.147090093, 36.147121998 3.133047005, 36.148537275 3.125966579, 36.148705107 3.101868343, 36.147232598 3.09553935, 36.150257706 3.082138274, 36.147499617 3.075073825, 36.138626443 3.070306108, 36.138092368 3.062000795, 36.142742569 3.047158363, 36.142582345 3.042676002, 36.13798553 3.029914316, 36.135986574 3.011729072, 36.131309654 3.007587147, 36.123802165 2.996182426, 36.122150363 2.99058484, 36.121086034 2.983028337, 36.122726383 2.976138392, 36.130832781 2.971605485, 36.129936304 2.965486045, 36.13298431 2.964310264, 36.136650311 2.96579262, 36.164204442 2.963912354, 36.169754944 2.965652418, 36.179066812 2.963462486, 36.192819084 2.966018819, 36.202550575 2.959248306, 36.209977944 2.958417722, 36.222444631 2.952855647, 36.224619053 2.952635127, 36.226965143 2.955171443, 36.231546689 2.954785235, 36.243944709 2.948589975, 36.24999113 2.948171343, 36.256247367 2.95287684, 36.254450614 2.962478562, 36.258646863 2.955873979, 36.262755356 2.925358069, 36.267024085 2.917371016, 36.269385424 2.906315542, 36.281562178 2.887891655, 36.292060441 2.884311147, 36.29754609 2.884812256, 36.326668083 2.86894899, 36.34422368 2.861633495, 36.358002651 2.858737426, 36.378293432 2.836615028, 36.383588335 2.827616452, 36.389382967 2.807150215, 36.394914387 2.799399177, 36.400079587 2.787950585, 36.403890546 2.783611977, 36.413381697 2.765195485, 36.416689106 2.76142498, 36.418649898 2.756548786, 36.419859167 2.734797112, 36.427843482 2.715961043, 36.433809788 2.710352011, 36.445063375 2.705097711, 36.444800151 2.697966036, 36.436983667 2.68666097, 36.433485511 2.678438149, 36.433832636 2.648640308, 36.437368923 2.631222234, 36.443239857 2.621075536, 36.45236098 2.609697034, 36.45625968 2.606794536, 36.468138894 2.60676449, 36.47125175 2.604683035, 36.473849608 2.597195431, 36.488952296 2.578425634, 36.492995955 2.571537361, 36.512687822 2.558036396, 36.51555653 2.552618801, 36.517280802 2.54185704, 36.522171336 2.526084868, 36.528629746 2.516606638, 36.529182877 2.496605052, 36.526657491 2.491240146, 36.525539754 2.4788189, 36.526527777 2.47135466, 36.523250866 2.44105977, 36.531959988 2.421398612, 36.537941547 2.40323245, 36.551606071 2.395330028, 36.556801796 2.394182377, 36.575639165 2.40039883, 36.578797801 2.403098207, 36.586331985 2.403970262, 36.593015476 2.407923372, 36.602437968 2.400229551, 36.602395987 2.368655419, 36.604337702 2.357431884, 36.612547097 2.352293689, 36.7242399 2.298910381, 36.722458392 2.285410864, 36.723347231 2.278650377, 36.722294348 2.269671838, 36.718479569 2.265832919, 36.707790563 2.259840319, 36.712604806 2.251440844, 36.713573756 2.245656835, 36.710624927 2.234071893, 36.71192576 2.222177509, 36.700904867 2.213924897, 36.700763716 2.207361566, 36.70251851 2.200756276, 36.701377889 2.195646934, 36.687141142 2.192198518, 36.679973176 2.189186365, 36.664702621 2.178441306, 36.655562412 2.169360261, 36.643164386 2.163510461, 36.618120377 2.156872287, 36.613264165 2.154098531, 36.605894018 2.154818973, 36.597371803 2.146019476, 36.588529149 2.142064222, 36.584466408 2.132982459, 36.580876695 2.117275858, 36.577294617 2.111648003, 36.564377779 2.100636176, 36.565098769 2.094852168, 36.567635592 2.088519844, 36.567383808 2.072212957, 36.570462324 2.056254844, 36.568696081 2.052301971, 36.561577705 2.04669605, 36.557083898 2.045306193, 36.553311078 2.032944077, 36.549828186 2.02948588, 36.547661392 2.028940189, 36.54742869 2.025703939, 36.549885404 2.022616448, 36.546001961 2.020811778, 36.548443415 2.016530868, 36.54941618 2.009825453, 36.547535493 2.005366461, 36.542656394 2.004753543, 36.541523404 2.001958806, 36.544334888 1.990230587, 36.544247146 1.984346095, 36.538936969 1.967164292, 36.531845296 1.960121548, 36.531124301 1.956062111, 36.531395149 1.953188107, 36.53798327 1.9582506, 36.539818178 1.958199105, 36.540344615 1.954584279, 36.539203992 1.944404813, 36.540539162 1.940592356, 36.541225813 1.922280664, 36.538742389 1.91285859, 36.539387084 1.909081177, 36.537109662 1.907044188, 36.538837754 1.903349737, 36.538818676 1.893958415, 36.526794497 1.886972174, 36.524639146 1.881310824, 36.522136653 1.88081913, 36.518360022 1.877351993, 36.515334905 1.876958996, 36.511768084 1.865709723, 36.511531565 1.860982176, 36.515258596 1.84756491, 36.520336064 1.849867949, 36.522979703 1.848000698, 36.524345392 1.844929419, 36.520900643 1.831782261, 36.524044018 1.830394665, 36.523147544 1.826443462, 36.521503373 1.822581538, 36.519077175 1.821466434, 36.515594285 1.822727082, 36.517555075 1.812362382, 36.521720807 1.804549609, 36.527366677 1.805379827, 36.532543327 1.803190499, 36.533458872 1.799820269, 36.528141071 1.792835099, 36.528118181 1.790186619, 36.522788934 1.780146382, 36.517848797 1.77553899, 36.51819594 1.772149927, 36.520423768 1.768944192, 36.518730005 1.764910622, 36.512469956 1.761928389, 36.515533221 1.761227498, 36.521312605 1.756462878, 36.524135541 1.759331875, 36.527065289 1.759136983, 36.528209721 1.755893582, 36.523620542 1.749280073, 36.516582278 1.74575465, 36.520461904 1.742894472, 36.520793788 1.7381767, 36.510966921 1.732360872, 36.507396286 1.721175253, 36.505103603 1.716255202, 36.503081771 1.715032341, 36.502913918 1.706553965, 36.501746595 1.703922174, 36.487971436 1.701147349, 36.486514182 1.678621388, 36.480490647 1.670460918, 36.479063917 1.661935816, 36.471384769 1.65366473, 36.470507368 1.647463291, 36.471697576 1.641165061, 36.468817417 1.634961, 36.468500788 1.627458744, 36.465483296 1.6186515, 36.466383582 1.615742332, 36.465452775 1.612821722, 36.463068539 1.610495916, 36.45905158 1.610644439, 36.456003573 1.609330034, 36.4495299 1.615910886, 36.445310757 1.615363169, 36.441804976 1.612249577, 36.439416924 1.606697177, 36.438699744 1.600902683, 36.434675153 1.596333435, 36.433057686 1.591667635, 36.432775389 1.583234674, 36.427816177 1.577417057, 36.424886426 1.569369468, 36.421174648 1.567277052, 36.420308692 1.564193975, 36.413781608 1.558961863, 36.410439862 1.554583333, 36.405980383 1.540939597, 36.396805838 1.521026838, 36.391804666 1.51981876, 36.387699967 1.520889167, 36.386780608 1.526048689, 36.385182218 1.52911055, 36.38156581 1.531004025, 36.374928105 1.545700292, 36.371666475 1.557291546, 36.371307889 1.564313431, 36.37738102 1.581058959, 36.374451275 1.589604922, 36.370667018 1.592998276, 36.366253321 1.591401967, 36.364178081 1.588335458, 36.361698476 1.587157417, 36.361400919 1.57585093, 36.362427092 1.572652943, 36.360824885 1.569198561, 36.347831756 1.568874703, 36.344062757 1.570071819, 36.340915569 1.576647067, 36.339641432 1.572000219, 36.337379269 1.56943971, 36.327235776 1.564537423, 36.308737918 1.545815463, 36.303511673 1.542925966, 36.297133362 1.531702682, 36.298441829 1.528631642, 36.296027072 1.518868424, 36.297633092 1.515463508, 36.296366585 1.512307958, 36.296896833 1.496936313, 36.299483248 1.488372352, 36.298808032 1.484720458, 36.295386176 1.48091158, 36.289534303 1.466074545, 36.291754501 1.461486342, 36.316886252 1.468909322, 36.325309277 1.465566626, 36.34061034 1.448910848, 36.348957066 1.436105434, 36.358684746 1.4348244, 36.38210366 1.438683573, 36.388157711 1.440959077, 36.396210704 1.440028489, 36.414441513 1.419777078, 36.424558298 1.413895685, 36.428586702 1.41345727, 36.430497904 1.409437528, 36.434205865 1.406675928, 36.446146116 1.409328336, 36.449522193 1.407831675, 36.455953902 1.397390451, 36.461500587 1.397812294, 36.464701185 1.399704813, 36.468782995 1.39598545, 36.467691965 1.384415059, 36.465147506 1.374994301, 36.460420995 1.365896691, 36.445428922 1.361867657, 36.440549822 1.357090289, 36.436185715 1.349050688, 36.424287426 1.345070166, 36.423692318 1.335769441, 36.422277034 1.33191765, 36.41379297 1.327073294, 36.406750889 1.315190009, 36.393853129 1.311922774, 36.396130549 1.307451387, 36.404664202 1.30255279, 36.404751941 1.298286903, 36.407803761 1.296265528, 36.416825707 1.295533764, 36.420293338 1.29299757, 36.424028004 1.292721266, 36.429910391 1.298285703, 36.434480494 1.300342119, 36.438768302 1.298927466, 36.438001529 1.289626383, 36.439378662 1.286157101, 36.442377076 1.283954783, 36.448576084 1.273675434, 36.45152872 1.271120645, 36.455248123 1.256265254, 36.454534758 1.252088885, 36.451219717 1.250133311, 36.445863772 1.252541367, 36.43256165 1.264422393, 36.425790422 1.264768191, 36.419618116 1.270953061, 36.412534077 1.275266034, 36.409177074 1.274575755, 36.40573233 1.271463236, 36.397873891 1.273389373, 36.397229193 1.270424302, 36.39477629 1.266770502, 36.392235649 1.265701409, 36.390644886 1.261903854, 36.394047666 1.259656837, 36.398591062 1.252376887, 36.407456602 1.249620174, 36.411633784 1.254775997, 36.414655087 1.255285095, 36.418691116 1.242852777, 36.423722804 1.234840947, 36.423890653 1.231623533, 36.418717815 1.225445461, 36.412957503 1.228015746, 36.406506715 1.22560531, 36.400841771 1.222074881, 36.396382295 1.215120467, 36.399067894 1.200282719, 36.39774798 1.195337757, 36.398678783 1.190006233, 36.392357698 1.18547227, 36.391819811 1.174499782, 36.395031852 1.170978053, 36.401608526 1.171436012, 36.415063245 1.178462182, 36.418218066 1.181682694, 36.422841575 1.182184043, 36.443529105 1.172116745, 36.44451713 1.166730866, 36.442071856 1.157880118, 36.437570417 1.148855936, 36.436284835 1.139473084, 36.436551868 1.135044611, 36.440275088 1.130158293, 36.446413058 1.109963156, 36.441579734 1.100568266, 36.43960749 1.084541752, 36.440591701 1.08088211, 36.445054988 1.074468738, 36.445085505 1.070256968, 36.44302171 1.065229879, 36.443498555 1.058044934, 36.445375424 1.053436947, 36.443593922 1.046918919, 36.44503972 1.038270451, 36.455160315 1.01383005, 36.456117822 1.006075812, 36.455400642 0.9968290869999999, 36.446378693 0.983526744, 36.447164535 0.977155331, 36.444601003 0.969262942, 36.434343066 0.951974117, 36.418366778 0.93408471, 36.399117412 0.918597456, 36.393288433 0.916062517, 36.393887354 0.918476113, 36.38682239 0.925655993, 36.388523781 0.92943507, 36.387951566 0.939014778, 36.390591392 0.939839215, 36.388352119 0.943190549, 36.388973928 0.94686944, 36.38434279 0.949080221, 36.384266496 0.952604869, 36.381962371 0.9536243760000001, 36.378628256 0.9531066969999999, 36.375042367 0.954983781, 36.369884789 0.953786847, 36.365219318 0.957127156, 36.36401385 0.962042735, 36.358703681 0.963638211, 36.355705267 0.963084593, 36.353877989 0.96493587, 36.351348792 0.964572374, 36.347606498 0.972531515, 36.346648993 0.985364098, 36.342410777 0.987529703, 36.341796599 0.99220158, 36.316893737 0.989325498, 36.172947005 1.168935407, 36.096575175 1.166796645, 35.783424122 1.652561467, 35.791454232 1.661571468, 35.780845337 1.661346306, 35.774982025 1.66304382, 35.768981382 1.666529674, 35.762526782 1.672507619, 35.753775685 1.675708709, 35.74645513 1.681359931, 35.733671818 1.69631427, 35.717466649 1.707125377, 35.701471289 1.706853968, 35.693521295 1.710037535, 35.680238244 1.718134125, 35.672444655 1.720622285, 35.662850495 1.72978177, 35.659482049 1.735402595, 35.653561516 1.739519608, 35.643734651 1.740667021, 35.630409636 1.744427275, 35.62650712 1.746768462, 35.62151739 1.743887427, 35.613147769 1.743790998, 35.608673036 1.746139934, 35.600562824 1.754975913, 35.589381709 1.749464399, 35.581939079 1.749577164, 35.567976996 1.752892926, 35.534658736 1.764038037, 35.524522873 1.76427179, 35.508817434 1.761397554, 35.502061467 1.771643179, 35.49638508 1.774079607, 35.485421415 1.785870051, 35.479634399 1.788188711, 35.473511687 1.801252317, 35.470627716 1.803052698, 35.465786763 1.801598474, 35.460663518 1.805525484, 35.465588399 1.813201534, 35.462254286 1.817718935, 35.465180224 1.82567117, 35.460549091 1.84122949, 35.452992018 1.844058799, 35.447647515 1.843135963, 35.440624513 1.850463004, 35.437832096 1.8512881, 35.378882369 1.912737074, 35.365011844 1.924634802, 35.36571758 1.930812166, 35.370127467 1.939209609, 35.375655083 1.946101688, 35.370779804 1.961214684, 35.372546053 1.97699233, 35.37225995 1.987176448, 35.368899141 2.007150257, 35.362963359 2.031126649, 35.359118067 2.039117509, 35.356745282 2.052267298, 35.337179322 2.119747737, 35.321580718 2.161394905, 35.314981165 2.183968092, 35.310945142 2.206348413, 35.305291653 2.228625272, 35.294377594 2.265053674, 35.281792658 2.29183459, 35.26730796 2.313915017, 35.25738573 2.325805597, 35.241539149 2.335567049, 35.235076917 2.337526683, 35.228214137 2.345190467, 35.232601146 2.372547107, 35.21915026 2.405893509, 35.222377573 2.426584545, 35.227390196 2.435228853, 35.218181335 2.456038142, 35.215774225 2.48121774, 35.217357375 2.510389788, 35.220226096 2.52360538, 35.204650375 2.550740805, 35.199149478 2.57024129, 35.187094799 2.600111856, 35.180602055 2.611682747, 35.176512625 2.631430213, 35.161329823 2.651901225, 35.1400243 2.667549687, 35.136072191 2.668196225, 35.130960387 2.665282527, 35.128404481 2.657619938, 35.12695867 2.642216326, 35.12079016 2.618619929, 35.117864219 2.608203367, 35.109181774 2.590150919, 35.099011552 2.549059449, 35.09852707 2.54032979, 35.103688449 2.515171405, 35.103631224 2.509376188, 35.100091106 2.503146612, 35.090920379 2.499896775, 35.07801117 2.498919351, 35.074970793 2.499921101, 35.064579338 2.49891483, 35.057483852 2.500165947, 35.050582921 2.504062328, 35.033919988 2.530889267, 35.027621795 2.538117261, 35.019126287 2.541773338, 35.014720219 2.542301154, 35.008799682 2.540179892, 35.004618679 2.529408833, 35.003516203 2.519351298, 35.005835565 2.480685761, 35.005362512 2.446416047, 35.007456813 2.424851993, 35.005141237 2.415820048, 35.002322115 2.412291998, 34.965658301 2.439392388, 34.953222129 2.445987676, 34.949979576 2.46036284, 34.944905923 2.462820011, 34.930333496 2.50483767, 34.910107544 2.505306611, 34.895474096 2.572001093, 34.890118154 2.581720585, 34.880073843 2.579847021, 34.876548986 2.576776456, 34.875229065 2.563669571, 34.87106714 2.559216536, 34.863624509 2.560320324, 34.855941549 2.565736493, 34.839549459 2.584171348, 34.825533982 2.612024593, 34.796209805 2.645129759, 34.788439115 2.666703359, 34.784433603 2.673817399, 34.772798538 2.686228172, 34.772607806 2.697216893, 34.779504939 2.719815598, 34.780050463 2.736030959, 34.778391047 2.756118384, 34.771181135 2.783791403, 34.763826253 2.798985711, 34.761384802 2.809767506, 34.755006496 2.814823696, 34.742482583 2.819405955, 34.73654298 2.829398655, 34.733968011 2.8378246, 34.73001209 2.844242519, 34.704571341 2.852790301, 34.703587132 2.858551431, 34.70075657 2.86270862, 34.695938505 2.86217628, 34.687778688 2.852988421, 34.682441813 2.851768542, 34.653968309 2.852228908, 34.648539881 2.854120601, 34.642565946 2.865554418, 34.631972327 2.894272104, 34.626292125 2.898228087, 34.597631704 2.909310522, 34.592374942 2.912519126, 34.584573745 2.948839807, 34.583646764 2.963457907, 34.584890395 2.982414376, 34.583959594 2.988905244, 34.571511987 3.008942381, 34.570234042 3.018056345, 34.570127242 3.037097209, 34.57183628 3.060791128, 34.568628071 3.088324932, 34.552522087 3.101579407, 34.545701273 3.114574976, 34.54083744 3.127154777, 34.523007171 3.134266686, 34.508926828 3.138201459, 34.503956171 3.137720137, 34.485061566 3.126310173, 34.47659659 3.149776671, 34.47118724 3.157049252, 34.461020859 3.162027968, 34.456775012 3.162559361, 34.451110071 3.169018766, 34.450583636 3.175960684, 34.452159145 3.182848962, 34.45132753 3.191701405, 34.447840835 3.209154782, 34.446253904 3.231567557, 34.443610273 3.244569324, 34.442965592 3.266273818, 34.439250008 3.279802446, 34.429159941 3.307848104, 34.426737566 3.320615765, 34.422487912 3.331426654, 34.405016242 3.350832766, 34.398355643 3.356238929, 34.394151776 3.380152428, 34.394315833 3.406809889, 34.39505971 3.401790412, 34.402513791 3.406596754, 34.406435387 3.410899126, 34.409853436 3.420077935, 34.41069651 3.430858545, 34.409376603 3.438174752, 34.40461195 3.445636624, 34.384447051 3.469471467, 34.381738563 3.475148211, 34.383615437 3.479287758, 34.388750127 3.476968376, 34.397436377 3.475919893, 34.415484094 3.476486313, 34.435103512 3.492273988, 34.441870937 3.502290289, 34.447116292 3.544612906, 34.44810052 3.562898297, 34.444903766 3.598775824, 34.453647281 3.649918945, 34.45298733 3.656589332, 34.447490239 3.661746848, 34.396520999 3.678907285, 34.387430396 3.695164157, 34.371553303 3.71201584, 34.362371137 3.719136331, 34.352876155 3.720104953, 34.340588752 3.718912494, 34.322891991 3.715040204, 34.313980665 3.710565474, 34.307106424 3.698590727, 34.300682316 3.674905851, 34.296539461 3.668346799, 34.294380301 3.672933825, 34.29733295 3.685707924, 34.297680102 3.694275486, 34.29324352 3.699995383, 34.275283555 3.714190117, 34.2544854 3.73415648, 34.244402957 3.75433334, 34.236060046 3.765548325, 34.22302876 3.762681595, 34.22087722 3.756872781, 34.217581251 3.756025277, 34.215425906 3.762152834, 34.210535363 3.766020615, 34.160943227 3.749436948, 34.156018356 3.759560065, 34.16091272 3.762237752, 34.171338511 3.764107979, 34.179116848 3.768081835, 34.178941375 3.774851159, 34.176282477 3.778902028, 34.162850645 3.782901651, 34.156621111 3.7824158, 34.151940376 3.78015388, 34.147053646 3.782289934, 34.143181646 3.781600966, 34.143135875 3.789749902, 34.152375273 3.794453734, 34.160454985 3.806299507, 34.169843163 3.815088058, 34.199770103 3.816536779, 34.213556712 3.815766739, 34.21372839 3.830922683, 34.204824728 3.865374368, 34.168916216 3.8644754, 34.16389215 3.862084745, 34.158013571 3.856389649, 34.147801404 3.851589505, 34.140545695 3.851015925, 34.116592702 3.854231465, 34.106597981 3.853227101, 34.097854506 3.850832873, 34.076346776 3.841261909, 34.079600806 3.868619323, 34.102996854 3.879968977, 34.107715739 3.884422256, 34.120804289 3.932643584, 34.121628291 3.943798964, 34.091674664 3.960017957, 34.067290623 3.987778056, 34.050677265 3.991102777, 34.048808025 3.9926507, 34.047495752 4.004982104, 34.049136112 4.010102426, 34.077762221 4.019821907, 34.081840232 4.034106266, 34.081184098 4.042511722, 34.082305651 4.050739332, 34.075149136 4.061313744, 34.070060226 4.066420246, 34.065959341 4.069207129, 34.057666014 4.070643249, 34.047759042 4.079306662, 34.038908773 4.099108054, 34.038767631 4.103226151, 34.041346426 4.108289257, 34.054824053 4.12300225, 34.0447378 4.145571452, 34.040419476 4.151438445, 34.040198223 4.156051934, 34.038023804 4.161239012, 34.030436213 4.16573331, 34.027037249 4.16980373, 34.019297069 4.175432328, 34.011446257 4.179059332, 34.009241318 4.181794243, 33.974412412 4.207868407, 34.12110604 4.333418507, 34.315431055 4.518838104, 34.43827469 4.646439445, 34.597454113 4.794177826, 35.046824014 5.196791412, 35.116096646 5.260107209, 35.246466931 5.45577296, 35.538961213 5.467319666, 35.553266613 5.455112191, 35.566854839 5.446051106, 35.598841732 5.433851713, 35.632015032 5.429377875, 35.654930399 5.428927271))",Turkana,Turkana,1545296445,492.1123999999996,6291.520600000004,299582391225,0.0,0.0,0.0,0.0,0.0,50.0,55.40935672514619,2.0833333333333335,3.362193900727166,-2.0833333333333335,-1.0,-0.6196350938840129,0,0,0,0,,,0.0,0.0,0.0,0.0,,0,0,0,0,,,0.0,0.0,0.0,0.0,,0,0,0,0,,,0.0,0.0,0.0,0.0,,0,0,0,0,50.0,55.40935672514619,2.0833333333333335,3.362193900727166,-2.0833333333333335,-1.0,-0.6196350938840129,0,0,0,0,97.76,33.997905673161824,27.60496641718137,58.34749999999986,123.06704426767791,39.41250000000014,0.6754788122884483,0.32025226765238374,0.0,0.0,0.0,0.0,0.029341258297748248,0.0,0.0,0.0,0.0,0.0546382201012809,-0.712536731566786,0.029341258297748248
44,23204309,2021-02-01,Kenya,Kenya_2021-02,54986000,781263,78126.0,0.1,2.0,0.35,0.55,0.05,0.05,0.0,0.3,0.5,0.15,0.05,0.0,,,,,,Wajir,"POLYGON ((39.787829096 3.434468955, 39.788191412 3.337927544, 39.790644305 3.331159185, 40.01661231 3.240973756, 40.035201691 3.231855019, 40.039886228 3.22619664, 40.045581681 3.223703231, 40.270565328 2.971383683, 40.293659954 2.961208368, 40.31071198 2.951338446, 40.361581956 2.929533826, 40.400065366 2.909506948, 40.493531075 2.868534399, 40.495457528 2.859804509, 40.494374127 2.851982678, 40.498318598 2.847744916, 40.495953436 2.843307382, 40.49979109 2.833760978, 40.497261892 2.828907678, 40.495533792 2.819051839, 40.496170855 2.813932008, 40.499768185 2.812281339, 40.500496803 2.808084107, 40.496945248 2.805176372, 40.494915786 2.801145306, 40.496029695 2.795165812, 40.501587815 2.790682023, 40.504101742 2.780775402, 40.509842974 2.779990354, 40.515435426 2.774430199, 40.519341753 2.773647297, 40.521588652 2.771808534, 40.519082344 2.767651356, 40.5212415 2.760811484, 40.518971706 2.755559821, 40.519929208 2.746813007, 40.519212027 2.741568496, 40.520310679 2.739269864, 40.519295947 2.735988319, 40.513966709 2.73424063, 40.512200468 2.731755573, 40.510800441 2.72495647, 40.501431354 2.716674778, 40.501042245 2.714025464, 40.511902891 2.699107241, 40.519204363 2.695742728, 40.522729209 2.690691792, 40.528386495 2.660369504, 40.532186006 2.657687765, 40.534104833 2.652340265, 40.536527211 2.649470431, 40.5379463 2.640723141, 40.541532182 2.634984905, 40.545453757 2.619225621, 40.550851651 2.60669305, 40.550790607 2.595415408, 40.556459352 2.586509343, 40.561227817 2.584694656, 40.562730836 2.582857085, 40.559835419 2.576050595, 40.561475766 2.569202381, 40.56610308 2.561853054, 40.57959592 2.547637867, 40.580469501 2.545393829, 40.579355574 2.526331073, 40.59614056 2.50833156, 40.596960734 2.505111045, 40.593359587 2.501814485, 40.593268029 2.497319973, 40.603754832 2.487983121, 40.603682346 2.479518335, 40.615962082 2.456080499, 40.63145005 2.444811431, 40.633254434 2.439862294, 40.63532204 2.438783782, 40.63951066 2.439321127, 40.642985913 2.432362536, 40.647353826 2.430539268, 40.652686878 2.431030125, 40.655906546 2.430004298, 40.664032006 2.423130334, 40.668968313 2.410373196, 40.666034748 2.402952118, 40.669738886 2.393506324, 40.668277824 2.387684178, 40.670364502 2.383259516, 40.674396714 2.380053304, 40.677074679 2.371892951, 40.686176721 2.364276379, 40.692207875 2.363319447, 40.705178092 2.350480296, 40.707035884 2.346345288, 40.71776683 2.333897587, 40.718316153 2.327395053, 40.720456238 2.323720868, 40.725403995 2.320694407, 40.730481454 2.315018156, 40.742555204 2.310056617, 40.756887305 2.312715695, 40.773077197 2.310660698, 40.779573752 2.307351973, 40.787191846 2.298742715, 40.797495541 2.291368832, 40.80767335 2.286744151, 40.824126464 2.289933185, 40.829123815 2.288742386, 40.832347296 2.286459489, 40.844813962 2.27125186, 40.848666881 2.269944961, 40.855583058 2.263009494, 40.866409369 2.243825633, 40.86812601 2.23300858, 40.871658485 2.226231412, 40.878166483 2.221258911, 40.890400448 2.206684944, 40.89840765 2.199983583, 40.934434344 2.177639273, 40.948968622 2.17344299, 40.959421096 2.171928444, 40.982347878 2.17647348, 40.993887563 2.1752555, 40.991106491 1.995301358, 40.99332282 1.893642226, 40.994738003 1.695906551, 40.994493493 0.460472092, 40.978620226 0.449879453, 40.959611217 0.443772257, 40.949524959 0.436658875, 40.922779592 0.423843989, 40.891925713 0.393161893, 40.885795374 0.388750593, 40.866374369 0.378961949, 40.848624234 0.371532811, 40.821142615 0.36355384, 40.811063987 0.359432402, 40.794580357 0.356370162, 40.769048087 0.349412068, 40.753125227 0.341918413, 40.746018306 0.336186393, 40.739762079 0.32654752, 40.736378376 0.3240251, 40.715420017 0.315907858, 40.705810604 0.292306454, 40.700408886 0.282431986, 40.685554162 0.267684413, 40.684623358 0.261191369, 40.680774252 0.254074739, 40.669593154 0.243115519, 40.660998472 0.238133631, 40.650912214 0.229941398, 40.644324102 0.226849268, 40.631170767 0.229066482, 40.622301422 0.227882781, 40.614294215 0.228760947, 40.603921849 0.221825558, 40.598546835 0.222820971, 40.595342426 0.22196216, 40.586621856 0.212096275, 40.577130703 0.214530072, 40.570889735 0.21276717, 40.56368363 0.213817012, 40.560944624 0.216358653, 40.546490452 0.223920953, 40.535450501 0.22544154, 40.526859634 0.220920414, 40.523876481 0.216959401, 40.520939106 0.209317417, 40.513832185 0.204280519, 40.510952031 0.196005382, 40.507736178 0.190723873, 40.504928506 0.188951465, 40.501270139 0.189530621, 40.501495211 0.192406659, 40.498431948 0.194270046, 40.490829107 0.192425702, 40.480998438 0.185616216, 40.473037008 0.183093528, 40.464419437 0.18190944, 40.450163633 0.182236223, 40.435511092 0.185511517, 40.422529422 0.186561762, 40.408922128 0.179951278, 40.403776 0.180358699, 40.392259202 0.18546983, 40.378861721 0.193792021, 40.368134581 0.195656123, 40.358548058 0.194779582, 40.338879091 0.196617297, 40.321052659 0.201294963, 40.309276457 0.207790213, 40.294913839 0.219133865, 40.271178324 0.231328729, 40.252833083 0.238611733, 40.237432847 0.246979981, 40.220956845 0.261264024, 40.174202995 0.313542052, 40.151241879 0.329926048, 40.122280126 0.34431189, 40.085871937 0.371733678, 40.057963061 0.389846772, 40.049314972 0.392525433, 40.022775597 0.39434697, 40.008329052 0.396646431, 39.97161568 0.410120406, 39.958695044 0.416644207, 39.939827179 0.428723051, 39.907157467 0.459637898, 39.899981879 0.461701346, 39.8859397 0.461277955, 39.876612579 0.456475563, 39.871046826 0.458846364, 39.864081051 0.465062036, 39.850920085 0.473784307, 39.832170476 0.478201244, 39.826597093 0.477514422, 39.820188274 0.480437173, 39.809873128 0.482862866, 39.800198863 0.480548149, 39.796712162 0.486220663, 39.780796929 0.492012317, 39.77246928 0.498888648, 39.764542183 0.508415539, 39.733535709 0.5235450659999999, 39.73093022 0.530176563, 39.724509958 0.540589934, 39.719470643 0.543295505, 39.715442243 0.547719801, 39.712306501 0.5537814089999999, 39.701941763 0.564457674, 39.698870872 0.570817875, 39.692271315 0.575522944, 39.677527219 0.5928762990000001, 39.675120098 0.598232252, 39.674654697 0.6030270760000001, 39.664263256 0.612608801, 39.658533468 0.623067528, 39.647718591 0.652606561, 39.638185475 0.662161168, 39.635198508 0.66707394, 39.628625654 0.6702864039999999, 39.606278717 0.693865271, 39.596337421 0.710874562, 39.584206444 0.72204902, 39.57800744 0.737239518, 39.56853536 0.7469208939999999, 39.563209938 0.757479333, 39.559246392 0.772850476, 39.552368358 0.785806597, 39.546489799 0.815870228, 39.513636991 0.904154786, 39.506335517 0.9162606639999999, 39.49510483 0.939757288, 39.492674824 0.957109756, 39.487383736 0.966691245, 39.481859946 0.973504464, 39.463217152 0.988235638, 39.465788311 0.996124265, 39.398743711 1.150648403, 39.273710804 1.473865324, 39.4475348 1.534117121, 39.438814229 1.536389768, 39.425580784 1.547800789, 39.421891901 1.553383464, 39.419423742 1.553890656, 39.415971374 1.557392597, 39.411035057 1.558234858, 39.406743436 1.556896734, 39.399964585 1.559919737, 39.394700203 1.572242864, 39.38959985 1.571185334, 39.387303357 1.572787128, 39.385891895 1.581481605, 39.378880343 1.585608388, 39.373181074 1.592331439, 39.366135192 1.605333404, 39.360207037 1.610844085, 39.357544327 1.617231828, 39.353233635 1.620552827, 39.350921884 1.624868776, 39.347881509 1.625149729, 39.344753398 1.633202203, 39.339366938 1.632841271, 39.33625027 1.638478182, 39.332858938 1.640767635, 39.325454463 1.642297792, 39.321071291 1.649889087, 39.318252174 1.651545117, 39.313788888 1.64979981, 39.312640642 1.650487588, 39.307433481 1.661824465, 39.301532026 1.661047292, 39.299578862 1.661961309, 39.285849495 1.669752981, 39.284464733 1.67164407, 39.284396069 1.674819645, 39.274107627 1.680774105, 39.264708024 1.680847774, 39.253031007 1.690484642, 39.241197581 1.696149688, 39.234948982 1.696060054, 39.231962015 1.697896908, 39.229020826 1.702031915, 39.220532955 1.702810883, 39.21616504 1.705154691, 39.212270156 1.704621278, 39.207200325 1.711054438, 39.196580003 1.729231422, 39.196621967 1.733212185, 39.192654604 1.736134822, 39.189011499 1.744422476, 39.184403254 1.749588911, 39.178394991 1.760862258, 39.177731224 1.769511561, 39.167984491 1.798816349, 39.163559355 1.802372289, 39.159904807 1.813138922, 39.151733565 1.820829751, 39.147449579 1.831361086, 39.141574831 1.838255547, 39.143333444 1.843104673, 39.142276755 1.849790653, 39.140598256 1.853816831, 39.136802558 1.856341345, 39.12847873 1.874173966, 39.123477563 1.877096604, 39.12002138 1.881928091, 39.109340016 1.885855339, 39.103011309 1.891483075, 39.099146946 1.897979174, 39.095595391 1.896984223, 39.092207872 1.897952477, 39.086504789 1.90462058, 39.080820777 1.907136035, 39.073389602 1.916038879, 39.065336618 1.92263463, 39.060125643 1.936278009, 39.05087482 1.941715744, 39.045495994 1.953052031, 39.040372755 1.958281524, 39.035009188 1.966442235, 39.031537748 1.975308603, 39.025731664 1.979090427, 39.023080398 1.982537539, 39.01607266 1.985622646, 39.007367352 1.998560372, 39.001027198 1.998895085, 38.997658755 2.002722084, 38.991993827 2.023404037, 38.994656543 2.032360874, 38.994713768 2.038123898, 38.989178535 2.046130725, 38.987171967 2.051242449, 38.988076075 2.063754749, 38.982880358 2.072403819, 38.957493053 2.102024029, 38.950847725 2.117512491, 38.943607297 2.140718364, 38.93785081 2.153501966, 38.940227429 2.178888458, 38.940784403 2.208337248, 38.938217069 2.22369936, 38.937061203 2.241259974, 38.934192496 2.246706171, 38.93192271 2.255328065, 38.928230023 2.279257715, 38.93058756 2.290295528, 38.937816567 2.307205074, 38.938110308 2.311927733, 38.933048113 2.330030945, 38.932796343 2.337404349, 38.933734783 2.346867785, 38.938331592 2.357344647, 38.938976292 2.361732596, 38.935096682 2.387281685, 38.93550487 2.397767372, 38.919051773 2.434932401, 38.904311514 2.478276463, 38.904178002 2.486002697, 38.897994263 2.500975274, 38.895056906 2.529980181, 38.892569678 2.537443941, 38.889292789 2.539958801, 38.895568093 2.541397766, 38.900935482 2.544284283, 38.912860466 2.545569716, 38.918677999 2.549324716, 38.945495864 2.553424663, 38.956066606 2.558156614, 38.975930137 2.563332217, 38.984242534 2.569819015, 38.991818683 2.581028713, 39.015554242 2.63337561, 39.031961613 2.674005978, 39.036672869 2.688834081, 39.048040906 2.703888181, 39.049948305 2.720733847, 39.051844251 2.725682747, 39.061423155 2.733770386, 39.064356719 2.738510925, 39.065970394 2.773188513, 39.070094188 2.806020186, 39.066947057 2.882713023, 39.111972835 2.885188273, 39.119075969 2.918318184, 39.12685812 2.934556888, 39.13935151 2.940797897, 39.147240471 2.952304642, 39.150174034 2.954511728, 39.162984046 2.956952674, 39.188462921 2.95786238, 39.196351875 2.959380969, 39.202341077 2.968761683, 39.207468136 2.973039968, 39.233561198 2.984578644, 39.244189159 2.986973819, 39.263434707 3.005352852, 39.283866654 3.028300064, 39.330590024 3.055825688, 39.343033822 3.064153871, 39.344792435 3.066867553, 39.345967443 3.136971801, 39.34482303 3.160475932, 39.346688458 3.164935402, 39.341202895 3.261106099, 39.339844841 3.266453129, 39.331311205 3.281175403, 39.327629957 3.291327346, 39.322254967 3.321790085, 39.31818464 3.362610979, 39.310024877 3.405875935, 39.308674452 3.41058096, 39.302368638 3.418535116, 39.297005077 3.430750159, 39.298206739 3.439443819, 39.302044409 3.448281469, 39.307716986 3.457471231, 39.316986896 3.468595829, 39.322014778 3.479631508, 39.325028468 3.499967812, 39.327252483 3.501477824, 39.331853098 3.499902008, 39.335274945 3.494463669, 39.335599181 3.472479554, 39.337331079 3.462997747, 39.383081662 3.465377871, 39.404951757 3.462319919, 39.415350827 3.459990284, 39.420245179 3.457265152, 39.45330019 3.454246287, 39.465728724 3.456872945, 39.48384127 3.458166476, 39.488419 3.459530108, 39.490742201 3.46369039, 39.492855587 3.465028278, 39.496475806 3.46385035, 39.498787557 3.461795357, 39.515850989 3.407723333, 39.535249104 3.398032913, 39.541100966 3.397269557, 39.556459245 3.399178634, 39.589922517 3.486105196, 39.601862764 3.492810129, 39.616572542 3.505302888, 39.773642172 3.664552399, 39.786883275 3.69014132, 39.787829096 3.434468955))",Wajir,Wajir,795603200,186.47380000000004,3702.938099999998,155504658054,0.0,0.0,0.0,0.0,0.0,45.45454545454546,48.66185515196946,2.3333333333333335,3.988888552473981,-2.3333333333333335,-1.0,-0.5849582666044049,0,0,0,0,,,0.0,0.0,0.0,0.0,,0,0,0,0,,,0.0,0.0,0.0,0.0,,0,0,0,0,,,0.0,0.0,0.0,0.0,,0,0,0,0,45.45454545454546,48.66185515196946,2.3333333333333335,3.988888552473981,-2.3333333333333335,-1.0,-0.5849582666044049,0,0,0,0,12.89,38.73906054652615,30.753174896891466,6.480000000000011,11.980669144591781,6.4099999999999895,0.9891975308641943,0.5350285466228354,0.0,0.0,0.0,0.0,0.23484860969839397,0.0,0.0,0.0,0.0,0.42811522419186665,-0.6086125843374406,0.23484860969839397
45,23204309,2021-02-01,Kenya,Kenya_2021-02,54986000,621241,62124.0,0.1,2.0,0.7,0.2,0.1,0.0,0.0,0.7,0.2,0.1,0.0,0.0,,,,,,West pokot,"POLYGON ((35.2165906 2.501585988, 35.215774225 2.48121774, 35.218181335 2.456038142, 35.227390196 2.435228853, 35.222377573 2.426584545, 35.21915026 2.405893509, 35.232601146 2.372547107, 35.228214137 2.345190467, 35.235076917 2.337526683, 35.241539149 2.335567049, 35.25738573 2.325805597, 35.26730796 2.313915017, 35.281792658 2.29183459, 35.294377594 2.265053674, 35.297974924 2.254373445, 35.310945142 2.206348413, 35.314981165 2.183968092, 35.321580718 2.161394905, 35.337179322 2.119747737, 35.368899141 2.007150257, 35.37225995 1.987176448, 35.372546053 1.97699233, 35.370779804 1.961214684, 35.375655083 1.946101688, 35.370127467 1.939209609, 35.36571758 1.930812166, 35.365011844 1.924634802, 35.378882369 1.912737074, 35.437832096 1.8512881, 35.440624513 1.850463004, 35.447647515 1.843135963, 35.452992018 1.844058799, 35.460549091 1.84122949, 35.465180224 1.82567117, 35.462254286 1.817718935, 35.465588399 1.813201534, 35.460663518 1.805525484, 35.465786763 1.801598474, 35.470627716 1.803052698, 35.473511687 1.801252317, 35.479634399 1.788188711, 35.485421415 1.785870051, 35.49638508 1.774079607, 35.502061467 1.771643179, 35.508817434 1.761397554, 35.524522873 1.76427179, 35.534658736 1.764038037, 35.567976996 1.752892926, 35.581939079 1.749577164, 35.589381709 1.749464399, 35.600562824 1.754975913, 35.608673036 1.746139934, 35.613147769 1.743790998, 35.62151739 1.743887427, 35.62650712 1.746768462, 35.630409636 1.744427275, 35.643734651 1.740667021, 35.653561516 1.739519608, 35.659482049 1.735402595, 35.662850495 1.72978177, 35.672444655 1.720622285, 35.680238244 1.718134125, 35.693521295 1.710037535, 35.701471289 1.706853968, 35.717466649 1.707125377, 35.733671818 1.69631427, 35.74645513 1.681359931, 35.753775685 1.675708709, 35.762526782 1.672507619, 35.768981382 1.666529674, 35.774982025 1.66304382, 35.780845337 1.661346306, 35.791454232 1.661571468, 35.784114597 1.652932891, 35.782237727 1.652080739, 35.779166832 1.653295138, 35.778113953 1.652372062, 35.77761803 1.648053606, 35.779826785 1.646178369, 35.775535159 1.641167131, 35.775569491 1.638077973, 35.778171168 1.635905215, 35.779246933 1.630405855, 35.784358734 1.629547025, 35.788638911 1.623682439, 35.785331499 1.621409914, 35.779548297 1.62176191, 35.778426752 1.620332955, 35.778758635 1.613640057, 35.781985935 1.61048367, 35.782516188 1.607214641, 35.784869905 1.605809166, 35.78167312 1.602416767, 35.777125906 1.601443034, 35.779800063 1.598041812, 35.77999843 1.595205833, 35.778636554 1.593207464, 35.780589719 1.590274814, 35.777408193 1.585491364, 35.782390288 1.576809513, 35.779731389 1.576633696, 35.777938443 1.574743083, 35.777968959 1.568230415, 35.773765074 1.568070332, 35.773334001 1.56040072, 35.774241918 1.558315574, 35.772132344 1.5536965, 35.772231527 1.54960476, 35.7688173 1.546474123, 35.766799281 1.54118682, 35.767676676 1.531270189, 35.761496737 1.528849024, 35.760771928 1.525668442, 35.762442799 1.523828249, 35.759207867 1.51915339, 35.759768638 1.51551401, 35.754374542 1.513392273, 35.752402301 1.508385206, 35.749365737 1.506628216, 35.750910721 1.503098857, 35.745852326 1.500751714, 35.74009201 1.494962227, 35.737894698 1.494290543, 35.734102808 1.487944039, 35.730230808 1.484316224, 35.727922867 1.483987593, 35.72913215 1.47863318, 35.725500481 1.476929711, 35.723886829 1.472031711, 35.719217541 1.470299634, 35.717935775 1.467723509, 35.722410505 1.456746724, 35.721998508 1.454650612, 35.719488384 1.453653276, 35.71961427 1.448306373, 35.712118232 1.444574021, 35.711187424 1.43895463, 35.705545368 1.435026434, 35.707567199 1.431940256, 35.708047859 1.427894528, 35.704687039 1.424872838, 35.707281085 1.417804346, 35.705629286 1.416537501, 35.705839098 1.412834589, 35.710668605 1.40953564, 35.709104545 1.407094686, 35.706323572 1.406259819, 35.705755169 1.402456422, 35.709135062 1.401594017, 35.710836451 1.398706186, 35.703428154 1.398731816, 35.701814503 1.396670154, 35.701898426 1.392181244, 35.69812561 1.386747566, 35.69853379 1.384074651, 35.701471168 1.383961292, 35.702058644 1.382553077, 35.69953326 1.378295414, 35.694654158 1.373808652, 35.694787675 1.371315966, 35.69254077 1.369208293, 35.694047606 1.364477529, 35.69285358 1.363807513, 35.691835035 1.365413836, 35.690446456 1.364535818, 35.690507491 1.358673977, 35.687062746 1.355173823, 35.68783333 1.351733744, 35.69013364 1.349361448, 35.686891077 1.343612489, 35.688355951 1.341365591, 35.690290043 1.342000443, 35.691712954 1.340403655, 35.690995776 1.338957535, 35.688104175 1.338366548, 35.690652445 1.336410018, 35.695516286 1.335459286, 35.694223075 1.331998229, 35.697572448 1.327793727, 35.695825279 1.325524301, 35.698652029 1.3259707, 35.699525613 1.32496931, 35.69948365 1.323162733, 35.696439457 1.320828344, 35.697362632 1.318002497, 35.696256346 1.315869434, 35.67239873 1.314527859, 35.669888606 1.31365735, 35.667618813 1.310800274, 35.6449247 1.300997369, 35.631340278 1.29746575, 35.62690369 1.292113128, 35.623008802 1.290852482, 35.616222312 1.286138051, 35.614227183 1.283922742, 35.611148656 1.275465228, 35.606208519 1.273697511, 35.596812723 1.274669342, 35.591105817 1.278120746, 35.586741712 1.279198662, 35.578330131 1.287757737, 35.567324499 1.288167308, 35.558451326 1.285003416, 35.558188106 1.282736373, 35.556730861 1.282011883, 35.542585667 1.282263516, 35.485940026 1.237955778, 35.452457717 1.209042323, 35.359194019 1.133571136, 35.345327301 1.124614898, 35.324887721 1.115704911, 35.292359118 1.131824176, 35.258430491 1.146757534, 35.25176226 1.148166108, 35.152600946 1.196371455, 35.125378689 1.180094027, 35.124497476 1.181681518, 35.120270702 1.183255182, 35.119328453 1.185104194, 35.087990053 1.179355244, 35.084274456 1.164646466, 35.076366424 1.172415729, 35.069778304 1.175953552, 35.06528831 1.175414656, 35.053805831 1.183223613, 35.04632124 1.191164403, 35.042529351 1.191826792, 35.035845863 1.200616994, 35.043273238 1.211964006, 35.025710007 1.229158563, 35.01246892 1.250718062, 34.994451726 1.254119884, 34.973005042 1.244827148, 34.960214093 1.244879599, 34.940190325 1.248268786, 34.905113443 1.247212218, 34.907013212 1.27874532, 34.821592699 1.256607973, 34.822531135 1.259749459, 34.830694762 1.26754971, 34.828619528 1.284591213, 34.830439182 1.299690013, 34.822744779 1.31214713, 34.790910471 1.354653574, 34.790105553 1.356808571, 34.791238543 1.358624208, 34.801534631 1.366880156, 34.801008193 1.370921475, 34.786084791 1.400841349, 34.784959434 1.406000277, 34.788079924 1.411618119, 34.799425076 1.420661614, 34.833567346 1.440981316, 34.83919033 1.445846177, 34.842818184 1.446556721, 34.852778568 1.444120769, 34.857535597 1.446412485, 34.85893181 1.458470524, 34.858275674 1.475424538, 34.859416293 1.47742982, 34.859465894 1.50269593, 34.863589675 1.519099602, 34.868045336 1.522446943, 34.874282499 1.524426239, 34.876674366 1.526966485, 34.884746441 1.541086425, 34.887313789 1.548987284, 34.89964315 1.54660199, 34.901333097 1.547191786, 34.907406227 1.556670002, 34.911213375 1.557435377, 34.919544849 1.555773264, 34.934510226 1.56345515, 34.939484698 1.569727751, 34.951348666 1.593079525, 34.975492409 1.631852889, 34.9811421 1.645410688, 34.988184182 1.649901385, 34.997663905 1.652014539, 35.000601287 1.659574489, 34.996859001 1.686209008, 34.998739691 1.698071801, 34.998182736 1.705633661, 34.994223008 1.73195147, 34.993803395 1.76349317, 34.9959931 1.815698956, 34.999010599 1.839631237, 35.022257891 1.921859533, 34.980936245 1.978366046, 34.97968882 1.994075394, 34.981985321 2.004378353, 34.978681741 2.041769395, 34.967855424 2.086387237, 34.957841659 2.139354014, 34.953366931 2.152193175, 34.949971786 2.167769382, 34.938641926 2.225468126, 34.924702777 2.317350283, 34.91429228 2.373269634, 34.914013807 2.384576136, 34.91014181 2.388959085, 34.90948567 2.3917636, 34.909561968 2.395896944, 34.912453574 2.403900917, 34.912648133 2.413719815, 34.91685202 2.416566046, 34.927495252 2.420623097, 34.927541034 2.427914977, 34.932427766 2.430826529, 34.933114429 2.436577165, 34.938680192 2.439833917, 34.938981562 2.444373969, 34.946733192 2.446283771, 34.949289094 2.448258897, 34.965658301 2.439392388, 35.002322115 2.412291998, 35.003798434 2.413054394, 35.007456813 2.424851993, 35.005362512 2.446416047, 35.005835565 2.480685761, 35.003432272 2.510226852, 35.003577242 2.524577221, 35.007174585 2.536727175, 35.008799682 2.540179892, 35.010840589 2.541521833, 35.019126287 2.541773338, 35.027621795 2.538117261, 35.033919988 2.530889267, 35.050582921 2.504062328, 35.057483852 2.500165947, 35.064579338 2.49891483, 35.090920379 2.499896775, 35.097195689 2.501332643, 35.102349456 2.50568984, 35.103688449 2.515171405, 35.09852707 2.54032979, 35.099011552 2.549059449, 35.109181774 2.590150919, 35.117864219 2.608203367, 35.12079016 2.618619929, 35.12695867 2.642216326, 35.128404481 2.657619938, 35.130960387 2.665282527, 35.133962618 2.667602853, 35.1400243 2.667549687, 35.157579899 2.655373733, 35.165148413 2.647517082, 35.176512625 2.631430213, 35.180602055 2.611682747, 35.187094799 2.600111856, 35.199149478 2.57024129, 35.204650375 2.550740805, 35.220226096 2.52360538, 35.2165906 2.501585988))",West Pokot,West Pokot,769974856,138.36139999999997,3108.051599999999,150214400296,0.0,0.0,0.0,0.0,0.0,50.0,58.333333333333336,0.4166666666666667,1.1671841502435298,-0.4166666666666667,-1.0,-0.3569845140372497,0,0,0,0,,,0.0,0.0,0.0,0.0,,0,0,0,0,,,0.0,0.0,0.0,0.0,,0,0,0,0,,,0.0,0.0,0.0,0.0,,0,0,0,0,50.0,58.333333333333336,0.4166666666666667,1.1671841502435298,-0.4166666666666667,-1.0,-0.3569845140372497,0,0,0,0,21.14,36.165599834813165,30.53002651767582,12.929166666666674,20.952396558818045,8.210833333333326,0.6350628424105695,0.39188038992502305,0.0,0.0,0.0,0.0,0.10046420733835866,0.0,0.0,0.0,0.0,0.18564217610768358,-0.6295488772433556,0.10046420733835866
46,26258568,2022-07-01,Kenya,Kenya_2022-07,54986000,867457,390356.0,0.45,3.0,0.25,0.3,0.3,0.15,0.0,0.25,0.25,0.3,0.2,0.0,,,,,,Mandera,"POLYGON ((40.769000973 4.278113279, 40.773979249 4.276564638, 40.783363592 4.278948133, 40.789490102 4.267187465, 40.79234355 4.265607359, 40.806477277 4.261658991, 40.81778044 4.255673276, 40.823063894 4.251067416, 40.830891803 4.248109839, 40.832539782 4.246134947, 40.842431488 4.247530995, 40.849122596 4.245281462, 40.851281755 4.243350434, 40.852666506 4.233717238, 40.855180434 4.227526034, 40.857392999 4.22531465, 40.867441109 4.225217849, 40.871324545 4.223508529, 40.882948147 4.21573149, 40.885496411 4.212650906, 40.888143858 4.208187136, 40.88730842 4.205313485, 40.888109504 4.190148499, 40.901598527 4.179645137, 40.905039428 4.15938272, 40.909041116 4.15278147, 40.919943734 4.152094871, 40.924147609 4.14818752, 40.9306022 4.145359634, 40.94026883 4.143482476, 40.941798556 4.145305267, 40.945411145 4.144925733, 40.95276602 4.140413801, 40.960376488 4.138152347, 40.965904083 4.129567147, 40.972534154 4.126964785, 40.979858508 4.119632127, 40.9829065 4.109923121, 40.986332163 4.108395461, 40.998898022 4.108228568, 41.00306375 4.105604754, 41.0047308 4.100112536, 41.014763642 4.092709785, 41.020440009 4.080335963, 41.024384481 4.078743459, 41.030068491 4.078521265, 41.032635825 4.071236769, 41.038811944 4.074638227, 41.041444136 4.07375472, 41.045010942 4.068474675, 41.04739898 4.060620884, 41.050786491 4.054663312, 41.061391549 4.04719524, 41.067014516 4.041204766, 41.069944254 4.035365917, 41.07203474 4.026355419, 41.075616806 4.022757034, 41.081583109 4.022298827, 41.084261077 4.020203781, 41.086607154 4.013552471, 41.096247076 4.007425153, 41.105688633 4.004109978, 41.103823206 4.001303081, 41.100588278 3.99949412, 41.100622608 3.99695375, 41.101881478 3.992240141, 41.10720689 3.983710013, 41.110308298 3.982951666, 41.115019545 3.985769288, 41.121729722 3.980001954, 41.127467137 3.977573148, 41.125277453 3.973311546, 41.128489489 3.971232949, 41.135150081 3.972264491, 41.137389351 3.970929697, 41.134280309 3.968062725, 41.130259538 3.966572503, 41.138236223 3.964363975, 41.138861842 3.960908871, 41.141902213 3.959237458, 41.15602068 3.955756354, 41.160434366 3.950682046, 41.168411052 3.94882587, 41.167949461 3.945889045, 41.171684117 3.941051705, 41.1799431 3.942413188, 41.183097914 3.94010859, 41.191650631 3.938594276, 41.197613114 3.933976976, 41.205708059 3.933385978, 41.208637805 3.934309291, 41.20807704 3.940928414, 41.209519028 3.944323677, 41.212048223 3.945989362, 41.214714748 3.945512086, 41.216820506 3.948914501, 41.216538216 3.951627471, 41.228371639 3.95247258, 41.230660498 3.948551882, 41.238656269 3.957172586, 41.241242685 3.95825944, 41.243249253 3.956536535, 41.243810017 3.949329999, 41.245931028 3.947606617, 41.248181748 3.951858444, 41.251225937 3.95254622, 41.253118062 3.950877669, 41.256562801 3.950922484, 41.260987938 3.953107159, 41.265123151 3.952924065, 41.274877518 3.949516392, 41.27769282 3.949562877, 41.280336459 3.952213384, 41.283891824 3.949609119, 41.2818204 3.946911886, 41.289057022 3.947126913, 41.29640427 3.945388983, 41.294866926 3.953049907, 41.298773253 3.953735058, 41.302034876 3.948031143, 41.306967373 3.944735999, 41.312754382 3.945542494, 41.31382633 3.942836436, 41.32103625 3.943846997, 41.323328924 3.941201015, 41.32746032 3.93946285, 41.334185766 3.942788496, 41.339122081 3.942729367, 41.347461178 3.948472844, 41.353374073 3.94736238, 41.355273833 3.951162443, 41.355575207 3.957841641, 41.358161624 3.959045548, 41.360515339 3.959789109, 41.362582944 3.95851773, 41.363723557 3.955007079, 41.367336142 3.952068104, 41.370380331 3.953496582, 41.373596183 3.953089632, 41.377437656 3.95054759, 41.381115096 3.95135051, 41.385608905 3.958252606, 41.389973005 3.959279382, 41.392506017 3.962616475, 41.395611242 3.963647066, 41.399342088 3.962659856, 41.410633801 3.952910078, 41.418553264 3.950536817, 41.421704261 3.946677148, 41.429268955 3.94885133, 41.438878364 3.948262715, 41.440030428 3.950564209, 41.439122518 3.955800385, 41.441708934 3.956606167, 41.447041981 3.953598531, 41.451982111 3.953593043, 41.461580081 3.958472325, 41.465368148 3.957828408, 41.469438504 3.952872108, 41.477480046 3.955568619, 41.479662093 3.954061703, 41.482935167 3.954178514, 41.485876363 3.960794772, 41.496382244 3.960428581, 41.501272787 3.966062637, 41.504202531 3.965710281, 41.506609649 3.962657115, 41.508211849 3.959199626, 41.505675021 3.955284656, 41.507624367 3.952639627, 41.516409786 3.953137155, 41.521529214 3.957279077, 41.526705873 3.970025261, 41.536547987 3.973149219, 41.541896302 3.978898897, 41.549487702 3.983258951, 41.552470853 3.982734472, 41.563651939 3.974140686, 41.566856339 3.967216649, 41.569210053 3.966757492, 41.572769235 3.967731344, 41.579441276 3.97250049, 41.590691033 3.969365304, 41.595711272 3.969213916, 41.600342408 3.972696906, 41.619290377 3.971859393, 41.621766166 3.973695294, 41.624936249 3.980942114, 41.629704713 3.981170971, 41.630093813 3.975060352, 41.632447527 3.975576958, 41.634187071 3.982946078, 41.638036177 3.983746853, 41.638600759 3.980401412, 41.636647593 3.978048902, 41.636468296 3.975048901, 41.642385008 3.976539359, 41.644334354 3.974409271, 41.644269499 3.971354677, 41.647195427 3.969275842, 41.651273418 3.970247787, 41.656259317 3.963842264, 41.667799 3.963714708, 41.669870424 3.966301563, 41.677721214 3.957934975, 41.680086378 3.962716999, 41.680265675 3.965933465, 41.683542567 3.968868856, 41.68326791 3.974165584, 41.685789472 3.972955473, 41.686590571 3.969844139, 41.690325234 3.971675271, 41.693899683 3.979155244, 41.705679702 3.984150147, 41.708266117 3.984665799, 41.711707039 3.98292835, 41.714297271 3.984772356, 41.715624816 3.98919583, 41.718272271 3.99225066, 41.721026535 3.991608889, 41.722457071 3.988902116, 41.721621633 3.985995091, 41.730670274 3.989516459, 41.732741698 3.991759544, 41.73612158 3.987609507, 41.734450707 3.984154167, 41.736400053 3.982828195, 41.739562501 3.985013586, 41.754428662 3.982343035, 41.755225945 3.978942763, 41.753234626 3.971105668, 41.76713947 3.973480812, 41.777000651 3.972001779, 41.782547338 3.980395768, 41.78392447 3.98010206, 41.786346845 3.976099593, 41.78892563 3.975675241, 41.795067417 3.980678494, 41.79447612 3.973659341, 41.800453861 3.9689946, 41.795776949 3.966742221, 41.798164994 3.964592583, 41.798500687 3.958491977, 41.799908335 3.956056501, 41.803051705 3.954708595, 41.807846875 3.957303791, 41.812245304 3.955300765, 41.819951143 3.956548532, 41.822457445 3.954506889, 41.820012174 3.951479236, 41.820893382 3.947961196, 41.826085282 3.945205547, 41.827531082 3.946113127, 41.828431372 3.949552733, 41.830552384 3.949247342, 41.835076696 3.943042313, 41.837132856 3.942158808, 41.837914888 3.945318773, 41.836175356 3.948785321, 41.836594983 3.950338007, 41.843209797 3.951535234, 41.847169523 3.945973642, 41.850026786 3.944969745, 41.853078603 3.945627958, 41.855684094 3.947724428, 41.85473041 3.95498341, 41.856946795 3.957839893, 41.861082007 3.958141939, 41.866174725 3.956651469, 41.867815079 3.959338213, 41.867155127 3.962051421, 41.869005292 3.963129217, 41.870874528 3.960981248, 41.874536706 3.959676254, 41.877622861 3.963785755, 41.882620211 3.963741169, 41.885855145 3.970949369, 41.898676598 3.977608527, 41.902300631 3.977975179, 41.905135002 3.97473034, 41.907709971 3.973899043, 41.913844128 3.97844028, 41.87218295 3.92112968, 41.3308814 3.151910495, 40.994883661 2.822846744, 40.993254311 2.175247394, 40.982347878 2.17647348, 40.959421096 2.171928444, 40.948968622 2.17344299, 40.934434344 2.177639273, 40.89840765 2.199983583, 40.890400448 2.206684944, 40.878166483 2.221258911, 40.871658485 2.226231412, 40.86812601 2.23300858, 40.866409369 2.243825633, 40.855583058 2.263009494, 40.848666881 2.269944961, 40.844813962 2.27125186, 40.832347296 2.286459489, 40.829123815 2.288742386, 40.824126464 2.289933185, 40.80767335 2.286744151, 40.797495541 2.291368832, 40.787191846 2.298742715, 40.779573752 2.307351973, 40.773077197 2.310660698, 40.756887305 2.312715695, 40.742555204 2.310056617, 40.730481454 2.315018156, 40.725403995 2.320694407, 40.720456238 2.323720868, 40.718316153 2.327395053, 40.71776683 2.333897587, 40.707035884 2.346345288, 40.705178092 2.350480296, 40.692207875 2.363319447, 40.686176721 2.364276379, 40.677074679 2.371892951, 40.674396714 2.380053304, 40.670364502 2.383259516, 40.668277824 2.387684178, 40.669738886 2.393506324, 40.666034748 2.402952118, 40.668968313 2.410373196, 40.664032006 2.423130334, 40.655906546 2.430004298, 40.652686878 2.431030125, 40.647353826 2.430539268, 40.642985913 2.432362536, 40.63951066 2.439321127, 40.63532204 2.438783782, 40.633254434 2.439862294, 40.63145005 2.444811431, 40.615962082 2.456080499, 40.603682346 2.479518335, 40.603754832 2.487983121, 40.593268029 2.497319973, 40.593359587 2.501814485, 40.596960734 2.505111045, 40.59614056 2.50833156, 40.579355574 2.526331073, 40.580469501 2.545393829, 40.57959592 2.547637867, 40.56610308 2.561853054, 40.561475766 2.569202381, 40.559835419 2.576050595, 40.562730836 2.582857085, 40.561227817 2.584694656, 40.556459352 2.586509343, 40.550790607 2.595415408, 40.550851651 2.60669305, 40.545453757 2.619225621, 40.541532182 2.634984905, 40.5379463 2.640723141, 40.536527211 2.649470431, 40.534104833 2.652340265, 40.532186006 2.657687765, 40.528386495 2.660369504, 40.522729209 2.690691792, 40.519204363 2.695742728, 40.511902891 2.699107241, 40.501042245 2.714025464, 40.501431354 2.716674778, 40.510800441 2.72495647, 40.512200468 2.731755573, 40.513966709 2.73424063, 40.519295947 2.735988319, 40.520310679 2.739269864, 40.519212027 2.741568496, 40.519929208 2.746813007, 40.518971706 2.755559821, 40.5212415 2.760811484, 40.519082344 2.767651356, 40.521588652 2.771808534, 40.519341753 2.773647297, 40.515435426 2.774430199, 40.509842974 2.779990354, 40.504101742 2.780775402, 40.501587815 2.790682023, 40.496029695 2.795165812, 40.494915786 2.801145306, 40.496945248 2.805176372, 40.500496803 2.808084107, 40.499768185 2.812281339, 40.496170855 2.813932008, 40.495533792 2.819051839, 40.497261892 2.828907678, 40.49979109 2.833760978, 40.495953436 2.843307382, 40.498318598 2.847744916, 40.494374127 2.851982678, 40.495457528 2.859804509, 40.493531075 2.868534399, 40.400065366 2.909506948, 40.361581956 2.929533826, 40.31071198 2.951338446, 40.293659954 2.961208368, 40.270565328 2.971383683, 40.045581681 3.223703231, 40.039886228 3.22619664, 40.035201691 3.231855019, 40.01661231 3.240973756, 39.790644305 3.331159185, 39.788191412 3.337927544, 39.786883275 3.69014132, 39.866749543 3.86466248, 40.118105079 3.996138313, 40.150057633 4.011389323, 40.157855028 4.010563981, 40.162711243 4.018471642, 40.208534317 4.039154063, 40.430111678 4.130527069, 40.699720848 4.239503817, 40.702013532 4.244318505, 40.704493135 4.245335032, 40.710142815 4.24734806, 40.727728917 4.248619655, 40.747165197 4.261506962, 40.758491275 4.277929725, 40.763965475 4.279544628, 40.769000973 4.278113279))",Mandera,Mandera,2196669534,877.9226000000002,10432.420099999994,430248001965,0.0,0.0,0.0,0.0,0.0,44.44444444444444,44.81203288238519,2.1666666666666665,4.323637424635668,-2.1666666666666665,-1.0,-0.5011212675515319,0,0,0,0,,,0.0,0.0,0.0,0.0,,0,0,0,0,,,0.0,0.0,0.0,0.0,,0,0,0,0,,,0.0,0.0,0.0,0.0,,0,0,0,0,44.44444444444444,44.81203288238519,2.1666666666666665,4.323637424635668,-2.1666666666666665,-1.0,-0.5011212675515319,0,0,0,0,-0.86,35.172883665474345,36.717320308297694,6.216666666666689,9.81626508122756,-7.076666666666689,-1.1383378016085786,-0.7209123437589285,0.0,0.0,0.0,0.0,-0.49155512928196954,0.0,0.0,0.0,0.0,-1.0791639592809184,-1.4280295545162518,-0.49155512928196954
47,26258568,2022-07-01,Kenya,Kenya_2022-07,54986000,272357,40854.0,0.15,2.0,0.5,0.35,0.1,0.05,0.0,0.5,0.35,0.1,0.05,0.0,,,,,,Embu,"POLYGON ((37.559579774 -0.366037944, 37.56253241 -0.368453295, 37.565210382 -0.368254739, 37.56847583 -0.365876548, 37.57043281 -0.366546176, 37.579767566 -0.373575257, 37.584448295 -0.372336902, 37.586584569 -0.376533914, 37.601889449 -0.387209041, 37.609976772 -0.387997241, 37.612269452 -0.386984619, 37.61579049 -0.390991986, 37.627177594 -0.393218853, 37.631617993 -0.39207091, 37.633063793 -0.394232845, 37.637469858 -0.39455918, 37.637759782 -0.401614128, 37.639228471 -0.404400156, 37.646178992 -0.411718562, 37.65632248 -0.417979288, 37.661323651 -0.424935627, 37.667518846 -0.425895444, 37.669800082 -0.42790382, 37.675392542 -0.429532847, 37.684097859 -0.430990585, 37.688519184 -0.434120919, 37.694229904 -0.441502588, 37.699879586 -0.441322687, 37.705384307 -0.445520503, 37.71508528 -0.446779478, 37.717435182 -0.448407998, 37.718301136 -0.4514925, 37.727487115 -0.454298106, 37.733232166 -0.453032782, 37.73434608 -0.451088296, 37.738786478 -0.44852931, 37.748449304 -0.448784215, 37.757009659 -0.450603751, 37.75852794 -0.452322594, 37.769152089 -0.452595766, 37.779894495 -0.44885284, 37.785059701 -0.450463779, 37.788267926 -0.446484393, 37.790961157 -0.446322015, 37.799822879 -0.441013862, 37.801863784 -0.440914689, 37.808329827 -0.433100536, 37.812674855 -0.432983631, 37.815711416 -0.430216227, 37.817393731 -0.424092757, 37.819262971 -0.423269899, 37.82003737 -0.421108173, 37.8231693 -0.419896549, 37.826179157 -0.416378343, 37.828452763 -0.417147531, 37.829879489 -0.415248221, 37.829562862 -0.412290308, 37.832263723 -0.408681571, 37.833907891 -0.407487826, 37.841300925 -0.408149199, 37.842430098 -0.406313153, 37.845760397 -0.40697393, 37.850559383 -0.396183359, 37.852592658 -0.394953438, 37.85458397 -0.391018901, 37.856819428 -0.392267506, 37.867424502 -0.384589268, 37.865677335 -0.382807071, 37.866501325 -0.372033932, 37.872013675 -0.367303804, 37.871140091 -0.364436243, 37.87351288 -0.359741905, 37.87392869 -0.351211964, 37.880787656 -0.35075147, 37.885044944 -0.348137802, 37.88587275 -0.345840309, 37.888176874 -0.346392377, 37.895512688 -0.355511217, 37.893105565 -0.363100234, 37.889908784 -0.367740248, 37.890713702 -0.370164568, 37.896458753 -0.372336217, 37.897145413 -0.374480122, 37.895711058 -0.377365503, 37.896947045 -0.381752816, 37.89262872 -0.384701133, 37.890698445 -0.390010656, 37.890721334 -0.396650136, 37.900487158 -0.39926565, 37.902833245 -0.401482148, 37.901799442 -0.408410983, 37.909173402 -0.412301623, 37.909776137 -0.417430589, 37.915998035 -0.416662592, 37.923024851 -0.418174179, 37.921262425 -0.422190247, 37.923417774 -0.428115489, 37.927907764 -0.430721289, 37.932573234 -0.428849453, 37.936120975 -0.431364692, 37.934911691 -0.432115315, 37.936563489 -0.435598149, 37.929983004 -0.45047747, 37.918847677 -0.464596155, 37.914525538 -0.468114272, 37.912000158 -0.476264058, 37.898839187 -0.504457234, 37.8931361 -0.512606364, 37.882805693 -0.538312134, 37.88303458 -0.542789769, 37.886059697 -0.5481452999999999, 37.888508784 -0.557480872, 37.888470637 -0.563333343, 37.88372506 -0.585258967, 37.902894307 -0.600025282, 37.90208939 -0.603887614, 37.918923995 -0.6230135570000001, 37.923707723 -0.626723314, 37.907830632 -0.641491601, 37.894208072 -0.647693922, 37.893403155 -0.654649873, 37.895470765 -0.66834537, 37.897805408 -0.67194606, 37.895890392 -0.676305628, 37.896733458 -0.6797521949999999, 37.895470768 -0.683116872, 37.897919854 -0.686889506, 37.90358098 -0.687442587, 37.902627286 -0.685253326, 37.904576637 -0.687135233, 37.899564026 -0.7058766440000001, 37.900216353 -0.711005698, 37.901631635 -0.712380951, 37.905991922 -0.711576956, 37.908784338 -0.71379381, 37.910508616 -0.709814128, 37.912496114 -0.710239726, 37.914372986 -0.726685252, 37.916513075 -0.731552307, 37.913186593 -0.73843525, 37.913873253 -0.742451704, 37.905763044 -0.756759942, 37.904958128 -0.760242328, 37.892296891 -0.7705691569999999, 37.894589573 -0.782310988, 37.885560002 -0.78491369, 37.885830851 -0.788622493, 37.881428603 -0.7971150930000001, 37.881581194 -0.800027829, 37.885636301 -0.8045064750000001, 37.885560006 -0.807337738, 37.884182873 -0.8089383959999999, 37.879326664 -0.808403374, 37.871941261 -0.813991464, 37.867924302 -0.812154138, 37.861114929 -0.814485961, 37.856827122 -0.812458514, 37.8447381 -0.813839014, 37.840454107 -0.812073923, 37.835899267 -0.816324008, 37.833831658 -0.815364579, 37.830199991 -0.808407557, 37.821590043 -0.8070301600000001, 37.815753438 -0.809950108, 37.813056393 -0.814987618, 37.809077583 -0.817736218, 37.808657956 -0.807795238, 37.807242674 -0.805841038, 37.805522211 -0.805650619, 37.798899763 -0.813916026, 37.79752263 -0.8175066439999999, 37.791975947 -0.820227591, 37.789374272 -0.824776565, 37.785357313 -0.824359252, 37.781645538 -0.827759153, 37.770281322 -0.822753591, 37.76634066 -0.825737311, 37.759226104 -0.825807461, 37.757925265 -0.820262344, 37.75562877 -0.818235552, 37.756700721 -0.815060997, 37.750806891 -0.806068302, 37.747861881 -0.788935894, 37.744955021 -0.782313998, 37.739408338 -0.778983711, 37.732942294 -0.777344613, 37.725328003 -0.78311305, 37.716908795 -0.782775839, 37.71622595 -0.781699237, 37.712853688 -0.782277113, 37.699501976 -0.787021575, 37.699883455 -0.791996446, 37.694146033 -0.793713145, 37.693531855 -0.7974214120000001, 37.691006475 -0.799799424, 37.68928601 -0.796967803, 37.683010705 -0.79749943, 37.68167172 -0.80086369, 37.68281997 -0.812577212, 37.680714215 -0.819577267, 37.682053202 -0.825158441, 37.6737904 -0.829488151, 37.671722793 -0.833241118, 37.671379464 -0.8396175850000001, 37.66621426 -0.8449794349999999, 37.665256752 -0.848569934, 37.657413574 -0.850068619, 37.653549207 -0.847236224, 37.650184575 -0.847388858, 37.646587241 -0.844900291, 37.640578971 -0.84819047, 37.636027943 -0.841459568, 37.629943376 -0.841421247, 37.627837623 -0.853775581, 37.625544943 -0.854697284, 37.61957482 -0.853817839, 37.617854356 -0.854314659, 37.616053783 -0.857371089, 37.604262313 -0.858415986, 37.603312435 -0.864828272, 37.596083436 -0.863568345, 37.588392849 -0.867318989, 37.588125816 -0.86953483, 37.591299709 -0.871028328, 37.592447957 -0.873443707, 37.589159621 -0.875622181, 37.588583591 -0.8805150430000001, 37.586020062 -0.881165271, 37.576227534 -0.879406916, 37.565321092 -0.883499839, 37.562223493 -0.877836836, 37.560617473 -0.877573944, 37.554571055 -0.88281737, 37.551740493 -0.887058098, 37.550325211 -0.887401211, 37.547761681 -0.885030591, 37.546151846 -0.885527351, 37.54382102 -0.889587374, 37.53830867 -0.8914935389999999, 37.533257909 -0.898157215, 37.536359324 -0.909554324, 37.533475355 -0.91459988, 37.530198463 -0.9164797609999999, 37.519333983 -0.9187363120000001, 37.516808601 -0.916564634, 37.517418964 -0.91112024, 37.51619442 -0.905005832, 37.508656424 -0.90392649, 37.503414922 -0.901753681, 37.496147775 -0.905305025, 37.491554785 -0.901558854, 37.485779215 -0.899910399, 37.483902344 -0.895586531, 37.478622695 -0.894851793, 37.47690223 -0.890347101, 37.47230924 -0.8865195769999999, 37.474109813 -0.883580974, 37.474910914 -0.876689689, 37.471546283 -0.877529443, 37.467529323 -0.874208632, 37.462974482 -0.876540097, 37.460830578 -0.873021118, 37.457694832 -0.871835033, 37.454444644 -0.872946084, 37.447745898 -0.871378744, 37.444991628 -0.8645675, 37.443652642 -0.863798193, 37.438910876 -0.864411232, 37.433860113 -0.86315208, 37.428385911 -0.86747279, 37.420542732 -0.86303801, 37.415301231 -0.862882039, 37.412165485 -0.86062883, 37.412852144 -0.857789401, 37.415915408 -0.854923748, 37.413733355 -0.851368651, 37.404894521 -0.852631085, 37.39881377 -0.8574850899999999, 37.394873106 -0.8557289380000001, 37.389368385 -0.856242089, 37.386377601 -0.853012226, 37.382436939 -0.858255891, 37.380907214 -0.858562768, 37.377348028 -0.855766728, 37.378534422 -0.852167885, 37.370843834 -0.850184065, 37.365026301 -0.845894945, 37.356038689 -0.844751594, 37.352162878 -0.847426828, 37.35110237 -0.8432934989999999, 37.347886514 -0.845516851, 37.344174737 -0.843028283, 37.337941395 -0.847583517, 37.334687391 -0.84463395, 37.331242649 -0.845093699, 37.327496539 -0.843789847, 37.324624012 -0.840614338, 37.327416427 -0.836907739, 37.326001145 -0.835948548, 37.320835939 -0.837176235, 37.316628239 -0.825960605, 37.313645085 -0.8241235770000001, 37.314026561 -0.819267427, 37.311119702 -0.8162456850000001, 37.306488564 -0.814525531, 37.307102741 -0.809172145, 37.305763755 -0.807679421, 37.307713104 -0.803619756, 37.30633597 -0.801864796, 37.30216642 -0.800099585, 37.300175106 -0.796011194, 37.294819161 -0.794173213, 37.286937833 -0.783724983, 37.281848922 -0.785450145, 37.276412867 -0.78558353, 37.267921176 -0.781447281, 37.277469554 -0.756437751, 37.286014652 -0.757589625, 37.293735758 -0.756887305, 37.29980888 -0.7557412100000001, 37.30592015 -0.751511328, 37.316571003 -0.7509004929999999, 37.318814093 -0.760134687, 37.326867085 -0.767580543, 37.348668529 -0.7750952330000001, 37.359231642 -0.772476677, 37.35975045 -0.764762682, 37.367589814 -0.765046075, 37.371751734 -0.767010109, 37.375555065 -0.7639819289999999, 37.378500071 -0.763702705, 37.390135135 -0.755088402, 37.397238247 -0.754322371, 37.407885284 -0.750274624, 37.421816844 -0.750270687, 37.445403598 -0.733267425, 37.464584289 -0.7362314720000001, 37.46437829 -0.731573729, 37.467990883 -0.731222271, 37.468288435 -0.7295492, 37.474262372 -0.726910381, 37.48094586 -0.730729263, 37.486080547 -0.7311198759999999, 37.493401102 -0.734387286, 37.497212062 -0.7326520520000001, 37.493706283 -0.728544828, 37.493275213 -0.724917973, 37.489799952 -0.7235692419999999, 37.490204318 -0.721688229, 37.48820156 -0.719489791, 37.485767734 -0.72101744, 37.484360082 -0.719497599, 37.484485969 -0.717164227, 37.480224865 -0.7170271499999999, 37.47911095 -0.7156611349999999, 37.478492954 -0.704979811, 37.480686449 -0.696569517, 37.480129491 -0.69296978, 37.475582278 -0.687641366, 37.474804063 -0.681617726, 37.477157779 -0.6787153, 37.477604107 -0.679393778, 37.477272221 -0.675115801, 37.479294052 -0.671688723, 37.476509265 -0.667319559, 37.47632997 -0.663132054, 37.473991512 -0.660363846, 37.474853651 -0.658555306, 37.472896671 -0.655452567, 37.473472701 -0.650216233, 37.479377972 -0.641617068, 37.478924013 -0.637899801, 37.4804957 -0.635729672, 37.481266283 -0.628277556, 37.487228777 -0.626036323, 37.487587365 -0.619370918, 37.489044609 -0.617698144, 37.484154065 -0.608715936, 37.483433072 -0.60667174, 37.484340989 -0.605948503, 37.482918078 -0.605758143, 37.481968198 -0.603822418, 37.479789962 -0.604427768, 37.477462948 -0.6013792650000001, 37.480102772 -0.598657723, 37.478443345 -0.5958988120000001, 37.480152363 -0.592055552, 37.483867954 -0.590880849, 37.485920303 -0.584242978, 37.479816661 -0.578181791, 37.477173021 -0.573387684, 37.476383362 -0.570837013, 37.477539239 -0.569444535, 37.472808916 -0.558644668, 37.463539012 -0.557773983, 37.461990212 -0.552546172, 37.452811862 -0.550979129, 37.448295167 -0.545741484, 37.446650997 -0.532564021, 37.438723893 -0.524494814, 37.433852424 -0.5217894239999999, 37.427783115 -0.5114597950000001, 37.4263335 -0.5060331, 37.427687745 -0.50275049, 37.426936234 -0.500507441, 37.430922674 -0.497279722, 37.431182078 -0.495262971, 37.426264832 -0.488750229, 37.424830476 -0.483956628, 37.429255613 -0.467253567, 37.427348225 -0.465480518, 37.428748247 -0.458969235, 37.427897552 -0.456310123, 37.428816912 -0.448550652, 37.426489899 -0.448468763, 37.424525289 -0.446759038, 37.423449522 -0.443665805, 37.425543834 -0.442074534, 37.424090404 -0.440853314, 37.425993977 -0.439985489, 37.42534928 -0.438339356, 37.427409258 -0.433908297, 37.426920966 -0.42972088, 37.425341649 -0.427577154, 37.426127493 -0.423806008, 37.308720128 -0.15250746, 37.500916154 -0.316438905, 37.553762241 -0.363504557, 37.559579774 -0.366037944))",Embu,Embu,460685118,-28.49470000000001,1987.9093000000007,91104909504,0.0,1.0,0.0,0.0,1.0,54.54545454545455,64.92424242424241,0.6666666666666666,0.9168313422570847,0.33333333333333337,0.5000000000000001,0.3635710495157405,0,0,0,0,50.0,50.0,0.08333333333333333,0.2041241452319315,-0.08333333333333333,-1.0,-0.408248290463863,0,0,0,0,,,0.0,0.0,0.0,0.0,,0,0,0,0,,,0.0,0.0,0.0,0.0,,0,0,0,0,53.846153846153854,59.33150183150181,0.75,0.9237212077056678,0.25,0.3333333333333333,0.27064443028318924,0,0,0,0,,,,,,,,,,,,,,,,,,,,
48,26258568,2022-07-01,Kenya,Kenya_2022-07,54986000,349173,139670.0,0.4,3.0,0.3,0.3,0.35,0.05,0.0,0.3,0.3,0.3,0.1,0.0,,,,,,Baringo,"POLYGON ((35.781147003 1.656727553, 35.785461425 1.655861974, 36.09728241 1.169178247, 36.173236847 1.171178698, 36.317268371 0.991512477, 36.342216492 0.994311512, 36.342639923 0.989670337, 36.346916199 0.987321138, 36.346363067 0.982756377, 36.347793579 0.974696457, 36.351501465 0.966674685, 36.353984832 0.967075765, 36.355815887 0.965108514, 36.359062195 0.96560514, 36.363819122 0.964229941, 36.365406036 0.959015847, 36.369853973 0.955883503, 36.375297546 0.9572013619999999, 36.378677369 0.955367803, 36.384216308 0.955100417, 36.384292602 0.951452434, 36.389221191 0.948816717, 36.388362884 0.945760846, 36.390636444 0.94186455, 36.388076782 0.941387057, 36.388648987 0.9318755869999999, 36.386966705 0.927960157, 36.393863678 0.920759737, 36.392887116 0.912967146, 36.395221711 0.911594153, 36.393917084 0.909981609, 36.396110535 0.908958972, 36.395542144 0.906216621, 36.402954101 0.90221417, 36.40354538 0.900761664, 36.406513214 0.901624262, 36.410102845 0.901256919, 36.410850525 0.900107324, 36.416160584 0.901540935, 36.417388916 0.903254092, 36.419124603 0.902504623, 36.424648285 0.898257792, 36.423522949 0.893714965, 36.425918579 0.891434312, 36.426296234 0.889263034, 36.429080964 0.887501717, 36.429714203 0.885039389, 36.445671082 0.871863127, 36.45627594 0.872518122, 36.462535858 0.86948961, 36.464469909 0.865724146, 36.470581054 0.864040673, 36.471572876 0.860870004, 36.478900909 0.857098579, 36.481716156 0.853333115, 36.484214783 0.853452027, 36.488300324 0.850947678, 36.489925384 0.848835885, 36.475437164 0.839109719, 36.468959809 0.822359562, 36.404731751 0.7188789840000001, 36.347431183 0.661962747, 36.289100647 0.646683216, 36.277927399 0.632990181, 36.294124604 0.566389322, 36.265571594 0.500095307, 36.229549408 0.421760946, 36.227432251 0.398581952, 36.257568359 0.379271805, 36.258140564 0.376426667, 36.259841919 0.376178413, 36.258811951 0.37361905, 36.2607193 0.364260346, 36.260089874 0.345695764, 36.261352539 0.343098194, 36.249202728 0.331352055, 36.244525909 0.329080075, 36.24773407 0.343040884, 36.230983734 0.335993201, 36.225673675 0.320885509, 36.240016938 0.315404058, 36.249893189 0.2997998, 36.259841919 0.291434347, 36.265037537 0.278045564, 36.279552459 0.274378568, 36.281768799 0.267349959, 36.278980255 0.256807029, 36.291755676 0.254515141, 36.29643631 0.238261551, 36.296360016 0.230010569, 36.291240692 0.217500493, 36.292331695 0.213623315, 36.288585663 0.207798004, 36.28383255 0.203004047, 36.271911622 0.195860878, 36.270195007 0.193091408, 36.26738739 0.192365631, 36.26499939 0.186845884, 36.259155273 0.184382051, 36.25447464 0.183847368, 36.236064911 0.211044893, 36.202613831 0.236003712, 36.216621399 0.25237602, 36.210529327 0.268534034, 36.201053619 0.28562808, 36.196453094 0.301556975, 36.186214447 0.316970199, 36.155269623 0.307757587, 36.152694702 0.305036962, 36.151138306 0.308967531, 36.146469117 0.313551396, 36.144634247 0.316702813, 36.144958496 0.319319427, 36.14225769 0.322432637, 36.138980866 0.324361682, 36.134395599 0.323845982, 36.125907898 0.328105211, 36.123790741 0.327111959, 36.123588562 0.328754544, 36.11951065 0.330970079, 36.103775025 0.317753285, 36.085647583 0.305262267, 36.055335999 0.302989453, 35.983951569 0.300946027, 35.986179352 0.305548757, 35.986103058 0.314945638, 35.989597321 0.324609965, 35.988929749 0.328238845, 35.99143219 0.330129713, 35.990989685 0.333032787, 35.993816376 0.3465361, 35.993740082 0.352514207, 35.991489411 0.357785643, 35.992858887 0.365396201, 35.989635467 0.375070602, 35.993324279 0.375947237, 35.996395111 0.382805824, 35.998535156 0.396099031, 35.997341156 0.400950283, 35.992717743 0.406890214, 35.991840362 0.409844905, 35.980239869 0.409583211, 35.977642059 0.406718343, 35.956192017 0.393692523, 35.934436798 0.391572445, 35.924343109 0.393749804, 35.925518036 0.388917655, 35.928153992 0.387714386, 35.924640655 0.38041839, 35.926551819 0.377820909, 35.923358917 0.376082838, 35.923149109 0.367984712, 35.921718597 0.366437644, 35.921298981 0.362904281, 35.922290802 0.358759701, 35.921127319 0.351425528, 35.922557831 0.344866306, 35.92483902 0.34115541, 35.921985627 0.336986393, 35.923664093 0.335000008, 35.921508789 0.333529383, 35.921680451 0.331695825, 35.919788361 0.331237465, 35.919872284 0.328238845, 35.918228149 0.328553409, 35.916999817 0.326672763, 35.922004699 0.325163901, 35.922462463 0.318899244, 35.919273376 0.317600459, 35.91474533 0.308929324, 35.919101715 0.307821601, 35.917324066 0.305425376, 35.918212891 0.302296519, 35.92079544 0.301246136, 35.91853714 0.294449151, 35.910068512 0.286812216, 35.909206391 0.28228572, 35.906669616 0.283058345, 35.905540466 0.280815035, 35.902885437 0.281299472, 35.897754669 0.27628848, 35.898136139 0.273859859, 35.89427185 0.273576349, 35.892974854 0.271342904, 35.890068054 0.273237347, 35.888313293 0.272468597, 35.888256073 0.274684161, 35.885379791 0.275390804, 35.883480072 0.273671836, 35.882354736 0.275047034, 35.877502441 0.27306071, 35.874828339 0.275047034, 35.871582032 0.275373131, 35.861995697 0.270023882, 35.85867691 0.270313292, 35.852481842 0.266356766, 35.852935791 0.265162468, 35.845111847 0.2627711, 35.842063904 0.263624578, 35.834274292 0.257872581, 35.833057403 0.259557396, 35.829864502 0.25989005, 35.824157715 0.257685662, 35.819728851 0.25911808, 35.816959381 0.258526027, 35.81300354 0.262212217, 35.779319764 0.2622886, 35.777477264 0.253732145, 35.777496338 0.244468852, 35.783859253 0.24399139, 35.784030914 0.234575361, 35.781776428 0.229590401, 35.776657105 0.228998333, 35.777709961 0.224872872, 35.75725174 0.221434966, 35.75522995 0.218340904, 35.751159668 0.216755644, 35.740432739 0.223574102, 35.722362518 0.213071227, 35.722686767 0.22116597, 35.720417023 0.227483839, 35.720844269 0.236110166, 35.719627381 0.23973471, 35.718109131 0.240524575, 35.71831131 0.242104038, 35.716854095 0.242407783, 35.71478653 0.251925081, 35.713085174 0.252147823, 35.709098816 0.257291228, 35.710556031 0.258526444, 35.708106995 0.260389418, 35.709827423 0.260308415, 35.709056854 0.26314336, 35.711021424 0.266140283, 35.709278107 0.268914491, 35.710819244 0.268954992, 35.713592529 0.271749437, 35.711303711 0.27361238, 35.713348389 0.277216822, 35.714523315 0.277318061, 35.712680817 0.281853974, 35.714546204 0.282987952, 35.715171814 0.287139118, 35.713977813 0.289447576, 35.715049743 0.291391522, 35.713573456 0.297000646, 35.715110778 0.298094124, 35.713996887 0.299855858, 35.71559906 0.299977332, 35.715496063 0.303197026, 35.713409424 0.304270267, 35.71503067 0.30524224, 35.712600708 0.30655846, 35.714424133 0.311155111, 35.712924957 0.310466617, 35.711708068 0.312491595, 35.713531494 0.313666076, 35.712440491 0.313888818, 35.713371276 0.31482029, 35.712135315 0.315529019, 35.712356568 0.317898244, 35.71786499 0.323021382, 35.716487884 0.324033856, 35.717582703 0.328245759, 35.716732025 0.331181944, 35.718151092 0.330513716, 35.719161988 0.331546456, 35.719791412 0.338228822, 35.723129272 0.33992979, 35.718574524 0.345619917, 35.722583771 0.351168305, 35.720355988 0.353294492, 35.720844269 0.356757164, 35.719768524 0.357789904, 35.718006134 0.356736928, 35.714424133 0.359106123, 35.712863922 0.357607662, 35.710273742 0.358215153, 35.706668854 0.366355478, 35.705371856 0.366294742, 35.70419693 0.363682539, 35.70029068 0.365950495, 35.698406219 0.369008183, 35.699539184 0.369656176, 35.698951721 0.370729387, 35.696422577 0.369858653, 35.698223114 0.366618723, 35.697353363 0.365525246, 35.683986664 0.374151588, 35.683582306 0.372612595, 35.681556701 0.373301089, 35.680465698 0.371579886, 35.679737091 0.375042558, 35.675907135 0.378059745, 35.673763276 0.376176537, 35.673923492 0.378525496, 35.672588348 0.380165696, 35.669914246 0.380327702, 35.667404175 0.383142382, 35.666248321 0.386139333, 35.667545319 0.388427526, 35.664367676 0.387536556, 35.663578033 0.389743745, 35.661186218 0.387394786, 35.660133362 0.387799799, 35.661026001 0.389925986, 35.659183503 0.395676881, 35.65454483 0.400192529, 35.661003113 0.4136585, 35.658878327 0.416311205, 35.660034179 0.417971671, 35.657764434 0.420057386, 35.657966614 0.422791064, 35.655235291 0.424735039, 35.653656006 0.429412693, 35.654930115 0.436358303, 35.652763367 0.442716658, 35.65298462 0.446867823, 35.651405334 0.449824273, 35.645431519 0.453003436, 35.647377014 0.455190391, 35.645610809 0.460196108, 35.647956848 0.462059051, 35.644004821 0.465590596, 35.643310547 0.469737709, 35.640132904 0.47121188, 35.639225006 0.476849347, 35.631954193 0.484365999, 35.632923126 0.48780033, 35.631450654 0.489096314, 35.633750915 0.491202265, 35.633136749 0.496224165, 35.629928589 0.494944394, 35.630981446 0.503594995, 35.628601074 0.502315223, 35.624599457 0.5035787819999999, 35.62317276 0.506186962, 35.621246338 0.505668581, 35.613647461 0.510010063, 35.613548279 0.515258789, 35.611766815 0.517721117, 35.614051819 0.519632697, 35.611865998 0.52499479, 35.608562469 0.5295306440000001, 35.603588104 0.531085849, 35.603488922 0.533612966, 35.60213089 0.534503997, 35.60226059 0.5376790769999999, 35.604431152 0.540060461, 35.603733062 0.541777611, 35.605644226 0.543510973, 35.602630615 0.550395846, 35.601787567 0.556551695, 35.60382843 0.557993472, 35.60415268 0.561881423, 35.608283996 0.566384912, 35.608089447 0.5682317019999999, 35.610374451 0.569689632, 35.61013031 0.572135806, 35.612903595 0.575699747, 35.613956451 0.580284238, 35.611152649 0.589015841, 35.612854004 0.592514992, 35.604980469 0.5974234940000001, 35.603717804 0.5995618109999999, 35.601222992 0.60006404, 35.60079956 0.602218568, 35.597446442 0.6041301489999999, 35.598564148 0.607532084, 35.595794677 0.612764537, 35.597770691 0.616490483, 35.596023559 0.61984384, 35.596897125 0.6255785230000001, 35.600364685 0.628688812, 35.599845886 0.632414758, 35.601593018 0.6362540719999999, 35.605289459 0.63801986, 35.604770661 0.639461637, 35.606712341 0.638651609, 35.606018066 0.6405631899999999, 35.608074188 0.640595615, 35.606796265 0.642085969, 35.608867645 0.644775092, 35.608188629 0.645844281, 35.609565735 0.646395087, 35.607070923 0.647059262, 35.608917237 0.64786923, 35.606811524 0.6496512290000001, 35.608997345 0.651708543, 35.607379913 0.652615726, 35.60830307 0.653587699, 35.607700348 0.655936658, 35.606925964 0.655418277, 35.604885101 0.657329857, 35.606777191 0.661719978, 35.604915619 0.662481308, 35.605140686 0.668005406, 35.603847504 0.669398606, 35.606048584 0.6724279520000001, 35.605175018 0.674517691, 35.606876373 0.674404323, 35.606227874 0.672832906, 35.608818054 0.672346949, 35.612998963 0.676153839, 35.615333557 0.6767694359999999, 35.615219116 0.679328978, 35.616401673 0.67895639, 35.616142273 0.677822411, 35.618312835 0.678972602, 35.618846893 0.676526427, 35.620822906 0.677676618, 35.619998932 0.678729593, 35.622898102 0.678697229, 35.623188019 0.680252373, 35.624420166 0.678697229, 35.626235962 0.679507196, 35.62657547 0.680527746, 35.624111176 0.680835545, 35.623722077 0.68671602, 35.625164032 0.688627601, 35.626121521 0.687785208, 35.627548218 0.689048767, 35.629863739 0.68671602, 35.627513886 0.690377175, 35.632472992 0.692142903, 35.633022309 0.693746686, 35.630607605 0.695334256, 35.633052826 0.699789166, 35.633720398 0.698687613, 35.63634491 0.701538741, 35.635696411 0.702705086, 35.633087158 0.701311946, 35.633995056 0.703385472, 35.6328125 0.705248475, 35.634204864 0.705361843, 35.633247376 0.70775938, 35.634124756 0.708909571, 35.631660462 0.711857915, 35.634643554 0.711938918, 35.630706787 0.716863632, 35.629619599 0.716231823, 35.628826141 0.717349589, 35.62953949 0.718451202, 35.630428314 0.717495382, 35.631694793 0.719698548, 35.630622864 0.720670521, 35.630901337 0.722857475, 35.628437042 0.722987115, 35.628128052 0.724769055, 35.625198364 0.725773453, 35.628860474 0.726713002, 35.626087189 0.729029595, 35.626785278 0.730001569, 35.624130249 0.729126751, 35.622753144 0.730341732, 35.62266922 0.734197259, 35.624500275 0.735201657, 35.620353698 0.7358981959999999, 35.62002945 0.7388465400000001, 35.621002197 0.741600513, 35.622444153 0.74126029, 35.623886109 0.744775652, 35.624629975 0.743998051, 35.626087189 0.7471894019999999, 35.624938965 0.748080373, 35.626800537 0.748679757, 35.625682831 0.756034434, 35.627658844 0.75893414, 35.627109528 0.760165333, 35.628307342 0.760132909, 35.627902985 0.761882484, 35.629055023 0.76230371, 35.627010345 0.763243258, 35.628356934 0.76395607, 35.627998352 0.765576005, 35.629264832 0.76567322, 35.629264832 0.769836545, 35.631855011 0.771213472, 35.630916596 0.774745047, 35.632194519 0.774113238, 35.634803772 0.778389931, 35.633766174 0.779669702, 35.63552475 0.782441914, 35.634967804 0.784950793, 35.633605957 0.785598815, 35.634010315 0.7871377470000001, 35.635078431 0.786635577, 35.634140015 0.787963926, 35.637931824 0.78893596, 35.636440277 0.789697349, 35.637653351 0.791365862, 35.636989593 0.792953432, 35.634025574 0.793455661, 35.635097503 0.797440767, 35.636894226 0.798671961, 35.635112762 0.798704326, 35.635742188 0.801150501, 35.634204864 0.800745487, 35.634918213 0.802300692, 35.633945466 0.802219689, 35.634075165 0.80432564, 35.633022309 0.804682017, 35.633850098 0.807484568, 35.634399415 0.805443406, 35.635223389 0.80591321, 35.634399415 0.807419777, 35.635776519 0.808764339, 35.633880615 0.810692072, 35.637073517 0.81169647, 35.637023926 0.813478411, 35.642467499 0.818613708, 35.642662048 0.823473632, 35.636260986 0.826729774, 35.637218475 0.828268707, 35.638999939 0.827523529, 35.638515472 0.828997731, 35.639713287 0.829791486, 35.638141632 0.833517433, 35.639614106 0.835428953, 35.636665345 0.835445165, 35.636325836 0.8367249369999999, 35.639225006 0.83636856, 35.643520355 0.84119606, 35.641609192 0.841163635, 35.639064789 0.844095826, 35.635597229 0.845148802, 35.63608551 0.849636078, 35.631336212 0.8507214789999999, 35.625457764 0.854900956, 35.623035431 0.869098246, 35.62467575 0.870364666, 35.623519898 0.872115314, 35.624340058 0.874946177, 35.626449585 0.876116216, 35.626499176 0.880486667, 35.625465393 0.88200897, 35.624336243 0.881468773, 35.622127533 0.887803495, 35.624977112 0.889350354, 35.627456665 0.89308244, 35.627285004 0.894506514, 35.625564575 0.894752025, 35.627677918 0.897772074, 35.626106262 0.901651442, 35.627109528 0.9029527899999999, 35.625907898 0.909803092, 35.627601624 0.910466015, 35.629936219 0.909189284, 35.633079529 0.9113745090000001, 35.634624482 0.91385436, 35.634037017 0.9183967119999999, 35.636955262 0.918273926, 35.636096954 0.922546208, 35.634746552 0.923675657, 35.635509491 0.924657762, 35.634403229 0.928512573, 35.635997772 0.930133105, 35.633861542 0.933398664, 35.634181976 0.936246813, 35.631507874 0.938333869, 35.631946564 0.947271168, 35.629592895 0.953728676, 35.634868621 0.959916055, 35.636688232 0.960456193, 35.63666153 0.964040995, 35.634822846 0.966152549, 35.637741089 0.966177106, 35.638305664 0.968877912, 35.634822846 0.9726099969999999, 35.636219024 0.9758755569999999, 35.635238647 0.979509473, 35.638946533 0.97987777, 35.639659882 0.982406735, 35.638134003 0.98424822, 35.637424469 0.9892324810000001, 35.63553238 0.988864183, 35.633003235 0.994241297, 35.637447357 1.000797033, 35.63646698 1.00494647, 35.639411926 1.004578233, 35.639167785 1.006984353, 35.640663147 1.007279039, 35.64282608 1.015185117, 35.644420624 1.015946269, 35.641670227 1.020597339, 35.643512726 1.022796631, 35.642433166 1.025399208, 35.644348145 1.025743008, 35.647762299 1.029966116, 35.650165558 1.029204964, 35.651592255 1.030359029, 35.654514312 1.028591156, 35.65542221 1.032691479, 35.65758133 1.033010721, 35.660182953 1.036349893, 35.662223816 1.034950376, 35.664283752 1.035269618, 35.664283752 1.038093209, 35.666275025 1.038756132, 35.66720581 1.040867687, 35.665710449 1.044231534, 35.669589997 1.043789506, 35.671478272 1.045360923, 35.671527862 1.046932339, 35.667942047 1.048577428, 35.669635772 1.052063942, 35.672164917 1.053365231, 35.671257019 1.056336164, 35.675308227 1.060485721, 35.67432785 1.063088298, 35.675579071 1.064831614, 35.673984528 1.066280246, 35.674179077 1.069545746, 35.673294068 1.070331454, 35.671699524 1.06925118, 35.672290802 1.074235439, 35.67634201 1.07654345, 35.677864074 1.083050012, 35.676879882 1.086585641, 35.67855072 1.087616921, 35.679653168 1.086561084, 35.67975235 1.089286446, 35.682086944 1.089556575, 35.682895661 1.088255286, 35.683952332 1.089212894, 35.684810638 1.093239546, 35.683681488 1.096333265, 35.686481476 1.0951792, 35.686016082 1.098592162, 35.691318512 1.100188136, 35.692790985 1.10470581, 35.695270538 1.103551865, 35.698879242 1.105196952, 35.697185517 1.112341881, 35.69757843 1.115312815, 35.700206757 1.118136406, 35.702243805 1.123783588, 35.700721741 1.129111648, 35.705459595 1.133948684, 35.705314636 1.147060037, 35.709781647 1.150080085, 35.708995819 1.15140593, 35.70703125 1.150448322, 35.70369339 1.152805447, 35.705879212 1.155727267, 35.702835083 1.158059835, 35.705360412 1.159729481, 35.705387115 1.162503957, 35.703838349 1.163903474, 35.705436706 1.169992685, 35.704257965 1.176057219, 35.706222534 1.176253676, 35.706638336 1.178267002, 35.703445435 1.17939651, 35.704479217 1.182514787, 35.702907562 1.18506825, 35.70381546 1.187425375, 35.702709198 1.189733386, 35.704330444 1.191476583, 35.702316284 1.196853757, 35.703128815 1.199480891, 35.699886322 1.202648282, 35.697872162 1.201003194, 35.696548462 1.204391599, 35.698341369 1.205300093, 35.697284698 1.206797838, 35.698020935 1.211020947, 35.696769714 1.214998483, 35.704231262 1.227054119, 35.703716278 1.232308507, 35.700893403 1.233020544, 35.699642181 1.235966921, 35.701778412 1.237120867, 35.699615478 1.239674449, 35.702907562 1.242227912, 35.702537537 1.245272517, 35.701065063 1.245665431, 35.70381546 1.2474823, 35.70079422 1.247801542, 35.700401306 1.251975537, 35.701824188 1.25341332, 35.699741364 1.258580327, 35.701828003 1.260495424, 35.70381546 1.260078073, 35.703079224 1.262336969, 35.705879212 1.264890432, 35.707130432 1.27220738, 35.706172943 1.273508668, 35.702392578 1.272010923, 35.702835083 1.2746135, 35.701358795 1.277658105, 35.697185517 1.278934836, 35.698513031 1.281463861, 35.698043823 1.284852147, 35.695270538 1.284410238, 35.694778442 1.288559675, 35.69745636 1.296171189, 35.694511414 1.295753717, 35.694190979 1.296784997, 35.696498871 1.300369739, 35.696426392 1.302800536, 35.698734283 1.304936648, 35.697700501 1.30594337, 35.695121765 1.304470181, 35.694683075 1.305869699, 35.697357177 1.307121873, 35.698215485 1.313996792, 35.696861267 1.320459008, 35.698131561 1.321564436, 35.697052002 1.324104786, 35.70022583 1.328079939, 35.699310303 1.329561711, 35.696369171 1.329326511, 35.698249817 1.331302285, 35.694957733 1.335230351, 35.696041107 1.339205503, 35.691524506 1.339958191, 35.688819885 1.341769337, 35.689384461 1.342874885, 35.69166565 1.342475057, 35.692417145 1.343956828, 35.691028595 1.345579863, 35.689052582 1.344968319, 35.687713623 1.347367406, 35.690982819 1.353083133, 35.688606262 1.35524714, 35.687782288 1.358634234, 35.691875458 1.36369133, 35.690887451 1.367807507, 35.6927948 1.369148254, 35.693359375 1.367666363, 35.694721222 1.367995739, 35.694862365 1.370606542, 35.693309784 1.372935176, 35.695735932 1.375075698, 35.69549942 1.377498389, 35.69890976 1.380109191, 35.70274353 1.385895491, 35.702365875 1.387588978, 35.699401855 1.387753725, 35.699073792 1.390129328, 35.702861786 1.395939111, 35.702178955 1.398691177, 35.703472137 1.401631355, 35.711868286 1.402336955, 35.710269928 1.40513599, 35.706718445 1.406217932, 35.707164765 1.409769655, 35.709800721 1.410616517, 35.711585998 1.413015604, 35.706741333 1.416661501, 35.706459046 1.420001507, 35.708248138 1.421459794, 35.70570755 1.428563237, 35.709022522 1.431644559, 35.708576203 1.435690283, 35.706436157 1.438018918, 35.707141876 1.439712405, 35.712200165 1.44251144, 35.71276474 1.447850823, 35.720336914 1.451496601, 35.720550537 1.457141757, 35.723255158 1.458459019, 35.72315979 1.462387085, 35.719348907 1.468714357, 35.719539643 1.47257185, 35.72473526 1.4755826, 35.726898193 1.480804324, 35.73021698 1.482027411, 35.728923798 1.48739028, 35.731651306 1.488166451, 35.735225677 1.491553545, 35.739059448 1.497951388, 35.741577148 1.498821735, 35.742542266 1.504844666, 35.751647949 1.50579989, 35.752578736 1.507068276, 35.750972748 1.510206342, 35.753864289 1.51172185, 35.756141662 1.517070532, 35.761287689 1.518764615, 35.760829925 1.522634387, 35.764053345 1.527475596, 35.762329102 1.529510975, 35.763454438 1.532699108, 35.769348145 1.534645677, 35.768268585 1.5431391, 35.770645141 1.55026567, 35.773895263 1.552768349, 35.774208069 1.558330059, 35.77602005 1.561768293, 35.77545929 1.571833133, 35.779842377 1.57166779, 35.779689789 1.578150153, 35.78130722 1.579996824, 35.784122467 1.580047727, 35.779148102 1.589087129, 35.782398224 1.593275547, 35.780479431 1.596400022, 35.781772613 1.601152301, 35.77910614 1.604805469, 35.783321381 1.605646014, 35.786697388 1.609466672, 35.78446579 1.610485435, 35.78414917 1.613467693, 35.780647278 1.616843462, 35.780208588 1.623157382, 35.780895233 1.625032783, 35.787117004 1.624570847, 35.790390015 1.626150131, 35.790523529 1.627283335, 35.785522461 1.633222222, 35.781208039 1.633534789, 35.780208588 1.639223575, 35.777519226 1.641286611, 35.777458191 1.645037413, 35.781715393 1.649061203, 35.779335022 1.651601314, 35.781147003 1.656727553))",Baringo,Baringo,1748755170,145.28869999999998,7239.682200000002,342908236418,0.0,0.0,0.0,0.0,0.0,50.0,62.57234967761284,3.9166666666666665,5.126656678153139,-3.9166666666666665,-1.0,-0.7639806822557957,0,0,0,0,,,0.0,0.0,0.0,0.0,,0,0,0,0,,,0.0,0.0,0.0,0.0,,0,0,0,0,,,0.0,0.0,0.0,0.0,,0,0,0,0,50.0,62.57234967761284,3.9166666666666665,5.126656678153139,-3.9166666666666665,-1.0,-0.7639806822557957,0,0,0,0,-0.08,37.78948414670507,35.91470575141511,12.298333333333302,17.508857447887248,-12.378333333333302,-1.0065049464697113,-0.7069755048366657,0.0,0.0,0.0,0.0,-0.4728306803210871,0.0,0.0,0.0,0.0,-1.0038263511802605,-1.326493042571371,-0.4728306803210871
49,26258568,2022-07-01,Kenya,Kenya_2022-07,54986000,1453787,72689.0,0.05,2.0,0.6,0.35,0.05,0.0,0.0,0.45,0.45,0.1,0.0,0.0,,,,,,Kilifi,"MULTIPOLYGON (((39.975782888 -3.351397829, 39.97632077 -3.35078205, 39.976995986 -3.352355467, 39.975714225 -3.354744679, 39.969095591 -3.351675805, 39.96898496 -3.349106843, 39.971704888 -3.343704059, 39.970728304 -3.341226403, 39.97409675 -3.342905428, 39.975782888 -3.351397829)), ((39.980494147 -3.367910365, 39.97952901 -3.367839086, 39.98007452 -3.365812237, 39.978819458 -3.363208471, 39.982191715 -3.361133463, 39.986193411 -3.360604935, 39.980494147 -3.367910365)), ((39.96388462 -3.361857491, 39.961668242 -3.36712415, 39.957639843 -3.369226812, 39.953519887 -3.368290156, 39.948823898 -3.364242186, 39.949659331 -3.361925685, 39.959863851 -3.3643218, 39.959341225 -3.361509197, 39.962408303 -3.361732334, 39.965402897 -3.358463675, 39.96388462 -3.361857491)), ((40.18493131 -2.977250839, 40.184656646 -2.977296373, 40.182985775 -2.976791689, 40.184065356 -2.976482965, 40.18493131 -2.977250839)), ((40.161287344 -2.972174441, 40.159654621 -2.972221406, 40.158048597 -2.96653374, 40.160116198 -2.958173884, 40.162237215 -2.963119182, 40.161108044 -2.965363687, 40.162370738 -2.970011705, 40.161287344 -2.972174441)), ((40.167631262 -2.909656585, 40.164987632 -2.919961759, 40.165170738 -2.9158549, 40.16303447 -2.921754742, 40.16222193 -2.930267171, 40.165052505 -2.946771607, 40.16449555 -2.950127994, 40.163145121 -2.95082602, 40.163526593 -2.943408547, 40.160963065 -2.942949874, 40.159479112 -2.935073011, 40.162565266 -2.938633463, 40.162900965 -2.937131802, 40.159860586 -2.930079555, 40.160844797 -2.930567075, 40.161825186 -2.920408279, 40.16680727 -2.908418115, 40.166498271 -2.905352096, 40.169962081 -2.900038948, 40.170355004 -2.902724962, 40.167631262 -2.909656585)), ((40.177603132 -2.978534134, 40.17337254 -2.967205053, 40.169653134 -2.963156604, 40.170892933 -2.961138337, 40.171861886 -2.961245853, 40.171385041 -2.963589054, 40.176695212 -2.972845515, 40.177603132 -2.978534134)), ((40.17052665 -2.87802254, 40.170332101 -2.884028705, 40.169218185 -2.881343406, 40.169782769 -2.878158904, 40.167554943 -2.879282707, 40.166612693 -2.877646592, 40.16855441 -2.875311018, 40.169229622 -2.87165592, 40.170511385 -2.871111898, 40.17052665 -2.87802254)), ((40.182211265 -2.833743214, 40.179933845 -2.833474305, 40.182051041 -2.829121419, 40.182737701 -2.830703657, 40.182211265 -2.833743214)), ((40.185499588 -2.818869645, 40.183775308 -2.815307762, 40.184999849 -2.813940556, 40.185850544 -2.815414085, 40.185499588 -2.818869645)), ((40.181043929 -2.81342896, 40.179750721 -2.812860623, 40.18040686 -2.810797538, 40.181055372 -2.811728476, 40.181043929 -2.81342896)), ((40.09475361 -2.596223672, 40.180441124 -2.718373775, 40.179952839 -2.72599937, 40.182348519 -2.73004925, 40.182134895 -2.733495751, 40.178461273 -2.739767732, 40.17507757 -2.740693667, 40.17798442 -2.730659549, 40.176267771 -2.728798149, 40.178846552 -2.722246769, 40.17241103 -2.721882265, 40.171556519 -2.71927802, 40.167634932 -2.718160181, 40.165262147 -2.722658013, 40.167821864 -2.72957509, 40.166299774 -2.734813858, 40.16409865 -2.73497883, 40.161168903 -2.732521201, 40.158117085 -2.733655018, 40.165964078 -2.741082499, 40.165082868 -2.743634059, 40.166604966 -2.748652784, 40.166917776 -2.746490526, 40.168813718 -2.747148976, 40.170137446 -2.750096512, 40.171205583 -2.749814964, 40.169797929 -2.746316018, 40.172899338 -2.744594315, 40.17132766 -2.756228073, 40.175451434 -2.761868058, 40.170099307 -2.760905655, 40.173143497 -2.762928687, 40.173341866 -2.764665168, 40.172121141 -2.766909673, 40.172189805 -2.765082363, 40.170553267 -2.764658971, 40.16732216 -2.7710933, 40.16523929 -2.765731522, 40.167093269 -2.765015139, 40.167245859 -2.763649126, 40.164030003 -2.760196906, 40.162668135 -2.768691695, 40.163724828 -2.769703688, 40.160051203 -2.771254223, 40.159120401 -2.774448024, 40.161394004 -2.772745393, 40.162977136 -2.774778915, 40.164003309 -2.773773834, 40.166524875 -2.774440628, 40.167482387 -2.780680898, 40.166563025 -2.778474776, 40.165159189 -2.778467148, 40.163946094 -2.782140842, 40.162660515 -2.781762269, 40.162774957 -2.779374011, 40.160997275 -2.782198059, 40.159135665 -2.78087925, 40.158208677 -2.784453055, 40.16166105 -2.789343045, 40.155359048 -2.792542333, 40.155343792 -2.795852947, 40.159143304 -2.794392765, 40.16275971 -2.795944963, 40.164628952 -2.800936034, 40.163885073 -2.802836294, 40.16570472 -2.802644622, 40.166784296 -2.796438441, 40.168619202 -2.79667183, 40.168375058 -2.798734438, 40.170263371 -2.800396776, 40.171438325 -2.805271033, 40.172052504 -2.805975972, 40.171972391 -2.802403121, 40.175657469 -2.811806436, 40.179865167 -2.817057358, 40.181097342 -2.820918429, 40.179418841 -2.820250681, 40.180033021 -2.822185746, 40.178781777 -2.823679541, 40.179842285 -2.826192956, 40.176500546 -2.828855611, 40.177908202 -2.835321642, 40.176775219 -2.840270519, 40.174791539 -2.843022333, 40.176229712 -2.84847494, 40.169561501 -2.863903976, 40.169836162 -2.86030371, 40.172723941 -2.854394093, 40.168993097 -2.859544656, 40.168714622 -2.863931869, 40.163572319 -2.877767223, 40.163438808 -2.885464812, 40.162054044 -2.883693526, 40.159372259 -2.884112391, 40.157369502 -2.882359462, 40.159372256 -2.880421773, 40.15682017 -2.876435544, 40.158719923 -2.872118895, 40.157056682 -2.871243265, 40.157712821 -2.869207357, 40.15572151 -2.869933038, 40.155595625 -2.872339176, 40.157262682 -2.874273286, 40.156015253 -2.87611061, 40.152932914 -2.873481575, 40.151937261 -2.877227263, 40.152490406 -2.879931396, 40.154371089 -2.880734553, 40.15329151 -2.882960702, 40.155725338 -2.887200346, 40.155629971 -2.889787426, 40.153669179 -2.890639696, 40.152868079 -2.89433103, 40.150499104 -2.892804817, 40.148275089 -2.888953759, 40.146108298 -2.889145908, 40.147081067 -2.892093682, 40.143853772 -2.89604058, 40.145433088 -2.895966675, 40.146981889 -2.899266561, 40.143273932 -2.902526638, 40.147546479 -2.904973537, 40.149362313 -2.907504355, 40.149484382 -2.902221962, 40.150533443 -2.901081233, 40.156370045 -2.900215849, 40.158071435 -2.902104664, 40.157525921 -2.899482063, 40.158723758 -2.897789446, 40.160661662 -2.896756233, 40.163282413 -2.89957551, 40.16388133 -2.896490657, 40.166189266 -2.894715315, 40.167474842 -2.891331035, 40.170465624 -2.892160177, 40.166505898 -2.901960189, 40.163251899 -2.904876021, 40.163465533 -2.912944317, 40.162687317 -2.909978186, 40.15975376 -2.914612381, 40.159143394 -2.91229755, 40.156404388 -2.912236999, 40.158613139 -2.909521183, 40.156877417 -2.908898731, 40.15514551 -2.909199112, 40.151216297 -2.913372964, 40.149057135 -2.912615341, 40.150644083 -2.915716165, 40.150632641 -2.918185715, 40.148622257 -2.920485291, 40.150975972 -2.92054608, 40.150235909 -2.924047412, 40.153219059 -2.921041228, 40.152795618 -2.91991099, 40.158475814 -2.918711135, 40.16020772 -2.91714463, 40.157758642 -2.925712845, 40.158849674 -2.934494662, 40.15757554 -2.934170443, 40.157133025 -2.932244199, 40.156530292 -2.933791632, 40.15775484 -2.941080847, 40.155435457 -2.94045911, 40.154947165 -2.938976283, 40.154344433 -2.941807959, 40.152574377 -2.939874087, 40.151693166 -2.941883056, 40.149698041 -2.942717208, 40.153062688 -2.965435451, 40.15102942 -2.972700829, 40.151429975 -2.976834149, 40.157587017 -2.975136283, 40.166956101 -2.977586516, 40.168043313 -2.980082051, 40.169191557 -2.976724949, 40.172769812 -2.974206524, 40.173956207 -2.974919806, 40.168337053 -2.9826143, 40.168237873 -2.987905752, 40.16771906 -2.983329491, 40.163065037 -2.982873203, 40.158720011 -2.983972215, 40.158372869 -2.986668005, 40.155031129 -2.987639474, 40.154165178 -2.990408213, 40.151922092 -2.991134133, 40.152356979 -2.99420921, 40.156522711 -2.995109154, 40.156427344 -2.997759648, 40.153573895 -2.998757579, 40.153531934 -3.001570659, 40.151319367 -3.002450345, 40.165342472 -3.002507787, 40.165529398 -3.005338747, 40.159040469 -3.005345665, 40.152158621 -3.007939903, 40.154840413 -3.015272743, 40.157789234 -3.017548952, 40.156900393 -3.018753094, 40.157094957 -3.031687541, 40.15907101 -3.032833989, 40.159265559 -3.027216887, 40.161424719 -3.025930021, 40.162748447 -3.02743025, 40.165094532 -3.027246682, 40.168905484 -3.020295987, 40.174383494 -3.015514223, 40.176298506 -3.010826628, 40.178968848 -3.011809774, 40.18070075 -3.005892291, 40.17705001 -3.002657967, 40.182878982 -3.002344232, 40.186293199 -2.99588225, 40.193144531 -2.996055798, 40.200629112 -2.992022359, 40.21690675 -2.9959752, 40.226531418 -2.990519247, 40.226642043 -2.986512276, 40.230338553 -2.980230999, 40.238788273 -2.978186264, 40.240501106 -2.978926008, 40.240741438 -2.980562839, 40.241450991 -2.987309701, 40.240394303 -2.991751985, 40.237346303 -2.996313945, 40.233157679 -2.992447394, 40.221640888 -3.001849051, 40.213362831 -3.002039298, 40.20698835 -3.006731664, 40.197935903 -3.017351526, 40.196570217 -3.021061694, 40.197417101 -3.026849487, 40.196188747 -3.029727174, 40.182543309 -3.035223657, 40.177744328 -3.039036816, 40.171900102 -3.04669555, 40.169859204 -3.053110805, 40.17205652 -3.061321422, 40.174345386 -3.064520941, 40.174734499 -3.071349574, 40.166010117 -3.075818326, 40.159509748 -3.081089757, 40.156179458 -3.089206927, 40.159544095 -3.09698223, 40.164217219 -3.130118641, 40.16327116 -3.135320456, 40.153566388 -3.147849875, 40.142415826 -3.169688446, 40.126554016 -3.188275767, 40.122712548 -3.197804721, 40.12141935 -3.21017107, 40.130006418 -3.225556703, 40.12602763 -3.249268587, 40.132512749 -3.255285473, 40.130609185 -3.264387219, 40.12427667 -3.272905851, 40.123975305 -3.274878106, 40.126008582 -3.278919165, 40.119637923 -3.291897244, 40.117555057 -3.292369986, 40.112000753 -3.298472706, 40.088860355 -3.313803058, 40.074581665 -3.319625908, 40.071251371 -3.323510107, 40.053985721 -3.336943056, 40.041351198 -3.342691525, 40.035423045 -3.346768351, 40.027053435 -3.349436493, 40.023581995 -3.353673519, 40.023971103 -3.354704346, 40.025985303 -3.354466901, 40.025268127 -3.355607391, 40.019961781 -3.359059379, 40.018947051 -3.358689626, 40.020476774 -3.357512184, 40.019469673 -3.356563367, 40.014689763 -3.357454736, 40.013160041 -3.359989132, 40.015494683 -3.360638045, 40.015349723 -3.361723703, 40.013106638 -3.363372218, 40.012412346 -3.360378911, 40.010005224 -3.360164356, 40.007617178 -3.361677461, 39.99118315 -3.378184534, 39.976240695 -3.389416365, 39.972883695 -3.389962535, 39.969259658 -3.387677507, 39.972109284 -3.376711261, 39.982802086 -3.368776458, 39.987082263 -3.370798296, 39.992693791 -3.367997607, 39.995943975 -3.36417706, 39.99821758 -3.365223858, 39.996672595 -3.363407277, 39.992934121 -3.366360061, 39.990603294 -3.366109031, 39.99171339 -3.362652518, 39.993410964 -3.36230708, 39.992796783 -3.360091661, 39.991663796 -3.36023756, 39.989733518 -3.35755274, 39.991404388 -3.356908829, 39.993780988 -3.352655116, 39.9902218 -3.347195122, 39.990000539 -3.343251327, 39.984881109 -3.337765825, 39.983553565 -3.334040403, 39.987410294 -3.32698982, 39.991686651 -3.323204554, 39.993285041 -3.323546652, 39.997443136 -3.315102879, 39.989546558 -3.317019356, 39.990309515 -3.319551366, 39.971670537 -3.322844593, 39.967951136 -3.325932787, 39.954191254 -3.331192782, 39.950124709 -3.3339918, 39.948888726 -3.338045497, 39.956407648 -3.343121908, 39.955419625 -3.346325244, 39.947706158 -3.351362095, 39.94798082 -3.349037012, 39.945867434 -3.347799974, 39.94217092 -3.348617439, 39.938718553 -3.351795985, 39.937513091 -3.358391466, 39.938871156 -3.365409623, 39.932824743 -3.367957373, 39.936494557 -3.36981734, 39.934877095 -3.372107379, 39.937230809 -3.370748278, 39.937391031 -3.372693117, 39.939531118 -3.372111904, 39.937082036 -3.375108552, 39.937085853 -3.376872449, 39.943078859 -3.374487523, 39.94444455 -3.37674776, 39.939069542 -3.384821782, 39.936132169 -3.386941369, 39.935510364 -3.390813645, 39.938524034 -3.38966171, 39.94500151 -3.380166367, 39.94785496 -3.379593736, 39.952352584 -3.387061267, 39.960207203 -3.389332941, 39.96126008 -3.388852333, 39.961366891 -3.385442069, 39.96709287 -3.3908458, 39.967417129 -3.393839584, 39.969080371 -3.395664985, 39.968119052 -3.399302442, 39.969950147 -3.403977159, 39.967924508 -3.410003589, 39.961199073 -3.420955773, 39.961275371 -3.423705678, 39.958288407 -3.427209157, 39.95675869 -3.43506242, 39.947698621 -3.453416344, 39.942918717 -3.460214466, 39.935037415 -3.480620507, 39.926664 -3.494043674, 39.925496684 -3.498341727, 39.926664007 -3.500999848, 39.906201619 -3.559781793, 39.89937319 -3.57491307, 39.895615643 -3.580018575, 39.885529408 -3.606026461, 39.87672111 -3.61939575, 39.870495415 -3.634906315, 39.870316119 -3.633739602, 39.865814691 -3.637977344, 39.857666335 -3.637686747, 39.851402475 -3.634336566, 39.845676501 -3.634948059, 39.84119032 -3.627724646, 39.837631136 -3.626886686, 39.83499131 -3.624211402, 39.830512766 -3.623871929, 39.8302381 -3.620832612, 39.827682201 -3.620129344, 39.824126824 -3.611710849, 39.816123426 -3.606996087, 39.804324332 -3.607232826, 39.800349337 -3.605987923, 39.790720852 -3.608086061, 39.787054858 -3.61200602, 39.782107098 -3.612462792, 39.779352826 -3.606992308, 39.77861275 -3.596490224, 39.779772441 -3.595783615, 39.782488551 -3.587079037, 39.784033534 -3.586887604, 39.782240589 -3.585224789, 39.782534325 -3.583985126, 39.788618885 -3.580488081, 39.79057968 -3.582051484, 39.79141893 -3.581399468, 39.789843423 -3.575647437, 39.79152192 -3.57279645, 39.789229242 -3.573060834, 39.787672812 -3.570936245, 39.786314745 -3.562786897, 39.78333159 -3.559505848, 39.780043254 -3.558866233, 39.784079287 -3.56113338, 39.783121781 -3.563305174, 39.784151772 -3.566054363, 39.783716893 -3.571554888, 39.788821065 -3.577140992, 39.787394342 -3.579883031, 39.782664027 -3.583370063, 39.777186014 -3.584604963, 39.780497241 -3.589025548, 39.779432922 -3.591432878, 39.774092238 -3.590161752, 39.773264433 -3.590913417, 39.772314553 -3.589484946, 39.77085731 -3.590146498, 39.77203989 -3.590335545, 39.772127632 -3.5929858, 39.774607236 -3.594033074, 39.774176172 -3.599841131, 39.77703344 -3.603013948, 39.778872169 -3.611045289, 39.780859668 -3.613449756, 39.788248886 -3.615270622, 39.804545596 -3.61451465, 39.805827365 -3.619823503, 39.811278681 -3.624721594, 39.811534277 -3.631949063, 39.807189246 -3.627448139, 39.797202173 -3.630532763, 39.794177057 -3.629902207, 39.792597737 -3.625543365, 39.793219544 -3.62424005, 39.791605893 -3.622839472, 39.786597096 -3.622997534, 39.789107221 -3.627681309, 39.791747045 -3.628601517, 39.792098009 -3.632789668, 39.793822287 -3.63328577, 39.798068138 -3.642590385, 39.801947762 -3.642125508, 39.806842119 -3.645052059, 39.806014314 -3.645731252, 39.807189265 -3.646833835, 39.811351184 -3.648313559, 39.820476122 -3.648061088, 39.82310831 -3.642839008, 39.826720897 -3.63989576, 39.827773771 -3.636475483, 39.830680631 -3.639286176, 39.830753111 -3.637965221, 39.83445344 -3.636749633, 39.838626797 -3.632105186, 39.839412643 -3.634782141, 39.84355549 -3.638152349, 39.851753437 -3.637276234, 39.857204751 -3.640627131, 39.861793924 -3.641482017, 39.86823709 -3.655940286, 39.869175536 -3.668241788, 39.866451797 -3.677389783, 39.860485494 -3.680163771, 39.857071271 -3.678846395, 39.855297403 -3.680756669, 39.851532222 -3.680615542, 39.840789816 -3.676120823, 39.839462276 -3.677108263, 39.839603427 -3.681178646, 39.837467154 -3.681741503, 39.835304181 -3.685208268, 39.838878623 -3.684843041, 39.84151844 -3.678119301, 39.851726778 -3.682786381, 39.853443424 -3.681753645, 39.856109952 -3.68283644, 39.857372639 -3.679985692, 39.860615198 -3.681312366, 39.864586374 -3.679119352, 39.868614777 -3.681657318, 39.870735806 -3.697006241, 39.867073634 -3.706942138, 39.86154222 -3.714446629, 39.862522623 -3.720271372, 39.857838088 -3.72712361, 39.854832062 -3.742350956, 39.850563338 -3.749329305, 39.846889723 -3.761508751, 39.844402496 -3.765826116, 39.843357259 -3.777161636, 39.841034064 -3.779371098, 39.83711631 -3.796317999, 39.830753283 -3.811141505, 39.829437199 -3.824286455, 39.806895755 -3.873409761, 39.787345079 -3.909485858, 39.783522691 -3.923302612, 39.775179802 -3.942542416, 39.767035271 -3.952419194, 39.762617765 -3.953780205, 39.762903875 -3.954965036, 39.75876103 -3.953792844, 39.757475453 -3.95580229, 39.754980592 -3.956510092, 39.754541895 -3.958192934, 39.750921675 -3.958585339, 39.744867629 -3.956998578, 39.736955782 -3.950519682, 39.731969877 -3.954269189, 39.723218788 -3.954919067, 39.715600683 -3.952628084, 39.704579796 -3.946350399, 39.700387356 -3.942617828, 39.698598219 -3.934631545, 39.700616224 -3.924959556, 39.69907124 -3.92419192, 39.693783964 -3.924304926, 39.690648223 -3.926758983, 39.68674571 -3.926789264, 39.677018036 -3.925123836, 39.671627758 -3.92205234, 39.649853035 -3.925697208, 39.644584835 -3.927411047, 39.64162839 -3.931113349, 39.645992497 -3.937098528, 39.650554966 -3.937791542, 39.651527736 -3.940260376, 39.649170209 -3.942704659, 39.650883044 -3.944114534, 39.650448161 -3.945951381, 39.654087456 -3.946545461, 39.654228604 -3.948463361, 39.652462364 -3.948473614, 39.647426867 -3.951978526, 39.647808349 -3.956121381, 39.650654172 -3.958362783, 39.650062886 -3.961655994, 39.643791396 -3.959227455, 39.628539938 -3.965236972, 39.62282159 -3.962898307, 39.623451025 -3.960147687, 39.621528376 -3.957751803, 39.618251489 -3.960585865, 39.613597465 -3.959838497, 39.610396871 -3.961577842, 39.610290054 -3.958357343, 39.603652346 -3.955557859, 39.600421228 -3.951742563, 39.584357234 -3.968010524, 39.584048242 -3.972090682, 39.570326508 -3.977473691, 39.569876368 -3.981345968, 39.57225679 -3.984546677, 39.574492248 -3.984527127, 39.574919507 -3.988525275, 39.570933074 -3.993648422, 39.556261447 -3.986466502, 39.552164382 -3.987591023, 39.544943024 -3.99603623, 39.542669419 -3.995540129, 39.540048665 -3.991615647, 39.546808432 -3.980818897, 39.548986655 -3.968496176, 39.545732644 -3.95923471, 39.541231211 -3.959490992, 39.532678484 -3.954919031, 39.528081675 -3.948200305, 39.531507331 -3.937894179, 39.527463665 -3.932414637, 39.523362782 -3.931440315, 39.522050499 -3.92985784, 39.520471169 -3.916452086, 39.517762676 -3.913169845, 39.50037874 -3.900614707, 39.497582506 -3.895740214, 39.497605388 -3.889624865, 39.496342696 -3.887969917, 39.486668426 -3.883226312, 39.467441945 -3.861579444, 39.460270167 -3.858046176, 39.451187188 -3.855861757, 39.450641673 -3.853220562, 39.437469247 -3.840417486, 39.436118813 -3.836274631, 39.422206325 -3.82803113, 39.420005195 -3.823011453, 39.414973509 -3.822923251, 39.409979974 -3.827087092, 39.404913951 -3.822928268, 39.404685068 -3.826194063, 39.401297551 -3.828439286, 39.398657727 -3.827535766, 39.395674568 -3.821485024, 39.391424908 -3.820184337, 39.383780093 -3.811168185, 39.379934799 -3.809342309, 39.378847587 -3.807180769, 39.381174598 -3.806220743, 39.382662354 -3.800918801, 39.37946557 -3.79778079, 39.378408875 -3.794787006, 39.383501594 -3.790342812, 39.384150103 -3.78824349, 39.38857524 -3.78790687, 39.390494069 -3.78559013, 39.390673357 -3.779148653, 39.385317412 -3.77704314, 39.384638381 -3.77498101, 39.386152842 -3.771216726, 39.390845014 -3.771712348, 39.39267229 -3.770607854, 39.395464694 -3.760148439, 39.391825386 -3.7461548, 39.392531114 -3.741432162, 39.389994287 -3.739207925, 39.377222429 -3.743139813, 39.372556959 -3.741350412, 39.371362933 -3.73920699, 39.362627098 -3.735682304, 39.358743653 -3.730970638, 39.353944648 -3.710309761, 39.350183278 -3.707760113, 39.347978336 -3.704268797, 39.348081326 -3.695077177, 39.353776781 -3.692867712, 39.354631279 -3.681622066, 39.353647063 -3.677515208, 39.356252548 -3.671443959, 39.354772407 -3.662768707, 39.357385522 -3.657203812, 39.354802914 -3.651016946, 39.355966418 -3.648989858, 39.353032851 -3.642640167, 39.349458405 -3.639285215, 39.345220191 -3.638798413, 39.3441902 -3.636537222, 39.347707409 -3.623734605, 39.34642182 -3.612462737, 39.34818805 -3.601913446, 39.346475213 -3.597969891, 39.330746894 -3.591290033, 39.325844906 -3.587003666, 39.323063931 -3.581468099, 39.31957341 -3.578990446, 39.320961978 -3.56794386, 39.31879137 -3.566705153, 39.311936224 -3.569059565, 39.307224978 -3.568690293, 39.303696315 -3.571369398, 39.289440506 -3.571889593, 39.087417712 -3.571714086, 39.15683874 -3.320036768, 39.219557229 -3.072020257, 39.280757588 -3.002100127, 39.505100419 -2.752546531, 39.750928035 -2.474205084, 39.891132288 -2.312093788, 39.973909119 -2.425573675, 40.09475361 -2.596223672)), ((40.173845437 -2.791673602, 40.174776243 -2.793807251, 40.174352806 -2.798031878, 40.1727773 -2.791991385, 40.173219818 -2.796920474, 40.171957128 -2.797256376, 40.171678643 -2.788455725, 40.173845437 -2.791673602)), ((40.171476459 -2.786999598, 40.170267177 -2.788040916, 40.17085084 -2.792219294, 40.169832296 -2.792338016, 40.16889386 -2.790059421, 40.169832292 -2.787561977, 40.168050793 -2.787419179, 40.171770195 -2.785488879, 40.171476459 -2.786999598)), ((40.164766272 -2.784111905, 40.166524884 -2.786525193, 40.165418601 -2.788796637, 40.166601183 -2.791509113, 40.165052386 -2.792424081, 40.161023981 -2.786195971, 40.161603825 -2.783915945, 40.164766272 -2.784111905)), ((40.174043804 -2.790280411, 40.172376744 -2.784782747, 40.172796368 -2.783144962, 40.173212178 -2.783479194, 40.174043804 -2.790280411)), ((40.176874354 -2.77484661, 40.175695592 -2.779623603, 40.172929882 -2.779155871, 40.175153893 -2.77745324, 40.175665071 -2.775281923, 40.174013276 -2.777354783, 40.173296098 -2.776613847, 40.176420394 -2.772847892, 40.176874354 -2.77484661)), ((40.182565985 -2.761444899, 40.176737018 -2.769989278, 40.175810028 -2.769972114, 40.175390402 -2.768624935, 40.177713597 -2.765447821, 40.182565985 -2.761444899)), ((40.183878269 -2.764645611, 40.18309624 -2.764320677, 40.185045586 -2.759796146, 40.184866293 -2.762582287, 40.183878269 -2.764645611)), ((40.18890231 -2.744976453, 40.187593844 -2.745846125, 40.188150802 -2.74833284, 40.186178567 -2.750994063, 40.187464143 -2.748677323, 40.187128441 -2.745059654, 40.18890231 -2.744976453)), ((40.184648845 -2.754161402, 40.185671204 -2.754422684, 40.183378527 -2.755980847, 40.183241194 -2.754886606, 40.184648845 -2.754161402)), ((40.192503452 -2.740007072, 40.195074609 -2.74073704, 40.194628283 -2.744319427, 40.187067414 -2.757930929, 40.185362211 -2.758782959, 40.184545848 -2.757155426, 40.187960066 -2.752077813, 40.18964619 -2.744007846, 40.191576467 -2.746303366, 40.193045153 -2.744628629, 40.192362306 -2.741002139, 40.190348107 -2.742903593, 40.19093558 -2.73982756, 40.192503452 -2.740007072)), ((40.169038786 -2.742427292, 40.167890539 -2.741695653, 40.16885186 -2.739424448, 40.17086606 -2.738499706, 40.170911839 -2.741584082, 40.169038786 -2.742427292)), ((40.173219771 -2.73446341, 40.172666632 -2.73779262, 40.172365264 -2.736725556, 40.169652961 -2.73738854, 40.170022992 -2.734375921, 40.173219771 -2.73446341)), ((40.169179926 -2.732821098, 40.167379353 -2.733039948, 40.168634412 -2.73103956, 40.169023519 -2.731455324, 40.169179926 -2.732821098)), ((40.171762521 -2.724261702, 40.170614274 -2.723702186, 40.17166715 -2.722814635, 40.171823556 -2.723420401, 40.171762521 -2.724261702)), ((40.183718032 -2.743118154, 40.183534928 -2.749495265, 40.179907079 -2.749308842, 40.174604546 -2.751367401, 40.175367497 -2.746400883, 40.177908136 -2.746561083, 40.178888531 -2.744244582, 40.183718032 -2.743118154)))",Kilifi,Kilifi,539588088,-215.91660000000002,2472.0351999999984,106288366738,0.0,0.0,0.0,0.0,0.0,38.46153846153846,49.26739926739926,0.4166666666666667,0.9168313422570847,-0.4166666666666667,-1.0,-0.4544638118946756,0,0,0,0,,,0.0,0.0,0.0,0.0,,0,0,0,0,,,0.0,0.0,0.0,0.0,,0,0,0,0,,,0.0,0.0,0.0,0.0,,0,0,0,0,38.46153846153846,49.26739926739926,0.4166666666666667,0.9168313422570847,-0.4166666666666667,-1.0,-0.4544638118946756,0,0,0,0,-2.81,29.951690821256037,34.6879180716307,6.24833333333333,10.142305679319348,-9.05833333333333,-1.449719925313417,-0.8931236761877243,0.0,0.0,0.0,0.0,-0.5858087104105977,0.0,0.0,0.0,0.0,-1.2637623543702723,-1.4574918149159712,-0.5858087104105977
50,26258568,2022-07-01,Kenya,Kenya_2022-07,54986000,866820,86682.0,0.1,2.0,0.5,0.4,0.1,0.0,0.0,0.4,0.45,0.1,0.05,0.0,,,,,,Kwale,"MULTIPOLYGON (((39.535593519 -4.446336831, 39.534609309 -4.448192034, 39.532240334 -4.447280409, 39.533251244 -4.443235772, 39.537813712 -4.441920771, 39.535593519 -4.446336831)), ((39.364585098 -4.65658372, 39.366236897 -4.657994072, 39.377788032 -4.658178099, 39.381408254 -4.660139145, 39.390590417 -4.661744496, 39.395435179 -4.661533747, 39.398151294 -4.657877218, 39.400211271 -4.657713198, 39.40521627 -4.6700135, 39.402278898 -4.673127439, 39.396884804 -4.669891928, 39.394756161 -4.670562302, 39.388408375 -4.668946935, 39.368758479 -4.671653237, 39.356856384 -4.670799792, 39.352980572 -4.669363696, 39.351809431 -4.665365311, 39.361064058 -4.653907961, 39.364585098 -4.65658372)), ((39.282041038 -4.669739497, 39.280133653 -4.670861871, 39.275758106 -4.669787184, 39.272446878 -4.666450114, 39.271119334 -4.664551048, 39.271229951 -4.655477199, 39.274892135 -4.656127063, 39.288106523 -4.665059765, 39.286065623 -4.668245223, 39.282041038 -4.669739497)), ((39.320961978 -3.56794386, 39.31957341 -3.578990446, 39.323063931 -3.581468099, 39.325844906 -3.587003666, 39.330746894 -3.591290033, 39.346475213 -3.597969891, 39.34818805 -3.601913446, 39.34642182 -3.612462737, 39.347707409 -3.623734605, 39.3441902 -3.636537222, 39.345220191 -3.638798413, 39.349458405 -3.639285215, 39.353032851 -3.642640167, 39.355966418 -3.648989858, 39.354802914 -3.651016946, 39.357385522 -3.657203812, 39.354772407 -3.662768707, 39.356252548 -3.671443959, 39.353647063 -3.677515208, 39.354631279 -3.681622066, 39.353776781 -3.692867712, 39.348081326 -3.695077177, 39.347978336 -3.704268797, 39.350183278 -3.707760113, 39.353944648 -3.710309761, 39.358743653 -3.730970638, 39.362627098 -3.735682304, 39.371362933 -3.73920699, 39.372556959 -3.741350412, 39.377222429 -3.743139813, 39.389994287 -3.739207925, 39.392531114 -3.741432162, 39.391825386 -3.7461548, 39.395464694 -3.760148439, 39.39267229 -3.770607854, 39.390845014 -3.771712348, 39.386152842 -3.771216726, 39.384638381 -3.77498101, 39.385317412 -3.77704314, 39.390673357 -3.779148653, 39.390494069 -3.78559013, 39.38857524 -3.78790687, 39.384150103 -3.78824349, 39.383501594 -3.790342812, 39.378408875 -3.794787006, 39.37946557 -3.79778079, 39.382662354 -3.800918801, 39.381174598 -3.806220743, 39.378847587 -3.807180769, 39.379934799 -3.809342309, 39.383780093 -3.811168185, 39.391424908 -3.820184337, 39.395674568 -3.821485024, 39.398657727 -3.827535766, 39.401297551 -3.828439286, 39.404685068 -3.826194063, 39.404913951 -3.822928268, 39.409979974 -3.827087092, 39.414973509 -3.822923251, 39.420005195 -3.823011453, 39.422206325 -3.82803113, 39.436118813 -3.836274631, 39.437469247 -3.840417486, 39.450641673 -3.853220562, 39.451187188 -3.855861757, 39.460270167 -3.858046176, 39.467441945 -3.861579444, 39.486668426 -3.883226312, 39.496342696 -3.887969917, 39.497605388 -3.889624865, 39.497582506 -3.895740214, 39.50037874 -3.900614707, 39.517762676 -3.913169845, 39.520471169 -3.916452086, 39.522050499 -3.92985784, 39.523362782 -3.931440315, 39.527463665 -3.932414637, 39.531507331 -3.937894179, 39.528081675 -3.948200305, 39.532678484 -3.954919031, 39.541231211 -3.959490992, 39.545732644 -3.95923471, 39.548986655 -3.968496176, 39.546808432 -3.980818897, 39.540048665 -3.991615647, 39.542669419 -3.995540129, 39.544943024 -3.99603623, 39.552164382 -3.987591023, 39.556261447 -3.986466502, 39.570933074 -3.993648422, 39.568144492 -4.010739075, 39.565119381 -4.014848082, 39.563746062 -4.013998915, 39.557482208 -4.018010659, 39.553503406 -4.02460805, 39.556486559 -4.023873309, 39.557337256 -4.026686388, 39.554232033 -4.028796201, 39.552870156 -4.026210076, 39.551500652 -4.026482326, 39.550295186 -4.028084353, 39.5501426 -4.032888044, 39.548219955 -4.033459244, 39.54538939 -4.030973248, 39.546118006 -4.025328016, 39.543146296 -4.024606154, 39.53879745 -4.020465687, 39.537019768 -4.022637959, 39.535707484 -4.021390669, 39.534296019 -4.022259865, 39.532487812 -4.018353024, 39.530126467 -4.018246224, 39.53450202 -4.025371893, 39.537885727 -4.027495527, 39.536455191 -4.03181146, 39.538515176 -4.038061262, 39.545213918 -4.038047905, 39.54814748 -4.039674243, 39.548044484 -4.041773086, 39.54398175 -4.041911361, 39.538801292 -4.045424855, 39.540269982 -4.047595216, 39.546919134 -4.049381753, 39.548029231 -4.04804244, 39.550882684 -4.049569128, 39.555914369 -4.049031777, 39.559805441 -4.051119173, 39.562738995 -4.045399559, 39.563013655 -4.04154564, 39.566256209 -4.03879311, 39.570051899 -4.02982558, 39.572359837 -4.029027903, 39.573626342 -4.030040133, 39.575808397 -4.033620847, 39.566328692 -4.040828539, 39.563662173 -4.04799522, 39.564726498 -4.051025239, 39.569247009 -4.054676516, 39.571436702 -4.066752254, 39.57623951 -4.074320386, 39.573008402 -4.079461173, 39.56753039 -4.081247247, 39.564097089 -4.07722407, 39.56035098 -4.0761408, 39.557848482 -4.070199483, 39.556002134 -4.071837746, 39.547537153 -4.073263844, 39.544523481 -4.072370337, 39.544191597 -4.07402624, 39.535860134 -4.076383991, 39.533910788 -4.078791322, 39.529329241 -4.075329809, 39.527570633 -4.077800553, 39.542852623 -4.084159049, 39.544546374 -4.077011441, 39.545423774 -4.078693567, 39.552668033 -4.082125993, 39.554808124 -4.085399175, 39.557196172 -4.085090211, 39.560530281 -4.082464507, 39.563921618 -4.084796022, 39.565493307 -4.087680619, 39.575747422 -4.090568067, 39.575846608 -4.092395615, 39.577559443 -4.093769254, 39.577395411 -4.096845046, 39.578223218 -4.098192463, 39.581721366 -4.099067375, 39.584792266 -4.105949403, 39.58336936 -4.1097771, 39.575720745 -4.114930289, 39.575942003 -4.11601547, 39.577803611 -4.114286139, 39.579821627 -4.115786605, 39.577361104 -4.120609847, 39.59674015 -4.117511147, 39.60081432 -4.110551393, 39.600825759 -4.105982761, 39.599154885 -4.102835928, 39.601722224 -4.099323867, 39.606891239 -4.096705791, 39.607623666 -4.088002408, 39.609748495 -4.088217916, 39.610603011 -4.093744901, 39.614333858 -4.093162733, 39.613593795 -4.095696412, 39.631076922 -4.114227911, 39.632389211 -4.120152065, 39.638492849 -4.120617408, 39.633098766 -4.127397412, 39.630657324 -4.139168484, 39.627006592 -4.144029393, 39.643722939 -4.153677284, 39.634063952 -4.171117433, 39.630451372 -4.180347675, 39.62291339 -4.189336664, 39.61378084 -4.204994084, 39.607219458 -4.230591206, 39.60393113 -4.236763297, 39.601009034 -4.254505249, 39.598628619 -4.25800825, 39.599273324 -4.265226421, 39.598025901 -4.272500855, 39.575282278 -4.322508372, 39.565272343 -4.348822595, 39.559245025 -4.369904963, 39.551592608 -4.386094481, 39.545504257 -4.409502169, 39.543539668 -4.425922448, 39.539667686 -4.437414597, 39.535578251 -4.438946061, 39.533861601 -4.437744068, 39.536905774 -4.423222854, 39.536524291 -4.418582227, 39.53352969 -4.415472109, 39.534967857 -4.413435724, 39.533087168 -4.408805589, 39.531053892 -4.40711536, 39.529074026 -4.408600096, 39.527159008 -4.407091048, 39.522760577 -4.409156521, 39.520803596 -4.407891591, 39.521223216 -4.403178014, 39.515043285 -4.405498096, 39.511327694 -4.404270358, 39.511697732 -4.407843445, 39.51807223 -4.41742841, 39.524370452 -4.444228465, 39.519533335 -4.457439454, 39.507890639 -4.451449993, 39.500776079 -4.44567413, 39.500959193 -4.450034403, 39.498224009 -4.457381788, 39.500798985 -4.460166256, 39.500974468 -4.463088044, 39.498353721 -4.465270329, 39.497174959 -4.467414946, 39.49783873 -4.468427654, 39.494310069 -4.472148074, 39.491834281 -4.472050335, 39.479977979 -4.484035497, 39.472520116 -4.500677015, 39.466946752 -4.517199333, 39.463894951 -4.532688914, 39.4619189 -4.533594823, 39.462964154 -4.539085094, 39.461545068 -4.54749954, 39.462010477 -4.552890639, 39.458912887 -4.557949895, 39.454251239 -4.562267738, 39.455357526 -4.564465276, 39.455483424 -4.573403239, 39.45427796 -4.576416573, 39.450859926 -4.579621104, 39.450219051 -4.585302571, 39.444905071 -4.585161447, 39.442345366 -4.591676351, 39.437058087 -4.58981591, 39.436909308 -4.586785414, 39.435768691 -4.587130137, 39.435364322 -4.585257771, 39.436005196 -4.578761941, 39.434185544 -4.574429801, 39.43338825 -4.568939053, 39.434269461 -4.567527267, 39.432320106 -4.563140773, 39.42876855 -4.561360909, 39.426895492 -4.558493954, 39.427074784 -4.556196288, 39.428146735 -4.55590592, 39.42972987 -4.559107584, 39.432377324 -4.560381572, 39.430847597 -4.557967093, 39.433239455 -4.553415147, 39.435097255 -4.557611877, 39.446770466 -4.560426849, 39.447640232 -4.558563064, 39.446617868 -4.555252691, 39.449070765 -4.553134296, 39.450104565 -4.549768136, 39.449177574 -4.548692492, 39.445217839 -4.548712999, 39.449082202 -4.547163416, 39.446713226 -4.545265306, 39.448334504 -4.544413752, 39.452214117 -4.534614218, 39.454857753 -4.533535709, 39.457940093 -4.535587346, 39.460278546 -4.532971657, 39.457249608 -4.526559747, 39.46025565 -4.526792895, 39.460091612 -4.524350284, 39.458500849 -4.522451696, 39.450310528 -4.520647521, 39.453617933 -4.518012758, 39.452114912 -4.517778655, 39.450920883 -4.513663455, 39.446785663 -4.508916508, 39.445488636 -4.505362017, 39.444096244 -4.505688622, 39.445896825 -4.512734668, 39.442013387 -4.514139305, 39.440884223 -4.521503853, 39.439800825 -4.519830787, 39.436665082 -4.520276115, 39.436558265 -4.517444441, 39.433803998 -4.517066348, 39.433044855 -4.51469621, 39.431423577 -4.51517682, 39.430344 -4.518859571, 39.427765211 -4.517440638, 39.428543422 -4.514717194, 39.426201152 -4.515505813, 39.425030021 -4.518971147, 39.428348893 -4.534728201, 39.426719987 -4.537090236, 39.427379945 -4.539007897, 39.425445856 -4.539886152, 39.424953747 -4.537154605, 39.422241444 -4.53798852, 39.421261044 -4.535664154, 39.419410879 -4.535909228, 39.417514934 -4.533386518, 39.416679501 -4.535693721, 39.413734497 -4.537206589, 39.413227142 -4.544760423, 39.415874595 -4.545437466, 39.413768842 -4.547220674, 39.412353567 -4.551754025, 39.409496301 -4.551249105, 39.408336613 -4.554343493, 39.406253741 -4.549523117, 39.405067348 -4.550898667, 39.401668385 -4.550855283, 39.398647088 -4.554249577, 39.394897164 -4.553084299, 39.392116195 -4.554054099, 39.391017535 -4.549856891, 39.392699849 -4.548689223, 39.392554885 -4.546771084, 39.388454005 -4.547877249, 39.384543861 -4.547101512, 39.381568334 -4.544253153, 39.376918128 -4.547331335, 39.375460896 -4.556659317, 39.380431547 -4.557353045, 39.384036512 -4.560445044, 39.383841962 -4.562987305, 39.386752636 -4.565003183, 39.386558086 -4.567689912, 39.389018622 -4.573026177, 39.389075854 -4.582136263, 39.388488381 -4.583339689, 39.386973915 -4.582906286, 39.38663822 -4.587375268, 39.390765818 -4.597586741, 39.392108618 -4.597603904, 39.393161493 -4.595386815, 39.394172409 -4.596046695, 39.391914069 -4.601259, 39.392345145 -4.606116567, 39.397147958 -4.617232039, 39.398551806 -4.626368346, 39.401065746 -4.62961435, 39.404712682 -4.639798646, 39.404106141 -4.645905413, 39.397003035 -4.648252674, 39.38445243 -4.649082786, 39.36072453 -4.642663274, 39.350245341 -4.638525199, 39.341841395 -4.638963382, 39.331774211 -4.642378664, 39.32518228 -4.641341647, 39.322851452 -4.639777769, 39.322172418 -4.636738213, 39.320677028 -4.637417645, 39.320631247 -4.634269381, 39.319727148 -4.636667174, 39.318945116 -4.634161627, 39.318540755 -4.637807188, 39.317384878 -4.637608843, 39.317171245 -4.63303163, 39.315904745 -4.636496964, 39.312151007 -4.636670521, 39.311975525 -4.634164497, 39.308721521 -4.632944864, 39.307889898 -4.630828381, 39.310110084 -4.620613562, 39.314725955 -4.616251377, 39.316251866 -4.617390434, 39.318124918 -4.616231347, 39.319154913 -4.620989741, 39.320028492 -4.617515349, 39.321901545 -4.616881212, 39.320646481 -4.613968961, 39.323637263 -4.613071633, 39.324877067 -4.615694947, 39.326383899 -4.612147604, 39.320814325 -4.609011266, 39.318826828 -4.609084218, 39.320253549 -4.605691356, 39.319097672 -4.604949945, 39.308721493 -4.610120302, 39.315034933 -4.60127006, 39.315618589 -4.597759432, 39.318098192 -4.597749416, 39.319196849 -4.59911495, 39.321394157 -4.5982181, 39.315027294 -4.593525987, 39.315187503 -4.584117428, 39.318609352 -4.58095867, 39.317277991 -4.577458057, 39.318479643 -4.575467444, 39.320741803 -4.575222369, 39.3190633 -4.572572355, 39.32530808 -4.569330632, 39.32969507 -4.569265306, 39.330828055 -4.566397394, 39.33154142 -4.569002113, 39.337091915 -4.567769597, 39.333563242 -4.561945096, 39.327875416 -4.563793153, 39.32731464 -4.560274421, 39.324896076 -4.562392339, 39.322782692 -4.562546822, 39.319982644 -4.559345637, 39.317491596 -4.558849298, 39.314374921 -4.554327396, 39.311933465 -4.553885412, 39.309949784 -4.555631907, 39.313322046 -4.55662554, 39.321104196 -4.56669111, 39.32290477 -4.567242281, 39.323000142 -4.568952061, 39.321390308 -4.569821256, 39.316297584 -4.56894587, 39.314477939 -4.570837311, 39.30930129 -4.569853693, 39.301847224 -4.571512465, 39.29588473 -4.569388836, 39.293748461 -4.572655348, 39.288487889 -4.574177278, 39.284100904 -4.577752755, 39.282441483 -4.582783401, 39.279027265 -4.586583923, 39.277669204 -4.58485698, 39.277768384 -4.582251306, 39.274205391 -4.586567718, 39.272084376 -4.586007966, 39.274468607 -4.583609693, 39.272568847 -4.582027219, 39.272690918 -4.580353675, 39.267315902 -4.580617825, 39.262379589 -4.584229062, 39.260327236 -4.580530104, 39.252487872 -4.577230705, 39.249264383 -4.572807976, 39.246086674 -4.57113539, 39.243679547 -4.566947719, 39.244186915 -4.569399388, 39.241779795 -4.571426716, 39.242416871 -4.57886278, 39.24596843 -4.582416792, 39.24496133 -4.583213037, 39.250084573 -4.584360195, 39.251831743 -4.587055505, 39.253418695 -4.59214813, 39.252373451 -4.595803704, 39.253655213 -4.594210737, 39.256245446 -4.595530974, 39.257233472 -4.594526369, 39.267254891 -4.601190018, 39.267605852 -4.602609907, 39.269101242 -4.60204872, 39.269131762 -4.603206373, 39.265572577 -4.602656158, 39.264138226 -4.60572337, 39.262268987 -4.605697149, 39.262074429 -4.60194288, 39.260525631 -4.602151241, 39.257290698 -4.598579111, 39.257119036 -4.600994545, 39.255680868 -4.601962913, 39.257065633 -4.603789983, 39.256493419 -4.605970358, 39.253433969 -4.604596245, 39.253536972 -4.607889454, 39.255444361 -4.609969224, 39.254856887 -4.610910414, 39.253586567 -4.610024534, 39.252987651 -4.613453154, 39.250824673 -4.611888798, 39.249710762 -4.61482966, 39.246422428 -4.615436621, 39.249756536 -4.611970808, 39.248169586 -4.608244195, 39.249348348 -4.605999928, 39.247002261 -4.605087349, 39.247727065 -4.602354847, 39.244026736 -4.604038885, 39.246285084 -4.605865477, 39.244007665 -4.606563028, 39.245625132 -4.609086215, 39.241158031 -4.608346237, 39.241657774 -4.614036286, 39.238117663 -4.613594303, 39.237152527 -4.614879261, 39.23889588 -4.616525149, 39.236744352 -4.619890834, 39.234791184 -4.617041998, 39.235657136 -4.615114799, 39.234646219 -4.614083974, 39.227585075 -4.615850024, 39.228458659 -4.616700145, 39.226013391 -4.618212059, 39.226177428 -4.619369712, 39.23278462 -4.622389235, 39.230209648 -4.622887487, 39.229770952 -4.625818812, 39.226871722 -4.623955984, 39.226719135 -4.626977899, 39.222896736 -4.630959603, 39.222984481 -4.635464821, 39.229091931 -4.632712764, 39.232437489 -4.633471338, 39.22988922 -4.633698294, 39.227733876 -4.636187157, 39.22545264 -4.635554455, 39.222015531 -4.637355784, 39.21812446 -4.636208148, 39.217159324 -4.637764402, 39.215343492 -4.63754794, 39.214786537 -4.638995484, 39.216255227 -4.640849731, 39.215103166 -4.641519627, 39.214778915 -4.6456539, 39.20956031 -4.649934555, 39.213645938 -4.654447397, 39.213691721 -4.658744733, 39.215045965 -4.658309896, 39.215339699 -4.655179749, 39.217697227 -4.653577721, 39.220276013 -4.652346638, 39.220913082 -4.653848059, 39.218399157 -4.663248515, 39.215007826 -4.665890906, 39.213607803 -4.664986908, 39.215065041 -4.659893326, 39.210239354 -4.662156192, 39.214237247 -4.669763421, 39.219986115 -4.67250259, 39.219841151 -4.670485279, 39.221916386 -4.668756901, 39.225147497 -4.666855923, 39.225094092 -4.668394058, 39.220951253 -4.673388947, 39.218753951 -4.679622543, 39.212970751 -4.676964906, 39.205955384 -4.679074724, 39.207988654 -4.67541009, 39.204421838 -4.673674567, 39.207404988 -4.670615936, 39.206775548 -4.668625802, 39.202411445 -4.667948284, 39.198180866 -4.672165525, 39.197639166 -4.669994209, 39.194018944 -4.668909986, 39.191405814 -4.661247924, 38.446963456 -4.140393708, 38.832759079 -4.002451762, 38.92774692 -3.967228084, 38.946431678 -3.962045799, 39.033358729 -3.758138879, 38.932480785 -3.698146703, 38.969468776 -3.636358071, 39.05649145 -3.687444957, 39.087310899 -3.571741263, 39.289440506 -3.571889593, 39.303696315 -3.571369398, 39.307224978 -3.568690293, 39.311936224 -3.569059565, 39.31879137 -3.566705153, 39.320961978 -3.56794386)))",Kwale,Kwale,373370070,-178.51979999999998,1696.6253000000004,73185395449,0.0,0.0,0.0,0.0,0.0,50.0,44.44444444444442,0.08333333333333333,0.3806934938134402,-0.08333333333333333,-1.0,-0.21889875894272845,0,0,0,0,,,0.0,0.0,0.0,0.0,,0,0,0,0,,,0.0,0.0,0.0,0.0,,0,0,0,0,,,0.0,0.0,0.0,0.0,,0,0,0,0,50.0,44.444444444444436,0.08333333333333333,0.38069349381344103,-0.08333333333333333,-1.0,-0.21889875894272798,0,0,0,0,-3.1,32.5808878856283,35.32637617397601,6.626666666666655,9.994650706934355,-9.726666666666656,-1.4678068410462786,-0.9731872530490966,0.0,0.0,0.0,0.0,-0.6065977926376372,0.0,0.0,0.0,0.0,-1.2956853503899455,-1.4289034316314118,-0.6065977926376372
51,26258568,2022-07-01,Kenya,Kenya_2022-07,54986000,518560,129640.0,0.25,3.0,0.3,0.45,0.2,0.05,0.0,0.3,0.4,0.2,0.1,0.0,,,,,,Laikipia,"POLYGON ((36.831728273 0.813093651, 36.83352503 0.800347073, 36.835485824 0.797400778, 36.843302299 0.792170276, 36.843241261 0.785018888, 36.857832775 0.760136685, 36.8658438 0.736814915, 36.879065813 0.735980462, 36.881884931 0.7283782640000001, 36.887008176 0.730351658, 36.892970672 0.735498896, 36.902396983 0.7375647870000001, 36.904685849 0.735314613, 36.909835794 0.723798465, 36.911464703 0.72297647, 36.915676216 0.724397914, 36.917472976 0.728593948, 36.927151058 0.704168696, 36.926330878 0.6848288219999999, 36.927353237 0.674965127, 36.925056741 0.670416326, 36.923301942 0.66019885, 36.920143307 0.659230122, 36.914279997 0.659878624, 36.914184627 0.656813548, 36.912654902 0.655077001, 36.913467448 0.648685149, 36.91247942 0.645059183, 36.909038492 0.64288786, 36.910324071 0.6384490779999999, 36.910072295 0.631559571, 36.906783957 0.629279836, 36.89882252 0.629303677, 36.894900929 0.620830497, 36.891612592 0.620955775, 36.88854551 0.607103514, 36.888110626 0.609906054, 36.885322025 0.609425803, 36.884757438 0.6109173369999999, 36.883407007 0.608936791, 36.881198252 0.61110579, 36.880683256 0.604424226, 36.878791127 0.602913621, 36.876017785 0.603138549, 36.872107639 0.596826322, 36.868796413 0.595848595, 36.867148429 0.589510203, 36.869093964 0.584881955, 36.868422562 0.57541573, 36.86556148 0.571906758, 36.863795237 0.563163414, 37.364835506 0.508703962, 37.361802757 0.495915551, 37.359746593 0.493491348, 37.36301204 0.48533482, 37.360154772 0.479030729, 37.361249613 0.475531115, 37.358213051 0.4713251, 37.358487714 0.466125117, 37.350037985 0.458137644, 37.351434193 0.453932702, 37.348855404 0.44797241, 37.34975569 0.439896729, 37.352765547 0.432816267, 37.354184641 0.411934982, 37.356671874 0.408128133, 37.362840366 0.407252201, 37.366040963 0.405426017, 37.371461757 0.389094307, 37.370908614 0.383071109, 37.377332696 0.379879921, 37.379049344 0.375286063, 37.378313092 0.368032884, 37.379308748 0.364207589, 37.381025397 0.361078773, 37.383279929 0.361449987, 37.38402381 0.357344278, 37.391638101 0.354903804, 37.392862644 0.352570728, 37.392706237 0.335342377, 37.39384304 0.334067398, 37.392526942 0.325511765, 37.396067052 0.309676728, 37.394266478 0.305055068, 37.397043634 0.300397946, 37.392973268 0.296689407, 37.39573135 0.293813888, 37.39514006 0.290630419, 37.388891457 0.286125723, 37.387170993 0.282254747, 37.38951708 0.279822319, 37.387674544 0.27858307, 37.386976439 0.275797516, 37.38136109 0.273680519, 37.379407925 0.27504585, 37.378965411 0.27324607, 37.37635229 0.27282068, 37.374559345 0.271219693, 37.373041064 0.260864487, 37.36638428 0.259299052, 37.36503385 0.25762583, 37.366395724 0.254940046, 37.363523198 0.253347999, 37.367025162 0.247985549, 37.366990829 0.24428671, 37.36382838 0.241374269, 37.364484521 0.236038609, 37.357472963 0.235232886, 37.358907318 0.229680285, 37.355699092 0.223765409, 37.355805905 0.216512468, 37.352254349 0.21209881, 37.35180802 0.208635076, 37.348855384 0.204040638, 37.349263564 0.192709092, 37.345097829 0.190845719, 37.337147837 0.190790665, 37.341180054 0.186169824, 37.341191498 0.180770855, 37.337021949 0.180526289, 37.333767945 0.177568762, 37.324375968 0.180217625, 37.315117507 0.178154848, 37.313240638 0.1745102, 37.30657241 0.172963166, 37.303150556 0.167835284, 37.292648479 0.160039022, 37.28318402 0.148915016, 37.28121941 0.134807408, 37.282035772 0.127590958, 37.262233271 0.109883112, 37.26072262 0.105542314, 37.252932848 0.094436933, 37.24814912 0.107205508, 37.235133105 0.101371993, 37.233576676 0.079614425, 37.230654558 0.07669341, 37.220057111 0.070435235, 37.215277197 0.070371747, 37.208536488 0.065397885, 37.203943499 0.065614745, 37.202375626 0.063498656, 37.202314589 0.059103828, 37.199865503 0.061780423, 37.198396815 0.059619135, 37.188680581 0.054581968, 37.179193234 0.051814589, 37.152966651 0.049209514, 37.15017042 0.04229185, 37.138615465 0.040067089, 37.125950409 0.034975873, 37.123409769 0.036540161, 37.109710909 0.036322833, 37.104221447 0.0329047, 37.102676462 0.029341986, 37.092693194 0.02618604, 37.088104019 0.019992009, 37.094009292 0.018210756, 37.093829997 0.015597531, 37.097705809 0.01270403, 37.098213175 0.010280693, 37.099296571 0.010904622, 37.101169626 0.009656794999999999, 37.101829582 0.006184541, 37.107433488 -0.002622696, 37.109585021 -0.003888628, 37.111454261 -0.011927313, 37.11581455 -0.012931044, 37.117565532 -0.019342131, 37.121410826 -0.021277251, 37.120953053 -0.02678409, 37.118950296 -0.028818608, 37.115146964 -0.040573682, 37.107349563 -0.028610459, 37.102779461 -0.028040721, 37.100833926 -0.026449243, 37.09472647 -0.017804719, 37.090122035 -0.016737689, 37.078422118 -0.002441853, 37.079787808 0.003218577, 37.078292416 0.006826415, 37.079280442 0.01501867, 37.072059072 0.003073875, 37.07124271 -0.001112655, 37.069690096 -0.002948216, 37.062609872 -0.000949905, 37.028238743 -0.048329723, 37.000821949 -0.06416113599999999, 36.991185825 -0.066864256, 36.985101258 -0.07002860700000001, 36.980084827 -0.070408151, 36.979302798 -0.07745157599999999, 36.980248863 -0.08709909, 36.983228203 -0.098410408, 36.986119804 -0.134667832, 36.995965741 -0.145346957, 37.003515183 -0.147165019, 37.008180653 -0.146812802, 37.014841252 -0.155213281, 37.014841253 -0.161551623, 37.019079469 -0.170259381, 37.020857155 -0.178731826, 37.017412413 -0.19523288, 37.015814022 -0.197230947, 37.0165312 -0.205594773, 37.013971486 -0.208840477, 37.011056998 -0.220214753, 37.011564363 -0.226562199, 37.01494044 -0.231924498, 37.013738786 -0.24291923, 37.008394286 -0.242999824, 37.002641604 -0.24993404, 37.002588197 -0.253225234, 36.995034941 -0.254824462, 36.988973263 -0.258838059, 36.980023798 -0.256738972, 36.971642736 -0.25916985, 36.970231269 -0.260788061, 36.968751136 -0.267487649, 36.970418193 -0.268997896, 36.969815459 -0.271014081, 36.963952149 -0.273309638, 36.959870339 -0.282992471, 36.879054309 -0.258648421, 36.874247691 -0.253286271, 36.856505168 -0.253111587, 36.842836824 -0.215200925, 36.840734881 -0.200518261, 36.853567788 -0.200375281, 36.853682231 -0.196297839, 36.856024503 -0.195945532, 36.856570016 -0.193251405, 36.860091054 -0.189979, 36.867156019 -0.187484544, 36.867522238 -0.181644094, 36.870379505 -0.18195182, 36.872950663 -0.174963383, 36.872088524 -0.171138924, 36.866179436 -0.168100492, 36.86533637 -0.160334164, 36.860037646 -0.152793435, 36.862910172 -0.145994896, 36.862555398 -0.143165031, 36.849287607 -0.134430274, 36.832575073 -0.137168178, 36.830694388 -0.128362274, 36.83218978 -0.104331902, 36.792485591 -0.107547644, 36.769291753 -0.114226866, 36.766110229 -0.10955273, 36.753735096 -0.121909957, 36.742019919 -0.122596057, 36.717849497 -0.128560505, 36.712134963 -0.137672392, 36.70485637 -0.137409545, 36.657133521 -0.152962332, 36.636434544 -0.107255939, 36.595719437 -0.102443913, 36.574333802 -0.104123616, 36.569893402 -0.100155099, 36.568592563 -0.096729173, 36.565140191 -0.09475840200000001, 36.562668216 -0.089153994, 36.556144948 -0.092606487, 36.562054036 -0.076761365, 36.553306754 -0.069213289, 36.554657185 -0.063482601, 36.556782015 -0.062217229, 36.556217428 -0.056215275, 36.560860011 -0.051596491, 36.561737409 -0.044681616, 36.574616094 -0.036347901, 36.582516496 -0.024606139, 36.585896387 -0.022906815, 36.651388465 -0.017393573, 36.637384422 0.012590906, 36.61049025 0.002321829, 36.604462903 0.001535381, 36.595067109 0.0217111, 36.591012002 0.043748806, 36.578461389 0.06645485299999999, 36.563125988 0.061130032, 36.52975051 0.046738541, 36.52369646 0.045264984, 36.511821062 0.085107353, 36.466467188 0.136542, 36.446328982 0.093101793, 36.445058662 0.093616881, 36.445165475 0.088980246, 36.42418039 0.08236282, 36.402371313 0.055500479, 36.41351809 0.048469385, 36.428662752 0.045704322, 36.426598958 0.041338816, 36.420602129 0.037524525, 36.408009552 0.038726179, 36.401860133 0.035824786, 36.402180574 0.028467885, 36.3992699 0.027012702, 36.393776622 0.029805287, 36.391907381 0.033872293, 36.389759662 0.029244833, 36.390755319 0.027202295, 36.354163983 0.015407311, 36.34876226 0.031593547, 36.34482541 0.028927359, 36.329543416 0.024616101, 36.330134706 0.018823111, 36.305800247 0.014557088, 36.30146666 0.003287594, 36.296076381 0.0019591, 36.294611507 0.010815534, 36.280237429 0.001416813, 36.274469487 -0.000372539, 36.273077094 -0.002432983, 36.262330868 -0.002531146, 36.266454642 0.018966563, 36.270139716 0.019355222, 36.262582643 0.035260098, 36.260556997 0.045227767, 36.259015828 0.046131394, 36.257932431 0.056379202, 36.261129214 0.060617684, 36.272619321 0.087358835, 36.286787402 0.108371215, 36.28980489 0.109708989, 36.286241889 0.126870151, 36.278318599 0.14756416, 36.263021346 0.173724205, 36.259282865 0.174681565, 36.257077925 0.179109304, 36.254754726 0.18088018, 36.265272065 0.183945344, 36.267477006 0.189196165, 36.270368607 0.190253964, 36.278158381 0.19705109, 36.282820038 0.198886392, 36.288698609 0.204788635, 36.292540089 0.210808049, 36.291624543 0.214775205, 36.296698196 0.227166118, 36.296034425 0.231250804, 36.297644262 0.239592463, 36.297220822 0.244951442, 36.29495103 0.248014581, 36.296694383 0.256392431, 36.300871564 0.262963378, 36.271211678 0.280298835, 36.250260926 0.29682225, 36.243279886 0.308468917, 36.250096892 0.317073782, 36.266607246 0.325482623, 36.261487816 0.333442743, 36.260907973 0.361285356, 36.2590044 0.37082775, 36.260270906 0.372319253, 36.257871412 0.374848829, 36.257066494 0.379005556, 36.25842837 0.382250234, 36.256082282 0.384436399, 36.256276837 0.392217244, 36.253701863 0.398542196, 36.244595993 0.410494788, 36.244420514 0.420299657, 36.240773588 0.424148018, 36.238683091 0.428990973, 36.236977886 0.430716375, 36.235139164 0.430525925, 36.281420045 0.532381675, 36.294561954 0.563972496, 36.278036352 0.630721405, 36.288790209 0.643812882, 36.291708513 0.6451248429999999, 36.347907803 0.659795636, 36.40545753 0.715599828, 36.469339795 0.820915725, 36.475199295 0.836402384, 36.489611522 0.845820871, 36.488806603 0.839863913, 36.485293192 0.830741752, 36.483740575 0.81400136, 36.499625303 0.810920129, 36.669947433 0.810390077, 36.674506091 0.814180358, 36.688201138 0.814965756, 36.703391576 0.813374449, 36.708598745 0.811479069, 36.736305467 0.824241554, 36.743412396 0.8331321699999999, 36.74994711 0.845611562, 36.756581008 0.85496318, 36.776383512 0.862180064, 36.794011593 0.866629332, 36.815851183 0.853334197, 36.817628867 0.843806343, 36.822038746 0.832046789, 36.831728273 0.813093651))",Laikipia,Laikipia,963225246,43.633399999999966,4067.1035000000006,188265548848,0.0,0.0,0.0,0.0,0.0,45.833333333333336,50.82936507936507,1.6666666666666667,1.8052861188782494,-1.6666666666666667,-1.0,-0.923214691143963,0,0,0,0,,,0.0,0.0,0.0,0.0,,0,0,0,0,,,0.0,0.0,0.0,0.0,,0,0,0,0,,,0.0,0.0,0.0,0.0,,0,0,0,0,45.833333333333336,50.82936507936507,1.6666666666666667,1.8052861188782494,-1.6666666666666667,-1.0,-0.923214691143963,0,0,0,0,,,,,,,,,,,,,,,,,,,,
52,26258568,2022-07-01,Kenya,Kenya_2022-07,54986000,143920,14392.0,0.1,2.0,0.5,0.4,0.1,0.0,0.0,0.4,0.45,0.1,0.05,0.0,,,,,,Lamu county,"MULTIPOLYGON (((40.999132823 -2.093762259, 40.999262527 -2.095498025, 40.996973663 -2.094723475, 40.995409608 -2.09733845, 40.996138232 -2.101451507, 40.99447499 -2.099003413, 40.992773602 -2.099647562, 40.995485902 -2.093830204, 40.999132823 -2.093762259)), ((41.134038415 -2.094858328, 41.137765447 -2.095956143, 41.133794271 -2.098438808, 41.135983953 -2.102341599, 41.135056965 -2.105507031, 41.1400238 -2.109523535, 41.144414602 -2.10887557, 41.146661501 -2.106259642, 41.151227783 -2.107591324, 41.152189108 -2.110971073, 41.155145557 -2.112431727, 41.15437879 -2.1162661, 41.151296455 -2.118060514, 41.149545475 -2.117014192, 41.142110485 -2.11857045, 41.128972408 -2.11257645, 41.125573443 -2.107445917, 41.131055268 -2.102438629, 41.132909244 -2.097490705, 41.132306508 -2.094381536, 41.133946859 -2.09359268, 41.134038415 -2.094858328)), ((41.11229801 -2.058796074, 41.109211858 -2.05653989, 41.109764999 -2.053546581, 41.111847864 -2.053254543, 41.113118184 -2.054844172, 41.113595032 -2.057320636, 41.11229801 -2.058796074)), ((41.107178584 -2.05521369, 41.104218321 -2.055416567, 41.103810139 -2.052334098, 41.105934967 -2.05196053, 41.107178584 -2.05521369)), ((40.971986883 -2.052168249, 40.974275747 -2.052852685, 40.972700247 -2.054364598, 40.970945451 -2.053408389, 40.968626071 -2.055165374, 40.96679498 -2.054851169, 40.965978617 -2.051443288, 40.968584102 -2.043727339, 40.971216296 -2.045921303, 40.971986883 -2.052168249)), ((41.240584959 -2.043260643, 41.239822005 -2.043415601, 41.241668353 -2.041939448, 41.241653095 -2.042897564, 41.240584959 -2.043260643)), ((41.242915783 -2.041539894, 41.242862376 -2.040400835, 41.24503298 -2.039204559, 41.244727799 -2.040090918, 41.242915783 -2.041539894)), ((41.248599792 -2.038946373, 41.248176352 -2.038820262, 41.249049934 -2.038059776, 41.249210155 -2.038529656, 41.248599792 -2.038946373)), ((41.041579755 -2.031529254, 41.04075195 -2.031910212, 41.043525287 -2.02793733, 41.044227205 -2.029030617, 41.041579755 -2.031529254)), ((41.059642692 -2.018513976, 41.058765295 -2.018053871, 41.060371312 -2.015827722, 41.06216044 -2.015653691, 41.059642692 -2.018513976)), ((41.069248287 -2.01776016, 41.06960306 -2.016014858, 41.073196575 -2.014672206, 41.072475583 -2.015758103, 41.069248287 -2.01776016)), ((41.048698188 -2.152159643, 41.055488483 -2.153542817, 41.060916906 -2.157911433, 41.061164868 -2.16156367, 41.058994265 -2.164676893, 41.053413255 -2.166673707, 41.047408803 -2.164530048, 41.042712816 -2.160883535, 41.041888825 -2.159320607, 41.04302181 -2.156335403, 41.048698188 -2.152159643)), ((41.024024237 -2.141442297, 41.028083156 -2.144411525, 41.025832443 -2.147560985, 41.021308122 -2.144565295, 41.020014915 -2.146266733, 41.01925196 -2.144576978, 41.022036741 -2.14067633, 41.024024237 -2.141442297)), ((40.985296675 -2.144522167, 40.987383356 -2.146029548, 40.988111977 -2.145269062, 40.988848229 -2.147230112, 40.989763774 -2.1465688, 40.989641703 -2.149860104, 40.980284071 -2.155830993, 40.976267116 -2.155528709, 40.975954304 -2.153639415, 40.978151612 -2.152687257, 40.97917397 -2.15029876, 40.978151609 -2.146665357, 40.984014911 -2.143737127, 40.985296675 -2.144522167)), ((41.087238774 -2.058114989, 41.091404504 -2.056771383, 41.096947368 -2.058536231, 41.099098902 -2.062203962, 41.098980641 -2.058126664, 41.096481964 -2.054775761, 41.102959446 -2.054730939, 41.104534948 -2.056736093, 41.107674506 -2.057292509, 41.109333934 -2.061657075, 41.111348134 -2.062549392, 41.11396507 -2.067970531, 41.115967826 -2.068302378, 41.118043063 -2.071454935, 41.120587516 -2.070773358, 41.115140017 -2.063367091, 41.119935185 -2.061697119, 41.121030026 -2.064200045, 41.124325989 -2.065334812, 41.126309672 -2.067945016, 41.127930952 -2.072499345, 41.129159308 -2.071620853, 41.129437788 -2.073256731, 41.133214412 -2.0739569, 41.132344645 -2.075766331, 41.127106964 -2.076243366, 41.127133668 -2.077265134, 41.137650993 -2.07697047, 41.14327015 -2.074024598, 41.140142037 -2.072745125, 41.138059169 -2.067730214, 41.135003536 -2.067218855, 41.135991561 -2.065074953, 41.140119145 -2.067483234, 41.143426555 -2.071845414, 41.155809305 -2.074106838, 41.161718388 -2.076557791, 41.163625775 -2.078697877, 41.164632879 -2.085422808, 41.163793629 -2.086183294, 41.162332571 -2.084955791, 41.158708543 -2.094218696, 41.151407074 -2.100855664, 41.152253952 -2.098422348, 41.150853929 -2.095938256, 41.15190299 -2.093414349, 41.149057171 -2.09437652, 41.14576884 -2.099426002, 41.13725427 -2.099961923, 41.138242295 -2.097673314, 41.141328445 -2.097515255, 41.13689186 -2.087052027, 41.131699954 -2.085838591, 41.131032369 -2.084266366, 41.126218127 -2.084932925, 41.122517797 -2.082750168, 41.119195131 -2.083839404, 41.116826157 -2.082115797, 41.116250127 -2.083210515, 41.112332357 -2.082989762, 41.106385133 -2.09199377, 41.104279379 -2.09281028, 41.104645599 -2.095522042, 41.101437375 -2.094712687, 41.095101044 -2.102433406, 41.099171408 -2.106839928, 41.103760578 -2.107475491, 41.107243467 -2.110246373, 41.107083248 -2.113447325, 41.104962235 -2.113703365, 41.108670194 -2.114954945, 41.109887109 -2.119274931, 41.107590617 -2.121050034, 41.10740751 -2.123644982, 41.106629296 -2.122750995, 41.105908304 -2.123927483, 41.107449474 -2.126637575, 41.105328462 -2.127969499, 41.106923037 -2.129251118, 41.109654413 -2.128831539, 41.111630467 -2.13282492, 41.11340052 -2.130218767, 41.114201625 -2.135009347, 41.111847913 -2.139460692, 41.108509989 -2.141553816, 41.100098418 -2.143473153, 41.092892314 -2.143067168, 41.089901532 -2.140322747, 41.084084005 -2.140547797, 41.078422883 -2.139045663, 41.080280673 -2.133021616, 41.079838161 -2.1365301, 41.08210032 -2.134791233, 41.082935756 -2.136119102, 41.081955361 -2.138199829, 41.083244754 -2.138948633, 41.085556506 -2.139939885, 41.087193042 -2.138156676, 41.088703693 -2.13915818, 41.089798532 -2.138406276, 41.090088453 -2.135521676, 41.085041509 -2.135275415, 41.084251851 -2.133875074, 41.085117803 -2.132490704, 41.083111233 -2.131815327, 41.08499191 -2.122572687, 41.093186039 -2.120681004, 41.092796929 -2.115374294, 41.089718409 -2.116888353, 41.08998926 -2.120703415, 41.087776693 -2.121917809, 41.082828933 -2.120866721, 41.079319341 -2.116079718, 41.076229376 -2.116762011, 41.07516887 -2.11802909, 41.077656101 -2.118170458, 41.075817383 -2.12122885, 41.080273037 -2.122298772, 41.079758045 -2.125499963, 41.077652291 -2.126407063, 41.077240295 -2.124246713, 41.073055491 -2.126386087, 41.071968281 -2.125655163, 41.067962773 -2.130262658, 41.064125114 -2.13179579, 41.07426859 -2.129232304, 41.07764085 -2.132310957, 41.069996048 -2.133442392, 41.062297841 -2.136463598, 41.058319035 -2.139705795, 41.055862322 -2.139510073, 41.052860095 -2.136973534, 41.049297098 -2.136743245, 41.049247505 -2.13467277, 41.054267745 -2.135289976, 41.054935327 -2.129773715, 41.059551196 -2.12162126, 41.058914129 -2.120953273, 41.054355479 -2.125154541, 41.05281431 -2.123302915, 41.053928221 -2.119694065, 41.052268793 -2.115528084, 41.054111327 -2.114639578, 41.054668281 -2.109937442, 41.057807836 -2.106072553, 41.057170768 -2.10357797, 41.051852982 -2.113846911, 41.044707915 -2.114435039, 41.045589127 -2.11404526, 41.037291998 -2.113124816, 41.030867924 -2.116541997, 41.028098403 -2.122458766, 41.024043302 -2.125565316, 41.021845993 -2.12520653, 41.014533078 -2.128552432, 41.010317754 -2.126885327, 41.006911165 -2.131627515, 41.016715133 -2.13839583, 41.017005056 -2.139887478, 41.01388839 -2.143101305, 41.007967864 -2.143787176, 40.99580637 -2.14241974, 40.993376359 -2.138987068, 40.984663418 -2.135924391, 40.98564381 -2.129204941, 40.983755494 -2.121540012, 40.978960326 -2.12191692, 40.975900877 -2.119832142, 40.974817483 -2.120764989, 40.970052831 -2.118727654, 40.972345504 -2.109284998, 40.988157731 -2.104092947, 40.992521827 -2.09976533, 40.995211242 -2.101009759, 40.996176381 -2.103341278, 40.994711511 -2.108786259, 40.995844501 -2.113658133, 41.000609154 -2.117413355, 41.000456561 -2.114520173, 41.002112172 -2.115069676, 41.005457731 -2.121068927, 41.006583088 -2.120217612, 41.005194507 -2.113790676, 41.0030239 -2.110429999, 41.004771065 -2.109306673, 41.004229365 -2.104886084, 41.006354191 -2.10132086, 41.013365742 -2.101592151, 41.020587107 -2.105271562, 41.025832415 -2.099405808, 41.028598124 -2.098877758, 41.030509324 -2.09655172, 41.04482616 -2.092536635, 41.043559654 -2.088587356, 41.048274712 -2.089349508, 41.049358109 -2.092639143, 41.049819695 -2.089718306, 41.054370718 -2.090272814, 41.060924498 -2.093808472, 41.061275459 -2.097605416, 41.058113017 -2.103178894, 41.060790985 -2.101077902, 41.063182848 -2.10211445, 41.064674425 -2.104707251, 41.066597069 -2.103538391, 41.068214533 -2.104105774, 41.068519714 -2.102631767, 41.072464188 -2.102364284, 41.071712677 -2.10054794, 41.066711511 -2.100464266, 41.064491312 -2.098143475, 41.063144694 -2.091508896, 41.060394241 -2.08761588, 41.065784513 -2.086623193, 41.069187288 -2.083354772, 41.075771583 -2.082161593, 41.078731845 -2.079273654, 41.080677376 -2.074940316, 41.079235391 -2.074101399, 41.081276294 -2.073990305, 41.083309566 -2.070126847, 41.082821274 -2.068445912, 41.077488222 -2.066201649, 41.081886652 -2.064505216, 41.080929144 -2.06335829, 41.083111192 -2.0614206, 41.08237494 -2.057949545, 41.085094869 -2.052313369, 41.087238774 -2.058114989)), ((40.784063755 -2.339172941, 40.786463249 -2.342994915, 40.785791852 -2.346395883, 40.784948786 -2.344534005, 40.783987465 -2.347456034, 40.783117692 -2.339852373, 40.781935114 -2.341409104, 40.780767793 -2.34067818, 40.781729115 -2.339410863, 40.778715443 -2.336973259, 40.784063755 -2.339172941)), ((40.746087649 -2.259606643, 40.749116578 -2.259422122, 40.750058827 -2.260696114, 40.750917153 -2.264664941, 40.749597243 -2.265932497, 40.74567184 -2.26203972, 40.743623308 -2.263452937, 40.742585689 -2.261943887, 40.743093052 -2.259465514, 40.746087649 -2.259606643)), ((40.722771762 -2.261334795, 40.721287815 -2.260739758, 40.721905807 -2.257872322, 40.723752158 -2.260248421, 40.722771762 -2.261334795)), ((40.89210949 -2.251176369, 40.895210903 -2.257836455, 40.90100173 -2.26263037, 40.904862287 -2.275202932, 40.912613911 -2.285925532, 40.916031951 -2.293760437, 40.914097865 -2.299586137, 40.910462389 -2.300956444, 40.900761421 -2.297822726, 40.884846193 -2.297798658, 40.863483473 -2.304509299, 40.848117577 -2.313291366, 40.825053478 -2.333992794, 40.819239767 -2.336812553, 40.815100739 -2.335805092, 40.815417354 -2.317755603, 40.814116511 -2.31002583, 40.815333423 -2.308505335, 40.813307776 -2.304285, 40.81382658 -2.296815078, 40.819850097 -2.283442451, 40.82221907 -2.281874991, 40.825022928 -2.282992832, 40.827384269 -2.278920538, 40.829692207 -2.279794737, 40.83091675 -2.282126256, 40.833041578 -2.281418217, 40.83393805 -2.282601617, 40.844585079 -2.28295849, 40.846042321 -2.281781286, 40.84630554 -2.280876571, 40.841674407 -2.28147042, 40.841601925 -2.27968912, 40.843448275 -2.279542028, 40.843875528 -2.278040367, 40.842391581 -2.276532271, 40.83930543 -2.276147262, 40.839015507 -2.274447732, 40.837100491 -2.273618351, 40.838763731 -2.272820437, 40.835570765 -2.271052251, 40.837356078 -2.2704441, 40.837874885 -2.267034312, 40.841929988 -2.267942362, 40.84004549 -2.266696979, 40.843970888 -2.2619176, 40.850093597 -2.261755963, 40.851257101 -2.259322171, 40.853401004 -2.260829313, 40.855907309 -2.260256444, 40.858829425 -2.262377696, 40.860778772 -2.259978948, 40.867263886 -2.262258254, 40.8672677 -2.260124365, 40.86969008 -2.260148442, 40.869209417 -2.257481499, 40.87049118 -2.256530295, 40.871338062 -2.26044453, 40.873916847 -2.260025427, 40.875679269 -2.25482361, 40.876648224 -2.259678081, 40.878048245 -2.260083354, 40.879871705 -2.258353785, 40.87999759 -2.253723884, 40.886116484 -2.25262201, 40.8865857 -2.251138467, 40.887341025 -2.252050573, 40.887974275 -2.248423844, 40.89210949 -2.251176369)), ((40.75664695 -2.279180912, 40.757394646 -2.279650076, 40.75784479 -2.28140396, 40.754258903 -2.279527304, 40.75664695 -2.279180912)), ((40.761545123 -2.287503337, 40.761426865 -2.288308164, 40.760217582 -2.287414416, 40.760785981 -2.284375334, 40.761545123 -2.287503337)), ((40.796438845 -2.290769349, 40.797915162 -2.289736614, 40.798762042 -2.290829901, 40.794111836 -2.292797868, 40.792727072 -2.291217299, 40.79517997 -2.289414542, 40.796438845 -2.290769349)), ((40.804991555 -2.274744081, 40.804064565 -2.275134098, 40.806765422 -2.272246159, 40.806425908 -2.273313461, 40.804991555 -2.274744081)), ((40.79127745 -2.27724797, 40.79220444 -2.276641011, 40.792833878 -2.277607709, 40.792418069 -2.280411493, 40.789312846 -2.283101086, 40.788202751 -2.287985596, 40.786966765 -2.28795103, 40.785387451 -2.291533894, 40.778124124 -2.290774367, 40.779833142 -2.290211512, 40.784002684 -2.283360942, 40.787321535 -2.282443589, 40.787603826 -2.279404747, 40.789144994 -2.278652366, 40.788603294 -2.275623536, 40.79127745 -2.27724797)), ((40.760248095 -2.278470964, 40.761739671 -2.278686235, 40.761590897 -2.281914842, 40.758771779 -2.280100645, 40.758916739 -2.278644518, 40.760248095 -2.278470964)), ((40.973016973 -2.225679318, 40.975469872 -2.22755669, 40.97643883 -2.237817759, 40.986059694 -2.252425271, 40.985067856 -2.25569965, 40.985666777 -2.26011118, 40.989821065 -2.261235694, 40.978647604 -2.271178988, 40.970907439 -2.283567752, 40.969637124 -2.289148381, 40.970854038 -2.291479423, 40.968828394 -2.291744521, 40.96566595 -2.294886353, 40.961092042 -2.300995985, 40.961275153 -2.303988579, 40.959569952 -2.307851798, 40.950696798 -2.316272927, 40.929372227 -2.322740166, 40.924504578 -2.322195194, 40.915581824 -2.318464053, 40.912751259 -2.311993731, 40.913422657 -2.309669125, 40.915188894 -2.306257668, 40.92048761 -2.302787562, 40.924012453 -2.292465699, 40.923005361 -2.304483991, 40.925183595 -2.303070536, 40.927846306 -2.303636488, 40.927247386 -2.301620845, 40.924840265 -2.302067363, 40.924851706 -2.297799348, 40.928346033 -2.290913734, 40.929601093 -2.291110888, 40.927708968 -2.293871284, 40.928365111 -2.296592105, 40.931409299 -2.296334634, 40.933835492 -2.293220934, 40.938523846 -2.292202023, 40.943605125 -2.296923943, 40.946729423 -2.297000943, 40.947675488 -2.29889858, 40.952504987 -2.296079775, 40.951974735 -2.298223438, 40.953267943 -2.298276123, 40.953275572 -2.297209059, 40.954194933 -2.298989167, 40.955232551 -2.298273261, 40.956739387 -2.299790178, 40.95749471 -2.296859567, 40.956628756 -2.296381582, 40.960454971 -2.293898917, 40.963476267 -2.28880414, 40.964872469 -2.281677271, 40.955350803 -2.289846177, 40.953042866 -2.28926163, 40.951783989 -2.285999172, 40.948789393 -2.286382993, 40.944482514 -2.282889531, 40.934121595 -2.286339614, 40.928262103 -2.282938651, 40.915486419 -2.262258462, 40.91159535 -2.258881814, 40.911290167 -2.257046637, 40.909237821 -2.258785504, 40.908440533 -2.257936573, 40.910057995 -2.256767952, 40.909363704 -2.251813831, 40.905785445 -2.247550586, 40.905869367 -2.243038452, 40.902920545 -2.238132488, 40.902817539 -2.22631445, 40.904736369 -2.224548883, 40.908203998 -2.226406944, 40.911728847 -2.226004528, 40.917615042 -2.229251964, 40.923978086 -2.236477287, 40.925179738 -2.235363497, 40.924271822 -2.233646803, 40.925793916 -2.233699011, 40.929490434 -2.241036382, 40.933000023 -2.239404077, 40.93274062 -2.240561732, 40.938882403 -2.241078095, 40.934934116 -2.245152297, 40.934461087 -2.249149494, 40.932588035 -2.250499059, 40.933370064 -2.252966702, 40.93192427 -2.259315922, 40.936540146 -2.262772909, 40.937783761 -2.262409592, 40.93866116 -2.264126286, 40.940381622 -2.263292135, 40.939778887 -2.261683434, 40.943154959 -2.260883373, 40.940114585 -2.258753539, 40.937047509 -2.259200773, 40.936311256 -2.256995366, 40.942765845 -2.249020755, 40.944673227 -2.241567758, 40.949819354 -2.240991074, 40.949586651 -2.237754362, 40.946111391 -2.234024648, 40.946946826 -2.233544517, 40.952821576 -2.235851239, 40.955095179 -2.234112134, 40.956869052 -2.240167886, 40.963254981 -2.241217304, 40.963232093 -2.242835779, 40.965742214 -2.243980797, 40.962022814 -2.249148524, 40.960294722 -2.248689849, 40.959176996 -2.251403996, 40.952928401 -2.253663762, 40.953836317 -2.254828806, 40.957418388 -2.254417093, 40.957796053 -2.258621218, 40.959478369 -2.261141546, 40.964960196 -2.260419916, 40.967386388 -2.255778093, 40.96682943 -2.25419657, 40.974653526 -2.25259454, 40.972807174 -2.247895265, 40.969251807 -2.248216626, 40.970594604 -2.244516709, 40.969030545 -2.241200374, 40.973634973 -2.237306162, 40.970442005 -2.231505734, 40.96540269 -2.229260994, 40.966760747 -2.225904606, 40.969103017 -2.225973978, 40.966871375 -2.225126956, 40.966684449 -2.222622599, 40.973016973 -2.225679318)), ((40.788469775 -2.272829527, 40.787920448 -2.271808475, 40.78977824 -2.269959946, 40.789579873 -2.271815387, 40.788469775 -2.272829527)), ((40.757016974 -2.264946722, 40.759069322 -2.265758223, 40.760511308 -2.268749624, 40.76598932 -2.266852937, 40.765398032 -2.270507081, 40.762723876 -2.269289591, 40.758924365 -2.272124607, 40.756952127 -2.271927931, 40.757264936 -2.267406261, 40.754968442 -2.265865028, 40.757016974 -2.264946722)), ((40.795256255 -2.272667413, 40.791773368 -2.273467475, 40.791147745 -2.272527954, 40.801192033 -2.260976913, 40.805769759 -2.259813773, 40.798029591 -2.267319697, 40.795256255 -2.272667413)), ((40.800875406 -2.258816086, 40.794939625 -2.266609277, 40.791784809 -2.2678611, 40.798510247 -2.259488128, 40.800875406 -2.258816086)), ((40.726556015 -2.258716721, 40.727067195 -2.260361896, 40.726689533 -2.260959318, 40.724755441 -2.257488979, 40.726556015 -2.258716721)), ((40.815325762 -2.2587889, 40.814654362 -2.258554556, 40.815150282 -2.257007838, 40.815978088 -2.257549236, 40.815325762 -2.2587889)), ((40.771329994 -2.255768918, 40.770036786 -2.25508329, 40.771661878 -2.253833375, 40.772218835 -2.255107605, 40.771329994 -2.255768918)), ((40.962301295 -2.252403353, 40.961534525 -2.251011832, 40.963327467 -2.250738152, 40.96295362 -2.251543456, 40.962301295 -2.252403353)), ((40.81782061 -2.23758995, 40.817885463 -2.240546784, 40.810187253 -2.240728208, 40.81247993 -2.238274628, 40.81782061 -2.23758995)), ((40.932195102 -2.231746538, 40.933629457 -2.233806285, 40.933392942 -2.234647348, 40.929875721 -2.232391641, 40.930776006 -2.23114268, 40.932195102 -2.231746538)), ((40.941678624 -2.230070365, 40.943395272 -2.231677396, 40.942964204 -2.232573291, 40.939549981 -2.22993758, 40.941182702 -2.227900956, 40.941678624 -2.230070365)), ((40.991728431 -2.228429927, 40.992624904 -2.231792035, 40.991427067 -2.233484652, 40.988726208 -2.233117523, 40.983286341 -2.228766787, 40.983580077 -2.226804305, 40.98705915 -2.228617071, 40.9900423 -2.226578539, 40.991728431 -2.228429927)), ((40.823558037 -2.252240853, 40.824622358 -2.252628247, 40.823725888 -2.254121326, 40.817023334 -2.256281919, 40.816706707 -2.25446486, 40.818595018 -2.252346466, 40.82139506 -2.250986649, 40.823882289 -2.247673887, 40.825999488 -2.247183027, 40.823558037 -2.252240853)), ((41.245967599 -2.038552305, 41.249358929 -2.034687416, 41.250282104 -2.035391163, 41.247573617 -2.037754391, 41.245967599 -2.038552305)), ((41.260135657 -2.032538741, 41.259475702 -2.032467222, 41.259761809 -2.031888395, 41.260120398 -2.0323218, 41.260135657 -2.032538741)), ((41.536923854 -1.6890943, 41.521077301 -1.702889611, 41.50351029 -1.727045643, 41.492508499 -1.74714404, 41.482746502 -1.752842322, 41.468914149 -1.768922664, 41.460819207 -1.775531859, 41.459239894 -1.779800234, 41.450229408 -1.787450269, 41.441077777 -1.799818772, 41.425727142 -1.810731389, 41.423232284 -1.815236253, 41.42381976 -1.817820711, 41.422625738 -1.819548731, 41.425036674 -1.820114922, 41.423564173 -1.823000357, 41.419848587 -1.824858423, 41.418509605 -1.831314206, 41.41501909 -1.831915563, 41.394278187 -1.851432158, 41.393446569 -1.856215112, 41.395678211 -1.856085542, 41.390795307 -1.863938332, 41.385378334 -1.86823031, 41.382295995 -1.860370253, 41.379026735 -1.859181489, 41.373705129 -1.860246291, 41.371656598 -1.863078445, 41.367025466 -1.864259822, 41.366121367 -1.866792072, 41.370638055 -1.865095639, 41.37774116 -1.864769628, 41.379022925 -1.869133956, 41.38378376 -1.870139868, 41.384432273 -1.872950207, 41.390474868 -1.867735276, 41.389925544 -1.872346107, 41.382620259 -1.876993297, 41.360849368 -1.896692862, 41.353750084 -1.907893577, 41.352109734 -1.911701488, 41.352582767 -1.914457949, 41.341943371 -1.916886145, 41.32306408 -1.941970136, 41.322793233 -1.944790965, 41.325600905 -1.9448955, 41.326016716 -1.947597846, 41.320546337 -1.95280324, 41.317570815 -1.953051532, 41.314267225 -1.956581593, 41.313996377 -1.959348187, 41.315617657 -1.962328979, 41.313626347 -1.964989487, 41.311875364 -1.958962343, 41.303795678 -1.958494494, 41.300080091 -1.960298563, 41.297753083 -1.964107547, 41.296589581 -1.970735452, 41.28340955 -1.98036311, 41.277717915 -1.986843689, 41.276615444 -1.984440531, 41.277824722 -1.975227095, 41.276581102 -1.968213703, 41.283680386 -1.957066628, 41.282101068 -1.951662891, 41.282421507 -1.947404649, 41.280289048 -1.945409746, 41.279415464 -1.942364348, 41.27213688 -1.942238598, 41.270809338 -1.940116034, 41.268169515 -1.939098081, 41.267383674 -1.94198292, 41.262622839 -1.941148534, 41.262607578 -1.938617357, 41.260028792 -1.93823211, 41.258033668 -1.940024735, 41.258331221 -1.942040259, 41.250880972 -1.941453569, 41.252914248 -1.94673036, 41.247550681 -1.950217987, 41.248721818 -1.954872205, 41.246440586 -1.956439188, 41.242179484 -1.952892086, 41.239837215 -1.954061423, 41.237597943 -1.952699344, 41.24169882 -1.948761386, 41.241801818 -1.946681971, 41.238254081 -1.94704827, 41.237079128 -1.942231346, 41.24062305 -1.94059034, 41.243091208 -1.941328415, 41.24426997 -1.937059802, 41.248672216 -1.935426783, 41.253742045 -1.930963159, 41.253841228 -1.928259979, 41.251838473 -1.928380251, 41.252628129 -1.926137176, 41.250957258 -1.924539323, 41.253185084 -1.923370105, 41.250598668 -1.921890975, 41.251380695 -1.918319076, 41.249198645 -1.917065349, 41.252448829 -1.914683526, 41.252437384 -1.912902584, 41.244895582 -1.915886718, 41.245135913 -1.918010952, 41.243030161 -1.92067146, 41.239490054 -1.922592701, 41.237475854 -1.921166971, 41.24172932 -1.913377714, 41.241885724 -1.910557004, 41.237502554 -1.915354025, 41.237407181 -1.909089317, 41.235969012 -1.907545222, 41.237327069 -1.904659668, 41.227938916 -1.90592842, 41.224173738 -1.908762959, 41.221560622 -1.912870655, 41.219790568 -1.913397393, 41.219706641 -1.909085155, 41.22261731 -1.906649573, 41.225672939 -1.900299279, 41.223151375 -1.900085558, 41.221812388 -1.896010048, 41.218886458 -1.895507509, 41.210677073 -1.902289423, 41.203345082 -1.902398255, 41.201288921 -1.903964999, 41.201143962 -1.908621006, 41.196184761 -1.913030156, 41.193892083 -1.912752782, 41.192823949 -1.916442687, 41.190374867 -1.919103792, 41.183473947 -1.923985564, 41.180132206 -1.921123971, 41.181406341 -1.923192657, 41.177835718 -1.93017661, 41.174963194 -1.928408304, 41.169958217 -1.93487887, 41.165372861 -1.93468589, 41.163145035 -1.93618946, 41.161779348 -1.937691956, 41.163450219 -1.938892282, 41.166139632 -1.938472941, 41.166154893 -1.941691415, 41.150373191 -1.957099122, 41.149545383 -1.952209129, 41.14761511 -1.955393991, 41.145719168 -1.954365787, 41.14288098 -1.959161019, 41.13666672 -1.964259017, 41.134438894 -1.965084586, 41.132363657 -1.963197796, 41.129899314 -1.963092426, 41.128819735 -1.964657859, 41.12901429 -1.968798333, 41.127248052 -1.970301425, 41.124116121 -1.963705586, 41.121106268 -1.968329291, 41.122681771 -1.973037625, 41.119607067 -1.976504273, 41.115674034 -1.969683388, 41.117260977 -1.966797237, 41.113808608 -1.964233998, 41.112164442 -1.967065913, 41.108841776 -1.966907381, 41.105908216 -1.96508484, 41.104904933 -1.970040631, 41.100102137 -1.971854952, 41.097576757 -1.971008287, 41.094612681 -1.973615872, 41.09459742 -1.970505749, 41.086948805 -1.975334359, 41.084442502 -1.978393467, 41.077572098 -1.979071113, 41.070278258 -1.985391133, 41.066139229 -1.983226374, 41.068447168 -1.985800342, 41.067192109 -1.987248483, 41.067729994 -1.990990954, 41.066017162 -1.992322162, 41.061832357 -1.991775878, 41.063278156 -1.993835505, 41.062946273 -1.996367517, 41.064498885 -1.997332904, 41.062560982 -1.999134588, 41.062175692 -2.001720954, 41.063957191 -2.003065868, 41.063056905 -2.004341767, 41.065830245 -2.005025488, 41.063388792 -2.007804241, 41.061550071 -2.005708973, 41.060253049 -2.00641582, 41.062354993 -2.015101803, 41.060317905 -2.014896544, 41.058307517 -2.008136092, 41.057365268 -2.007703402, 41.056331465 -2.009241538, 41.054504189 -2.007905803, 41.052699803 -2.009843015, 41.054969594 -2.013031808, 41.051791889 -2.013352215, 41.051212046 -2.017457645, 41.049304659 -2.01600438, 41.04273181 -2.020424974, 41.043601579 -2.022015079, 41.042361779 -2.024050988, 41.044932936 -2.02502436, 41.045936222 -2.02747317, 41.043475694 -2.026418505, 41.037574244 -2.030232378, 41.037658172 -2.035729568, 41.031573614 -2.042138628, 41.031688059 -2.045248751, 41.029048238 -2.046409506, 41.022326606 -2.039076189, 41.022898823 -2.041787951, 41.020819775 -2.046890119, 41.014407145 -2.05013494, 41.015860575 -2.052456923, 41.011038703 -2.051486412, 41.012877421 -2.049504143, 41.01029482 -2.048747712, 41.006884412 -2.044249406, 41.009421234 -2.041813944, 41.008776537 -2.040847246, 41.010996732 -2.037878967, 41.007857172 -2.032494064, 41.001845094 -2.036588293, 41.000429813 -2.035396548, 40.996012307 -2.035564859, 40.991873281 -2.037369286, 40.992453128 -2.040442696, 40.990408408 -2.036412839, 40.990503775 -2.031855648, 40.98838276 -2.029498382, 40.989843817 -2.027932354, 40.989233452 -2.025527885, 40.985075349 -2.023525832, 40.982588116 -2.020165393, 40.982878038 -2.017913498, 40.985914594 -2.014537322, 40.987539687 -2.013712469, 40.986479181 -2.015440845, 40.989466148 -2.017145857, 40.990549542 -2.014350655, 40.989092298 -2.011775733, 40.989481402 -2.006404416, 40.988077566 -2.007789502, 40.98638762 -2.003333869, 40.986013768 -1.996218562, 40.9889931 -1.98642272, 40.993296163 -1.987258417, 40.992582799 -1.983172417, 40.993834043 -1.981552392, 40.991133183 -1.979846784, 40.990358776 -1.964431576, 40.991896129 -1.962757077, 40.995504903 -1.962499487, 40.99320841 -1.961598111, 40.993479257 -1.958894334, 40.986822479 -1.956569493, 40.984495465 -1.950378689, 40.989412705 -1.948790488, 40.987680797 -1.946559215, 40.991220904 -1.944294563, 41.002428697 -1.930411405, 41.005312661 -1.924006519, 41.009402098 -1.927491757, 41.009367762 -1.921687036, 41.014933515 -1.923199421, 41.012225026 -1.920453927, 41.011790139 -1.914704037, 41.013033753 -1.911764009, 41.016516638 -1.909436182, 41.022009909 -1.908028327, 41.024249181 -1.909336647, 41.025469909 -1.91220146, 41.028777315 -1.909765282, 41.026419785 -1.908231081, 41.026522783 -1.906214722, 41.045920891 -1.892114142, 41.048335642 -1.893820108, 41.050227769 -1.893582783, 41.047786311 -1.887211393, 41.050536762 -1.887533704, 41.053310098 -1.881418469, 41.052493736 -1.879014358, 41.049796692 -1.878167694, 41.047698564 -1.871850182, 41.044810779 -1.867667393, 41.038585073 -1.870757733, 41.037993787 -1.877946468, 41.034583384 -1.882751474, 41.027671019 -1.886240533, 41.024897683 -1.891894828, 41.018908494 -1.89676611, 41.015646864 -1.897592753, 41.011851164 -1.894396451, 41.009585192 -1.899534736, 41.004542059 -1.888862432, 41.005228722 -1.89846386, 41.001566542 -1.899462744, 41.003641779 -1.901928719, 41.001993799 -1.904299575, 40.999586678 -1.903850318, 40.998735985 -1.905813277, 41.001719136 -1.90590923, 41.002813976 -1.907282275, 40.999563792 -1.910179512, 40.99110263 -1.913227419, 40.993174052 -1.914707742, 40.989569093 -1.915652391, 40.985544507 -1.912799857, 40.984899809 -1.910558213, 40.981115555 -1.909667446, 40.986093837 -1.918721512, 40.99018709 -1.923355227, 40.991781664 -1.921734843, 40.991461225 -1.92611145, 40.985929808 -1.930747315, 40.983469281 -1.931220296, 40.983457835 -1.92926735, 40.978162929 -1.924526595, 40.978365115 -1.929933314, 40.980371686 -1.930437283, 40.980554796 -1.932453404, 40.977014688 -1.934139348, 40.976659913 -1.932358524, 40.973520357 -1.934107285, 40.961686942 -1.94896787, 40.96559327 -1.95118758, 40.964033032 -1.958612804, 40.965253761 -1.961947854, 40.971441321 -1.961904343, 40.973062601 -1.965293032, 40.972333981 -1.968051759, 40.967153524 -1.973844683, 40.966779679 -1.978501644, 40.968122481 -1.982867283, 40.971818998 -1.988251828, 40.964696822 -1.995086904, 40.963735505 -2.004039535, 40.960027546 -2.003293594, 40.960447173 -2.007425247, 40.962404151 -2.006979683, 40.957204619 -2.011859666, 40.953149521 -2.020002108, 40.952264496 -2.023972606, 40.953313562 -2.029233782, 40.949155461 -2.030875384, 40.95690708 -2.034157387, 40.957917996 -2.03778197, 40.957200823 -2.045622123, 40.958234627 -2.046081989, 40.959958903 -2.044506424, 40.960050458 -2.045528193, 40.961389443 -2.045291464, 40.957864596 -2.050232714, 40.959127294 -2.064074264, 40.960748574 -2.068448605, 40.96273607 -2.067803979, 40.961263569 -2.069415303, 40.961141498 -2.072191432, 40.958471159 -2.074509365, 40.956750695 -2.071808093, 40.953511953 -2.071531793, 40.953889613 -2.066612477, 40.952668886 -2.067174617, 40.949384372 -2.073914809, 40.95044488 -2.077530333, 40.952985519 -2.07844935, 40.947408323 -2.08021039, 40.94276956 -2.078461991, 40.943852954 -2.07667044, 40.941995158 -2.074014463, 40.939649073 -2.073185321, 40.936818508 -2.065711109, 40.938493191 -2.061748716, 40.940892682 -2.060489027, 40.941400047 -2.062432436, 40.942807698 -2.062656767, 40.942342294 -2.059139939, 40.944043681 -2.055873665, 40.943696535 -2.05366778, 40.942143924 -2.055523461, 40.935559623 -2.047954131, 40.935326921 -2.045495069, 40.930043459 -2.040347372, 40.924512038 -2.037505925, 40.924561628 -2.033798618, 40.923466789 -2.03513817, 40.919297243 -2.033551642, 40.922947976 -2.027371444, 40.926209607 -2.028868573, 40.927418888 -2.025476426, 40.930936109 -2.028980617, 40.931599879 -2.028373897, 40.931630396 -2.026493185, 40.926575821 -2.021426543, 40.9344724 -2.022918187, 40.933759037 -2.022213725, 40.936250081 -2.019398735, 40.935670234 -2.016478853, 40.937177068 -2.014777176, 40.936990143 -2.011838699, 40.92518724 -2.0139776, 40.923775772 -2.011112788, 40.921338133 -2.011124709, 40.920350106 -2.009706488, 40.922223155 -2.001168428, 40.916172923 -1.994755559, 40.909802252 -1.992321652, 40.900013549 -1.994168636, 40.905415262 -1.986883348, 40.903408692 -1.986722908, 40.901703489 -1.988578589, 40.896832026 -1.988548077, 40.897991717 -1.990671595, 40.896923583 -1.994362096, 40.892643411 -1.997269585, 40.890064625 -1.997055625, 40.891025946 -1.99474866, 40.893429252 -1.994384269, 40.895191676 -1.992130704, 40.893135514 -1.99346227, 40.886719067 -1.992927073, 40.885071087 -1.995361343, 40.878513492 -1.990793546, 40.878673711 -1.988722594, 40.874538497 -1.986855592, 40.875957591 -1.984367326, 40.874691086 -1.983057575, 40.878212118 -1.978026091, 40.879959281 -1.972833809, 40.875381555 -1.973725177, 40.874908522 -1.971257056, 40.877308012 -1.969916073, 40.873264351 -1.96396176, 40.875560839 -1.954745103, 40.873432195 -1.953201247, 40.871841436 -1.955400219, 40.867492602 -1.966418799, 40.868888811 -1.970260204, 40.86522663 -1.970861085, 40.865924734 -1.972750259, 40.863986831 -1.974832179, 40.856071178 -1.973041585, 40.853767055 -1.97058467, 40.857303347 -1.96751531, 40.857734414 -1.963192462, 40.853465681 -1.957581917, 40.852969757 -1.951144252, 40.84963946 -1.949728177, 40.84871247 -1.947776066, 40.845847576 -1.947453756, 40.845481356 -1.943945629, 40.843123826 -1.942112598, 40.844237736 -1.936640677, 40.842738529 -1.934354572, 40.837153706 -1.939849381, 40.836943896 -1.943593283, 40.840945596 -1.951799492, 40.845492806 -1.955854618, 40.846091728 -1.960393214, 40.843585424 -1.963172087, 40.836711205 -1.963324307, 40.832690434 -1.961285183, 40.834693189 -1.960640915, 40.82820426 -1.958089, 40.827071274 -1.960170085, 40.821387263 -1.958186866, 40.819792689 -1.959409365, 40.815317961 -1.958229661, 40.818224816 -1.95579408, 40.814730484 -1.95576166, 40.81803026 -1.951942066, 40.816187724 -1.950225968, 40.813959898 -1.951159769, 40.811751147 -1.955837233, 40.805086739 -1.952426375, 40.804087266 -1.947652839, 40.801569517 -1.948306644, 40.800985856 -1.946408291, 40.797831039 -1.945796805, 40.795034812 -1.947653559, 40.78827122 -1.947009653, 40.787687559 -1.9448853, 40.788881582 -1.943147745, 40.786119686 -1.941269776, 40.783971972 -1.946055711, 40.780012238 -1.945155646, 40.778047629 -1.942119308, 40.775007255 -1.941335818, 40.776186017 -1.936722722, 40.77412604 -1.937204165, 40.769010435 -1.944362506, 40.787794377 -1.953457689, 40.79079279 -1.957514723, 40.790350278 -1.959766857, 40.793154135 -1.959745757, 40.794519823 -1.957781964, 40.795519296 -1.962320321, 40.803858391 -1.968595991, 40.809076999 -1.969485566, 40.814024761 -1.97302492, 40.817171947 -1.972714049, 40.818442267 -1.974376508, 40.814448202 -1.976876577, 40.816233517 -1.978701264, 40.820246657 -1.979311796, 40.821154572 -1.977755423, 40.823676137 -1.977680326, 40.824778607 -1.98060891, 40.826548661 -1.979675467, 40.824271243 -1.982164807, 40.827769389 -1.982251343, 40.83448339 -1.984857134, 40.840194102 -1.981432682, 40.846679215 -1.983631768, 40.856868476 -1.992201648, 40.854251544 -1.995785467, 40.860606954 -1.994702189, 40.864108915 -1.996009316, 40.872917228 -2.003640033, 40.873722146 -2.005727911, 40.87374885 -2.00740074, 40.870307927 -2.008851386, 40.864192846 -2.007203592, 40.863365043 -2.010342323, 40.860008045 -2.013013799, 40.855964386 -2.011499267, 40.848094511 -2.01218633, 40.838492732 -2.015470727, 40.834403295 -2.013865843, 40.829554724 -2.021313359, 40.83211825 -2.020198138, 40.83497933 -2.022193278, 40.837050751 -2.021476656, 40.838469847 -2.022984992, 40.846301572 -2.019259562, 40.855869021 -2.020035299, 40.85844018 -2.025087163, 40.863422271 -2.022016133, 40.865806501 -2.018559141, 40.865184692 -2.016498202, 40.868442507 -2.01499344, 40.873500895 -2.015276891, 40.875022989 -2.016703933, 40.874237147 -2.017608887, 40.878860651 -2.019041411, 40.879265018 -2.02087635, 40.882419834 -2.019751592, 40.881901024 -2.01750971, 40.88272883 -2.018195815, 40.88831747 -2.016209014, 40.889282608 -2.018631362, 40.889976895 -2.015583222, 40.893455965 -2.011501153, 40.89638571 -2.011524753, 40.902054462 -2.014203852, 40.902908971 -2.012810184, 40.903656667 -2.014075355, 40.902683903 -2.020261273, 40.903500265 -2.022095974, 40.900406491 -2.031847116, 40.901364007 -2.048049509, 40.900417945 -2.050266122, 40.892216183 -2.04527553, 40.891453226 -2.041080702, 40.887668972 -2.041202764, 40.886692389 -2.038771595, 40.888458627 -2.035432848, 40.887749079 -2.034981563, 40.88499863 -2.038375619, 40.883255278 -2.036641522, 40.881286857 -2.037430616, 40.878162558 -2.036611487, 40.882297772 -2.038433074, 40.882782249 -2.040819663, 40.884144123 -2.040772936, 40.883098877 -2.044363907, 40.879127699 -2.043880202, 40.875915662 -2.045439318, 40.876796875 -2.046396719, 40.875118376 -2.047574161, 40.871841486 -2.045941384, 40.875385411 -2.048866986, 40.875293857 -2.050657584, 40.87865467 -2.048492463, 40.879528254 -2.050399398, 40.882431295 -2.049573113, 40.884979565 -2.053684263, 40.888824855 -2.052847727, 40.890655946 -2.053957939, 40.89113661 -2.059400774, 40.894043467 -2.061205674, 40.893764991 -2.06456969, 40.891865235 -2.065123487, 40.884762125 -2.058142282, 40.880287397 -2.057587058, 40.880050884 -2.060960133, 40.878399088 -2.063132167, 40.876487888 -2.06326114, 40.873176668 -2.067894621, 40.87246712 -2.066430627, 40.870521586 -2.066559601, 40.870777177 -2.069054899, 40.868927014 -2.070558229, 40.850787774 -2.07331935, 40.857406405 -2.075698784, 40.869152088 -2.074943537, 40.868625652 -2.080251916, 40.870384262 -2.079490238, 40.872516717 -2.075102307, 40.879852521 -2.071078643, 40.884052582 -2.065648202, 40.885967598 -2.06704759, 40.885914193 -2.069669954, 40.884552319 -2.069798212, 40.88515124 -2.071976681, 40.881714132 -2.075326395, 40.876594709 -2.077041423, 40.882423683 -2.080787109, 40.884071664 -2.080504846, 40.883655853 -2.07810896, 40.890613994 -2.073805657, 40.89203309 -2.07377681, 40.891842352 -2.075341408, 40.89522987 -2.077073358, 40.895615161 -2.074052871, 40.898117651 -2.074013535, 40.899964001 -2.075033156, 40.900257742 -2.080114582, 40.895596095 -2.087932566, 40.897755255 -2.087423588, 40.903553705 -2.080381822, 40.906697079 -2.083515545, 40.909306387 -2.090872704, 40.912674832 -2.093328188, 40.912671029 -2.114495669, 40.910817057 -2.126614566, 40.911621979 -2.134606815, 40.913414924 -2.138827151, 40.912442157 -2.139153993, 40.91218657 -2.142807184, 40.913365338 -2.149569306, 40.915184984 -2.148879861, 40.917729438 -2.151155356, 40.916501085 -2.156193156, 40.917702738 -2.156327372, 40.915970833 -2.159494235, 40.917691297 -2.161915391, 40.919209575 -2.160584183, 40.919537647 -2.163387012, 40.915955587 -2.181755956, 40.916199737 -2.189161272, 40.9169131 -2.190453382, 40.918007939 -2.189538653, 40.918954006 -2.194420063, 40.918797604 -2.201762442, 40.919797075 -2.202602075, 40.920762218 -2.211570558, 40.919800895 -2.211246339, 40.919976377 -2.21423917, 40.923363898 -2.220274657, 40.927972145 -2.224147647, 40.924107782 -2.225916076, 40.908509174 -2.218449501, 40.906639935 -2.216164232, 40.904240443 -2.216221687, 40.903111269 -2.213564757, 40.900742295 -2.212229498, 40.90396196 -2.208500018, 40.903694925 -2.206438603, 40.899990778 -2.201642064, 40.897137332 -2.206392834, 40.892052239 -2.20264691, 40.889977005 -2.206573782, 40.88763092 -2.206947589, 40.885689199 -2.202284313, 40.886318635 -2.201189357, 40.889290343 -2.20107707, 40.889870183 -2.193200443, 40.886902288 -2.189551068, 40.885952411 -2.190845325, 40.883720769 -2.190414305, 40.883301145 -2.191734784, 40.885181829 -2.193667465, 40.881393764 -2.19994779, 40.878101616 -2.201244908, 40.875469423 -2.20065154, 40.869537455 -2.204248711, 40.872875382 -2.207454668, 40.879051498 -2.206072202, 40.879982303 -2.208593961, 40.8787158 -2.209933752, 40.879898381 -2.212708211, 40.879375758 -2.214915288, 40.883865747 -2.217206278, 40.877823147 -2.216789087, 40.8756678 -2.214956056, 40.867534706 -2.214523371, 40.863945006 -2.215495555, 40.862625094 -2.214186043, 40.860557488 -2.214993494, 40.863273608 -2.217856398, 40.870929857 -2.220450864, 40.870903155 -2.222955698, 40.87389775 -2.221703876, 40.880527826 -2.225529423, 40.874626374 -2.226242233, 40.875385515 -2.228149167, 40.878395371 -2.229664415, 40.87708309 -2.230570323, 40.868312927 -2.227118344, 40.867450791 -2.231107198, 40.862667069 -2.23533612, 40.860595648 -2.23570945, 40.862895956 -2.236330472, 40.873977868 -2.23420945, 40.877701086 -2.235922566, 40.866012626 -2.238469604, 40.863117214 -2.237695532, 40.859233779 -2.242104204, 40.855228268 -2.241512506, 40.851562273 -2.24403999, 40.848941524 -2.24313909, 40.849086485 -2.241438845, 40.85151268 -2.241354451, 40.856616842 -2.236772464, 40.851329568 -2.237158908, 40.842723444 -2.240054479, 40.834746759 -2.24558934, 40.828368461 -2.247595929, 40.829013156 -2.24542485, 40.831851347 -2.245358097, 40.834327131 -2.241023567, 40.841228051 -2.237090256, 40.841888006 -2.235163534, 40.837146243 -2.232447721, 40.833979982 -2.23275001, 40.830245319 -2.230620653, 40.825820185 -2.232895914, 40.822398333 -2.231805967, 40.816748656 -2.232699242, 40.809565444 -2.238640092, 40.802431823 -2.242311167, 40.801882492 -2.236081385, 40.79797998 -2.235860156, 40.79431017 -2.238007874, 40.791143913 -2.243600185, 40.791430021 -2.244657713, 40.796057338 -2.242346215, 40.797617581 -2.243058544, 40.798926049 -2.244946883, 40.798220317 -2.24691008, 40.800554958 -2.248118988, 40.801756611 -2.247267435, 40.800856326 -2.250116991, 40.798613241 -2.250291499, 40.797026297 -2.253006361, 40.795149429 -2.253289101, 40.795317281 -2.255513342, 40.79358156 -2.255859018, 40.791712323 -2.259252357, 40.790533557 -2.256966134, 40.789888862 -2.259417329, 40.787252855 -2.260270791, 40.785662098 -2.263844597, 40.783396124 -2.265330286, 40.780920336 -2.263570205, 40.780844034 -2.253912517, 40.777010187 -2.252479517, 40.777487036 -2.255273049, 40.77582761 -2.25623355, 40.772874975 -2.254247708, 40.773706593 -2.25006909, 40.771791576 -2.247494169, 40.772733823 -2.243939197, 40.776895738 -2.242966536, 40.776655407 -2.242062535, 40.770456403 -2.243345113, 40.768079804 -2.250211416, 40.763902629 -2.250207604, 40.766328827 -2.254310172, 40.764284111 -2.257965986, 40.758893838 -2.257502308, 40.757001709 -2.255099032, 40.753080123 -2.254416505, 40.75350356 -2.250211187, 40.750886627 -2.251607001, 40.749734562 -2.244364987, 40.75057381 -2.241886138, 40.749272972 -2.240422621, 40.749726929 -2.238767195, 40.747911097 -2.238055105, 40.749780333 -2.234761177, 40.747792836 -2.233624264, 40.747411356 -2.22888613, 40.746099074 -2.228200502, 40.746980287 -2.229935553, 40.745999898 -2.242162919, 40.747491478 -2.248518336, 40.746041865 -2.249713658, 40.739011238 -2.245327163, 40.739507155 -2.241112548, 40.736752892 -2.24418143, 40.735986121 -2.241252489, 40.733373002 -2.242177946, 40.731362616 -2.239793027, 40.729668854 -2.235056324, 40.730454696 -2.232460184, 40.732106492 -2.232114507, 40.731900493 -2.230559446, 40.728780007 -2.225788415, 40.728661746 -2.221339217, 40.726876435 -2.224434084, 40.729081377 -2.230372783, 40.727147288 -2.232066116, 40.722668743 -2.227314873, 40.721192422 -2.221393338, 40.718270307 -2.221948327, 40.71668336 -2.219381988, 40.712780847 -2.217406159, 40.71144186 -2.214667458, 40.70680691 -2.211534928, 40.707146424 -2.209083972, 40.703690239 -2.20796637, 40.705361108 -2.204953273, 40.698158821 -2.209781526, 40.703495687 -2.209305206, 40.710076173 -2.216658548, 40.711735602 -2.22117831, 40.71326151 -2.220317459, 40.716275182 -2.222647069, 40.724469319 -2.234402405, 40.728459578 -2.245755807, 40.727212153 -2.254945046, 40.722481835 -2.253142055, 40.717465414 -2.261883588, 40.709809166 -2.261440652, 40.708454923 -2.263449621, 40.703194349 -2.256962851, 40.701405221 -2.257408177, 40.701862995 -2.260093477, 40.705418365 -2.263055315, 40.706066877 -2.265270258, 40.709694727 -2.267436328, 40.712052256 -2.267234643, 40.712510027 -2.264819446, 40.717759154 -2.265889367, 40.721310707 -2.265098365, 40.724526563 -2.270818691, 40.726205063 -2.271205608, 40.731969181 -2.266686318, 40.734094008 -2.263717563, 40.733243312 -2.262307924, 40.736100575 -2.259862926, 40.736146354 -2.262693171, 40.739224878 -2.2665962, 40.740083204 -2.270420321, 40.741860888 -2.271530295, 40.743691977 -2.267947191, 40.745889289 -2.272547292, 40.750371647 -2.274757465, 40.751332972 -2.277966522, 40.753560799 -2.278877196, 40.751062123 -2.278717472, 40.745137779 -2.274112605, 40.742814584 -2.276177361, 40.744855491 -2.281229939, 40.741544266 -2.277978448, 40.740437984 -2.280801066, 40.741155164 -2.284688838, 40.739530072 -2.286589815, 40.742383524 -2.290366255, 40.74337155 -2.290564123, 40.744008616 -2.288600926, 40.746110557 -2.291202786, 40.747918758 -2.290268985, 40.749944403 -2.29104425, 40.752794043 -2.299721887, 40.755487275 -2.303471389, 40.755674196 -2.299637016, 40.75686059 -2.299318994, 40.758668795 -2.303847338, 40.756399006 -2.304329378, 40.759069348 -2.306822052, 40.759870453 -2.311107231, 40.757814288 -2.307592074, 40.756116717 -2.310940118, 40.754728139 -2.309838726, 40.753331929 -2.303944369, 40.749433228 -2.298261233, 40.747869173 -2.300424445, 40.745389569 -2.297398001, 40.741342095 -2.29662536, 40.738919713 -2.293562679, 40.736730033 -2.293429655, 40.733380662 -2.290458758, 40.732137046 -2.291056896, 40.730832392 -2.288074316, 40.729264523 -2.290952003, 40.727578393 -2.290357205, 40.727715723 -2.287625894, 40.728898302 -2.287208699, 40.727494465 -2.285618594, 40.728314639 -2.281765388, 40.730267802 -2.281111941, 40.73113757 -2.282069342, 40.731744118 -2.279717558, 40.726700987 -2.27586221, 40.725030119 -2.279445313, 40.723652986 -2.279347572, 40.722603925 -2.28271278, 40.718163529 -2.279534955, 40.716340069 -2.281499345, 40.716618545 -2.278062856, 40.713551466 -2.274096414, 40.710636982 -2.277057064, 40.707939936 -2.274555331, 40.708748671 -2.280233463, 40.710427171 -2.280683555, 40.709816809 -2.282610516, 40.711701307 -2.283621078, 40.712963999 -2.28756249, 40.716523183 -2.290307148, 40.710297473 -2.286860175, 40.708489271 -2.287766798, 40.706768806 -2.283328568, 40.705208567 -2.286522608, 40.701920232 -2.284437593, 40.703133331 -2.286932175, 40.702244489 -2.287982075, 40.698753972 -2.286855891, 40.699860258 -2.289639887, 40.697338695 -2.291894644, 40.690601807 -2.291676515, 40.690876472 -2.293213697, 40.69492776 -2.294339165, 40.694679801 -2.296437533, 40.697201365 -2.295801489, 40.698135986 -2.297500542, 40.699898409 -2.295463679, 40.702213976 -2.296166233, 40.702938784 -2.298037408, 40.706669631 -2.297490285, 40.706044009 -2.29903748, 40.707299071 -2.301839355, 40.704163332 -2.30662684, 40.705921942 -2.307185402, 40.702007987 -2.308790768, 40.706044017 -2.311118947, 40.707680556 -2.313703405, 40.712933494 -2.309021767, 40.713887188 -2.309852579, 40.71355149 -2.312810128, 40.72848251 -2.315676601, 40.728970799 -2.31352364, 40.725793093 -2.311004743, 40.728116287 -2.307872924, 40.736321866 -2.313885521, 40.738255955 -2.313530547, 40.740933926 -2.315399099, 40.746831565 -2.316485946, 40.749829977 -2.318715906, 40.753915597 -2.317942068, 40.757509114 -2.320388254, 40.757589225 -2.321699436, 40.760061198 -2.321723512, 40.762163146 -2.336325069, 40.767461872 -2.34661808, 40.765333229 -2.347868711, 40.766111447 -2.354767433, 40.768808491 -2.354691621, 40.769109857 -2.352249724, 40.774553539 -2.355507172, 40.775373716 -2.357694461, 40.772878858 -2.362219232, 40.774736654 -2.365598742, 40.776388449 -2.363191173, 40.775968823 -2.360994348, 40.777803729 -2.362737265, 40.778913826 -2.360231, 40.777902914 -2.364572919, 40.77976834 -2.367002895, 40.781046288 -2.365943221, 40.780458811 -2.362815218, 40.782549306 -2.36275824, 40.783358039 -2.364999884, 40.78012693 -2.37028514, 40.77488925 -2.372552534, 40.77916561 -2.373577875, 40.780535112 -2.372825495, 40.778734542 -2.375269538, 40.778059326 -2.374293781, 40.773870707 -2.375121974, 40.772409647 -2.371280689, 40.771104996 -2.373832488, 40.76836599 -2.373736416, 40.768732209 -2.375635007, 40.771097368 -2.375975674, 40.769395981 -2.377361237, 40.769140393 -2.379767136, 40.770189454 -2.378372992, 40.771021075 -2.379357808, 40.771303367 -2.378254031, 40.774332297 -2.378548687, 40.776964488 -2.376971692, 40.780622855 -2.377346926, 40.777338339 -2.380796289, 40.77113552 -2.38290229, 40.769308247 -2.386585042, 40.771295745 -2.388716784, 40.770872306 -2.390073738, 40.761613858 -2.397265695, 40.760599131 -2.400033958, 40.768610148 -2.394010146, 40.774313236 -2.39855136, 40.774172084 -2.390584859, 40.772474508 -2.386192163, 40.777254416 -2.383889248, 40.779245728 -2.386318985, 40.78356786 -2.378428053, 40.784960252 -2.378751794, 40.786455641 -2.376670114, 40.78587961 -2.375296234, 40.788610986 -2.374632774, 40.787477997 -2.371984665, 40.788897091 -2.370083689, 40.78702785 -2.366297236, 40.789713449 -2.364259181, 40.792334197 -2.364056781, 40.791449168 -2.361354317, 40.788713976 -2.360598124, 40.791910753 -2.357854176, 40.78932815 -2.35393303, 40.790781578 -2.353325117, 40.789221335 -2.351609139, 40.790319988 -2.34970864, 40.794626868 -2.353464815, 40.797144618 -2.35384148, 40.796606734 -2.352178187, 40.797533724 -2.352520762, 40.798590414 -2.349779438, 40.796141327 -2.344203103, 40.800593171 -2.352127883, 40.803912025 -2.355460428, 40.810618396 -2.358544084, 40.817328581 -2.358842791, 40.821837645 -2.364515675, 40.825091651 -2.372875767, 40.82529766 -2.390173829, 40.823905269 -2.39258998, 40.821864368 -2.395585912, 40.814639192 -2.398932291, 40.780279559 -2.427769728, 40.772978091 -2.438006962, 40.771280522 -2.444076781, 40.771692523 -2.451916455, 40.770223837 -2.453989076, 40.753801242 -2.452591129, 40.737695277 -2.457612966, 40.66492469 -2.469380989, 40.443488553 -2.401592089, 40.250808204 -2.400516569, 40.250831 -2.252621687, 40.213343106 -2.039033969, 40.500122377 -1.905535448, 40.899036827 -1.71762199, 41.563352577 -1.661719074, 41.554879976 -1.673452607, 41.547975242 -1.678152482, 41.54536594 -1.682720283, 41.540051965 -1.684932607, 41.539437788 -1.687988377, 41.536923854 -1.6890943)), ((41.20590485 -2.007816081, 41.209990471 -2.009112242, 41.210886944 -2.012067407, 41.213656469 -2.013329239, 41.215479933 -2.019582621, 41.214091355 -2.017188881, 41.207327765 -2.016709946, 41.204512462 -2.014851407, 41.201750565 -2.010344042, 41.203783839 -2.01236636, 41.205092305 -2.009697508, 41.202349482 -2.006166378, 41.20590485 -2.007816081)), ((41.201384346 -2.008274282, 41.201849749 -2.009494158, 41.201453013 -2.009684399, 41.200682427 -2.007389116, 41.201384346 -2.008274282)), ((41.166841579 -1.992029236, 41.172952844 -1.993295834, 41.172014412 -1.995340324, 41.166967468 -1.994443002, 41.169496662 -1.995750487, 41.169908659 -1.997476718, 41.167100987 -1.997724532, 41.164957083 -1.993369741, 41.166841579 -1.992029236)), ((41.164728191 -1.983416203, 41.163553244 -1.988426348, 41.15903274 -1.988739723, 41.156488285 -1.984674703, 41.154084979 -1.985147922, 41.154783083 -1.987506619, 41.153302953 -1.988665823, 41.147687609 -1.98852851, 41.144586198 -1.987167386, 41.14702765 -1.983638279, 41.148988444 -1.985525307, 41.150876756 -1.985052684, 41.152230998 -1.981308067, 41.155992361 -1.978003172, 41.163908013 -1.980144566, 41.164728191 -1.983416203)), ((41.178823778 -1.993911848, 41.176077143 -1.994674957, 41.175493482 -1.99289473, 41.178327854 -1.98741232, 41.183149727 -1.989168824, 41.181681041 -1.992398265, 41.178823778 -1.993911848)), ((41.189901866 -1.977389043, 41.190611416 -1.981185153, 41.189085509 -1.985336832, 41.186392281 -1.985231939, 41.184439117 -1.983869384, 41.186438056 -1.982591934, 41.185450029 -1.980179479, 41.183321386 -1.979043163, 41.187326896 -1.977808265, 41.188345439 -1.975899423, 41.186964491 -1.974816387, 41.188559064 -1.972970004, 41.187754147 -1.972627547, 41.19039397 -1.973528089, 41.189901866 -1.977389043)), ((41.16620831 -1.960794381, 41.165491136 -1.96626499, 41.169370757 -1.963131859, 41.17349071 -1.962529786, 41.176649342 -1.963610556, 41.177305485 -1.968663374, 41.17563843 -1.967580696, 41.171922842 -1.968643351, 41.168844323 -1.971368585, 41.158597847 -1.972756178, 41.147367159 -1.972481432, 41.145986211 -1.971109102, 41.146890311 -1.96885673, 41.150209162 -1.96802973, 41.149949754 -1.962795373, 41.155057735 -1.964895288, 41.154756366 -1.9622467, 41.157953144 -1.959873936, 41.160886704 -1.961868123, 41.161382623 -1.958811639, 41.163160307 -1.959261373, 41.16437722 -1.961556179, 41.167162002 -1.95773742, 41.16620831 -1.960794381)), ((41.307320534 -1.971507017, 41.300171656 -1.980249385, 41.293045666 -1.985900225, 41.288769312 -1.994195836, 41.279423128 -2.005743896, 41.267940671 -2.016264587, 41.260238653 -2.026770971, 41.257362319 -2.032841029, 41.254836939 -2.031976604, 41.25101454 -2.034775384, 41.259967803 -2.023733798, 41.262668657 -2.015955628, 41.268798991 -2.010052922, 41.269439871 -2.006887968, 41.270519453 -2.008766771, 41.272064433 -2.004687565, 41.27344538 -2.004794127, 41.275009434 -1.999684332, 41.278412209 -1.99823309, 41.283398113 -1.993100526, 41.286289707 -1.987292823, 41.302994581 -1.969144509, 41.306771205 -1.968840908, 41.307320534 -1.971507017)), ((41.189402116 -1.949951491, 41.188517092 -1.955358925, 41.187208626 -1.956807185, 41.185755196 -1.953247089, 41.183283224 -1.951713365, 41.183737181 -1.950501356, 41.186377003 -1.951402017, 41.186308336 -1.949512604, 41.188185203 -1.94724998, 41.189402116 -1.949951491)), ((41.269043105 -1.951753012, 41.264343306 -1.951894979, 41.263813052 -1.949364399, 41.268684515 -1.949620077, 41.269043105 -1.951753012)), ((41.210730496 -1.93249357, 41.209887432 -1.935260998, 41.207877047 -1.934703151, 41.207236165 -1.932633749, 41.209914133 -1.930451464, 41.211348487 -1.930422498, 41.210730496 -1.93249357)), ((41.210741935 -1.924094973, 41.209025288 -1.924684768, 41.207682486 -1.920265728, 41.209216023 -1.917551581, 41.211386628 -1.916789425, 41.212962131 -1.921497402, 41.210741935 -1.924094973)), ((41.377229997 -1.896353972, 41.374311697 -1.897180614, 41.377592396 -1.889564911, 41.380110145 -1.889317335, 41.381609351 -1.890806836, 41.378755903 -1.892889829, 41.377229997 -1.896353972)), ((41.351033975 -1.924132446, 41.348924408 -1.925988484, 41.353002394 -1.917277705, 41.357961595 -1.91304938, 41.358007371 -1.911205262, 41.361375813 -1.909456025, 41.363344237 -1.912490575, 41.3588924 -1.915452537, 41.351033975 -1.924132446)), ((41.229987453 -1.913908391, 41.226897488 -1.914563388, 41.228591245 -1.91017653, 41.231047957 -1.908437663, 41.23608727 -1.908232162, 41.236613709 -1.91001239, 41.23535865 -1.911343001, 41.229987453 -1.913908391)), ((41.348821405 -1.917880017, 41.348661185 -1.919832843, 41.343904165 -1.91928799, 41.341516119 -1.92235568, 41.338704633 -1.922088439, 41.342691066 -1.917400366, 41.348821405 -1.917880017)), ((41.226241351 -1.920142109, 41.225398287 -1.922511773, 41.222979721 -1.920797225, 41.223773193 -1.918897799, 41.227141635 -1.916976797, 41.226241351 -1.920142109)), ((41.345155414 -1.928027612, 41.345399561 -1.931019372, 41.33513783 -1.939250619, 41.327279406 -1.947812998, 41.326978037 -1.945399828, 41.330342664 -1.942330707, 41.330502883 -1.940197175, 41.339101374 -1.931344429, 41.339078483 -1.927547842, 41.343042031 -1.928844003, 41.341645823 -1.925401913, 41.345155414 -1.928027612)), ((41.235927062 -1.931131477, 41.234565189 -1.933266797, 41.231963513 -1.928858486, 41.232467061 -1.926896123, 41.235927062 -1.931131477)), ((41.214240081 -1.924940207, 41.215907137 -1.92619465, 41.215231924 -1.928039721, 41.213442795 -1.926035044, 41.211096711 -1.927186263, 41.212065662 -1.925069538, 41.214240081 -1.924940207)), ((41.242663946 -1.926602413, 41.240836671 -1.927535975, 41.242015433 -1.923674186, 41.243384936 -1.92274122, 41.2455708 -1.923823182, 41.242663946 -1.926602413)), ((41.38921219 -1.888229168, 41.387506988 -1.890075551, 41.386007782 -1.888703579, 41.393297806 -1.881181921, 41.405001516 -1.863385602, 41.416964633 -1.852097273, 41.419249681 -1.850521351, 41.422515125 -1.85039035, 41.425647051 -1.84726759, 41.429705967 -1.845969399, 41.433795399 -1.839790154, 41.435798153 -1.839317294, 41.434302762 -1.83794544, 41.43767502 -1.836657262, 41.438945339 -1.838436178, 41.438556234 -1.840569948, 41.432818822 -1.849002161, 41.427325552 -1.850356615, 41.394560496 -1.881406133, 41.392637853 -1.885847107, 41.38921219 -1.888229168)), ((41.454269268 -1.823030975, 41.452098664 -1.82402819, 41.454936852 -1.819812143, 41.456107984 -1.814332951, 41.458068777 -1.816111032, 41.454269268 -1.823030975)), ((41.5066079 -1.75850459, 41.506001353 -1.762816829, 41.500580565 -1.766475744, 41.49420227 -1.773308555, 41.491947739 -1.769524366, 41.494297638 -1.769512206, 41.497345636 -1.761264871, 41.510991069 -1.75318405, 41.511548025 -1.750878515, 41.513730074 -1.751210005, 41.51100633 -1.75628428, 41.5066079 -1.75850459)), ((41.511548025 -1.750354281, 41.510121301 -1.751802303, 41.507794287 -1.745026593, 41.509976337 -1.745936552, 41.511548025 -1.750354281)), ((41.25605 -1.964490077, 41.255779152 -1.966678201, 41.250552914 -1.964696413, 41.248958338 -1.962122087, 41.251220497 -1.961070399, 41.252883738 -1.961746133, 41.2537001 -1.964104591, 41.25605 -1.964490077)), ((41.244292872 -1.962028995, 41.245620414 -1.963744855, 41.241149501 -1.962973406, 41.239772367 -1.961004488, 41.244292872 -1.962028995)), ((41.24513975 -1.959261567, 41.245837854 -1.961330731, 41.241469939 -1.958715044, 41.243014922 -1.958812309, 41.24513975 -1.959261567)), ((41.281380078 -1.955641493, 41.279842726 -1.957261757, 41.277801826 -1.961305443, 41.276588727 -1.959354405, 41.277374569 -1.956243566, 41.276806168 -1.95704899, 41.275192519 -1.955568547, 41.276203431 -1.951815587, 41.278026891 -1.9500232, 41.280262348 -1.95058963, 41.281380078 -1.955641493)), ((41.239402333 -1.957922257, 41.237987054 -1.960916521, 41.236361959 -1.957302547, 41.239337481 -1.956710964, 41.239402333 -1.957922257)))",Lamu,Lamu,1370685216,-332.4908,6459.011599999996,266315162783,0.0,0.0,0.0,0.0,0.0,50.0,50.24732506266597,6.166666666666667,8.512139668680867,-6.166666666666667,-1.0,-0.7244555313578778,0,0,0,0,,,0.0,0.0,0.0,0.0,,0,0,0,0,,,0.0,0.0,0.0,0.0,,0,0,0,0,,,0.0,0.0,0.0,0.0,,0,0,0,0,50.0,50.24732506266597,6.166666666666667,8.512139668680867,-6.166666666666667,-1.0,-0.7244555313578778,0,0,0,0,,,,,,,,,,,,,,,,,,,,
53,26258568,2022-07-01,Kenya,Kenya_2022-07,54986000,987653,197531.0,0.2,3.0,0.5,0.3,0.15,0.05,0.0,0.4,0.35,0.2,0.05,0.0,,,,,,Makueni,"POLYGON ((37.49066613 -1.519625195, 37.497967613 -1.526286839, 37.50201509 -1.526036401, 37.507493109 -1.530010596, 37.513241974 -1.526541679, 37.516015316 -1.52726712, 37.519181581 -1.530308111, 37.519215915 -1.534215319, 37.522557658 -1.534036758, 37.521375079 -1.538205249, 37.523328245 -1.54019634, 37.525971884 -1.538470822, 37.528668931 -1.540236269, 37.531602493 -1.539614291, 37.536306112 -1.541959996, 37.545446314 -1.542735021, 37.5466823 -1.538919119, 37.552469314 -1.539040699, 37.556398534 -1.543321354, 37.551164664 -1.546944514, 37.552038248 -1.550165018, 37.564585046 -1.554270686, 37.562303811 -1.556050797, 37.557642156 -1.556798293, 37.557241606 -1.559520429, 37.561140306 -1.559939172, 37.563932723 -1.562401096, 37.567896273 -1.560106524, 37.57712803 -1.559950013, 37.577234844 -1.562410269, 37.574045694 -1.567373458, 37.579256677 -1.567829271, 37.584002256 -1.562532445, 37.592692313 -1.559146609, 37.598940912 -1.553136141, 37.599185059 -1.556726996, 37.601637961 -1.559957512, 37.600211237 -1.563610589, 37.608084933 -1.563226886, 37.609488772 -1.568672707, 37.615756447 -1.566135326, 37.618239866 -1.567231355, 37.620772878 -1.570498108, 37.620849176 -1.576232509, 37.6222492 -1.579679371, 37.629512536 -1.590076576, 37.632594875 -1.592312619, 37.63515459 -1.592305347, 37.638492518 -1.591366896, 37.642028813 -1.588330194, 37.643188505 -1.589145034, 37.640773754 -1.592327158, 37.64415746 -1.59499756, 37.644455013 -1.596291102, 37.642578144 -1.597881807, 37.644611421 -1.602116094, 37.6432114 -1.605235519, 37.644077357 -1.612064877, 37.647560251 -1.623146997, 37.651046957 -1.624840687, 37.649734676 -1.631116845, 37.656650865 -1.632731386, 37.657497748 -1.640628047, 37.661171379 -1.645560002, 37.661396451 -1.647613315, 37.668770411 -1.645094767, 37.670502317 -1.640817686, 37.67222278 -1.639986753, 37.67296666 -1.636034607, 37.681843639 -1.629103093, 37.683392436 -1.626254963, 37.684063835 -1.621027514, 37.67950136 -1.611780693, 37.678974919 -1.607818774, 37.682312845 -1.602954759, 37.684082895 -1.588864067, 37.695763736 -1.585533895, 37.698395932 -1.5893163, 37.702668479 -1.585936306, 37.712533496 -1.606429263, 37.719415352 -1.610811354, 37.72908199 -1.605489972, 37.728650919 -1.599737096, 37.735528956 -1.595037931, 37.736627609 -1.590000484, 37.7366772 -1.586961399, 37.733175235 -1.583087926, 37.735704431 -1.581741817, 37.737386745 -1.577346968, 37.746568906 -1.571265219, 37.751200043 -1.571077956, 37.753488907 -1.568754777, 37.754892745 -1.568855141, 37.757898788 -1.571624717, 37.760881945 -1.578365152, 37.764753944 -1.58260063, 37.769354564 -1.58546163, 37.773428744 -1.58593437, 37.773428745 -1.589326282, 37.777182486 -1.593534583, 37.776591197 -1.596528134, 37.783713386 -1.60711534, 37.785410964 -1.614171532, 37.788119455 -1.615222385, 37.788954892 -1.618225948, 37.792163119 -1.621737415, 37.793711921 -1.628739371, 37.796904887 -1.629256811, 37.798350689 -1.633979335, 37.802051022 -1.637292097, 37.804965514 -1.646040668, 37.801688624 -1.649647735, 37.80226847 -1.650905398, 37.806472352 -1.650736015, 37.807288715 -1.652138623, 37.804835816 -1.65537534, 37.809253326 -1.656761855, 37.811488786 -1.66143062, 37.816097036 -1.665033392, 37.821926013 -1.666909335, 37.823650294 -1.672509398, 37.820880769 -1.677754013, 37.820964697 -1.682982296, 37.826240531 -1.685129178, 37.832054248 -1.683359793, 37.832824833 -1.683912039, 37.831722364 -1.687158649, 37.833625939 -1.691872471, 37.838302853 -1.692182862, 37.837272866 -1.69698525, 37.839004776 -1.701870837, 37.835468484 -1.711909019, 37.843658806 -1.71247485, 37.8461613 -1.714430181, 37.84572642 -1.725275335, 37.849651825 -1.728633631, 37.851906359 -1.734179816, 37.851749955 -1.73754455, 37.854042637 -1.74204155, 37.855179443 -1.748265497, 37.854626302 -1.75243506, 37.8568198 -1.757067708, 37.854603418 -1.762737861, 37.855599076 -1.766040016, 37.852840994 -1.767413183, 37.853531469 -1.769539326, 37.851135792 -1.771799211, 37.84707687 -1.769119274, 37.843048468 -1.769686541, 37.840423905 -1.774687037, 37.8412746 -1.776985064, 37.839657138 -1.780964029, 37.848888902 -1.799657682, 37.869210218 -1.819606609, 37.877858317 -1.829715826, 37.879853447 -1.834456944, 37.880387515 -1.83272952, 37.882844231 -1.835064855, 37.888768577 -1.836045498, 37.893376828 -1.841348993, 37.893903268 -1.844289142, 37.888020886 -1.846501587, 37.885583248 -1.853139513, 37.887658489 -1.860567125, 37.888707553 -1.862268444, 37.892655844 -1.861040698, 37.898290268 -1.862563933, 37.902234747 -1.865397636, 37.899640702 -1.871302729, 37.90217753 -1.875890438, 37.907697518 -1.894808184, 37.906347093 -1.905146387, 37.908151482 -1.906513473, 37.917345089 -1.904384584, 37.91946992 -1.906005086, 37.91875656 -1.912264197, 37.91345021 -1.916159367, 37.913919428 -1.919524697, 37.911127015 -1.923294945, 37.912813148 -1.928433828, 37.91236682 -1.930604552, 37.910062697 -1.932683493, 37.909852886 -1.935985052, 37.915601756 -1.942962927, 37.917429037 -1.950073948, 37.914678587 -1.957172932, 37.917574003 -1.961001108, 37.926103854 -1.989165553, 37.931188952 -1.993465634, 37.929094642 -1.997697538, 37.934359034 -2.00264892, 37.938749841 -2.004569443, 37.937098047 -2.010484309, 37.942274698 -2.013961087, 37.939642508 -2.021946908, 37.943800613 -2.023686249, 37.944853492 -2.02558651, 37.943113957 -2.029239944, 37.94317881 -2.03265927, 37.939745513 -2.03471926, 37.940115547 -2.036347749, 37.945036609 -2.040141117, 37.948775087 -2.038027012, 37.952269422 -2.04004647, 37.956252053 -2.051935083, 37.955656953 -2.060329037, 37.959940949 -2.067224665, 37.961299015 -2.079491615, 37.958685904 -2.097029521, 37.960291928 -2.104601721, 37.957083705 -2.109448093, 37.958220511 -2.115328628, 37.955531099 -2.122590437, 37.954592671 -2.135561373, 37.955176333 -2.138049283, 37.958449411 -2.139562148, 37.963835876 -2.145744014, 37.966166711 -2.158536389, 37.966082791 -2.168839187, 37.969607644 -2.169945347, 37.97548621 -2.16554406, 37.984515781 -2.163514821, 37.989932759 -2.159764358, 38.010303655 -2.154241883, 38.02177468 -2.148984511, 38.024086435 -2.152097973, 38.026321899 -2.161877965, 38.028992243 -2.164819542, 38.038548256 -2.169077305, 38.044587045 -2.168782643, 38.049504291 -2.171318468, 38.051804603 -2.176765597, 38.048710824 -2.18244445, 38.055226463 -2.188735501, 38.055855905 -2.195583689, 38.060628196 -2.208956797, 38.062951396 -2.212802853, 38.070691576 -2.215874353, 38.07122183 -2.217303781, 38.064835899 -2.221035887, 38.063805911 -2.223215312, 38.065213564 -2.225649581, 38.068768935 -2.225950198, 38.069585297 -2.227371043, 38.072587533 -2.241747087, 38.073014794 -2.25246684, 38.077176716 -2.256413497, 38.077069907 -2.26368627, 38.083715244 -2.262641373, 38.086225367 -2.265709539, 38.088498978 -2.273752809, 38.092390049 -2.275365561, 38.099203237 -2.274501369, 38.102121544 -2.282907002, 38.104700333 -2.285124806, 38.112322255 -2.287237474, 38.113184395 -2.28931844, 38.111795819 -2.29209481, 38.112287927 -2.296654388, 38.110369098 -2.301818542, 38.111048129 -2.303094441, 38.116385 -2.30403849, 38.118803574 -2.316089449, 38.128210814 -2.324182539, 38.14715117 -2.32397703, 38.149417147 -2.325045762, 38.153758365 -2.331308444, 38.15979334 -2.334441928, 38.175136369 -2.341208575, 38.187542016 -2.341812903, 38.197544362 -2.351380716, 38.199501344 -2.356936315, 38.212280841 -2.358309473, 38.223645081 -2.40224481, 38.232766209 -2.404122656, 38.236428397 -2.411298398, 38.245492304 -2.414478844, 38.251046621 -2.422433666, 38.274202305 -2.425721144, 38.283533263 -2.455624681, 38.289156259 -2.484775363, 38.297632692 -2.490687361, 38.302168465 -2.499953365, 38.313185537 -2.504690302, 38.313952309 -2.50781187, 38.312746844 -2.513293328, 38.31734365 -2.517004925, 38.31836983 -2.526368436, 38.321906129 -2.530631207, 38.322196054 -2.533255002, 38.319952969 -2.538012212, 38.324191187 -2.543505586, 38.323039129 -2.549358229, 38.325598844 -2.551376971, 38.333701427 -2.553262923, 38.33895056 -2.557589821, 38.337962536 -2.561253027, 38.332072526 -2.565221384, 38.335738529 -2.571782062, 38.339911903 -2.587860016, 38.347453714 -2.590496441, 38.350318617 -2.601335626, 38.36202618 -2.630987173, 38.363574986 -2.640993639, 38.368015386 -2.644533113, 38.36776743 -2.652005422, 38.373726113 -2.658711996, 38.38238947 -2.664994699, 38.382790028 -2.673697612, 38.387230431 -2.681561365, 38.391583099 -2.696988018, 38.398556517 -2.711167615, 38.405716863 -2.731200329, 38.411816694 -2.740277044, 38.414517563 -2.752998132, 38.420029918 -2.760527652, 38.427304707 -2.779719063, 38.433251948 -2.791048389, 38.431844298 -2.793824997, 38.424092679 -2.797756404, 38.422524814 -2.807372377, 38.41894656 -2.813241708, 38.41965611 -2.816716102, 38.42665241 -2.821242774, 38.427228447 -2.829412154, 38.432180033 -2.840813476, 38.43227922 -2.844459277, 38.428403414 -2.851830508, 38.432656892 -2.857106702, 38.439721855 -2.85897382, 38.439210681 -2.866536481, 38.446348128 -2.871280571, 38.446664756 -2.873723184, 38.443876161 -2.881275834, 38.44611925 -2.882570565, 38.454031092 -2.88216743, 38.455488337 -2.884293928, 38.455587523 -2.88672772, 38.451349312 -2.891475156, 38.451082281 -2.895129779, 38.454397321 -2.896985933, 38.458059505 -2.897186899, 38.461530952 -2.899676235, 38.462198542 -2.906316776, 38.466383354 -2.911502618, 38.473600918 -2.92593539, 38.476717598 -2.938584242, 38.477888735 -2.939534729, 38.485796761 -2.938136049, 38.487990257 -2.939123249, 38.489092733 -2.946587212, 38.493857391 -2.953130245, 38.492457373 -2.957788757, 38.494555499 -2.958667247, 38.498740306 -2.957981615, 38.500910915 -2.961148952, 38.499453677 -2.96856643, 38.501391598 -2.98849735, 38.491530406 -2.98889095, 38.487582111 -2.983723466, 38.476664231 -2.990313237, 38.468042842 -2.991693322, 38.465551796 -2.993736623, 38.459921189 -2.99509978, 38.456007227 -2.990728302, 38.448816365 -2.975019869, 38.427896128 -2.957178273, 38.406872885 -2.929972928, 38.403618881 -2.928786192, 38.398491825 -2.930782769, 38.382572764 -2.920877157, 38.352756463 -2.89080772, 38.320739019 -2.836238963, 38.297247617 -2.809230294, 38.277685431 -2.779691041, 38.26396749 -2.763489367, 38.176395477 -2.701094553, 38.164581116 -2.696988654, 38.162994169 -2.695648626, 38.161739102 -2.686438882, 38.158397363 -2.692026905, 38.158038778 -2.697653547, 38.154384226 -2.700998018, 38.147487114 -2.702512796, 38.134261289 -2.701200908, 38.129370749 -2.702807467, 38.119723187 -2.708309672, 38.118155315 -2.709900495, 38.116884999 -2.715001472, 38.114054437 -2.716917231, 38.101667867 -2.721467281, 37.975406495 -2.79077361, 37.944285554 -2.781700251, 37.938433683 -2.773147055, 37.932047745 -2.766827398, 37.928450405 -2.756593741, 37.927058004 -2.745041272, 37.927279259 -2.742671607, 37.929900008 -2.740032553, 37.931174132 -2.724773964, 37.926020362 -2.712340859, 37.921076409 -2.706140162, 37.908789019 -2.705722261, 37.902124605 -2.703698992, 37.893171309 -2.676301244, 37.87882393 -2.661345191, 37.871434702 -2.648249821, 37.862855259 -2.627455664, 37.850689927 -2.606178994, 37.596949971 -2.313849068, 37.599669904 -2.311328258, 37.601230148 -2.312234403, 37.602309728 -2.311023346, 37.605559918 -2.312012453, 37.606940866 -2.311091287, 37.608832992 -2.30799999, 37.60722697 -2.305393601, 37.610328382 -2.303994687, 37.614402559 -2.299141877, 37.618114335 -2.298837919, 37.619548692 -2.299861356, 37.623008696 -2.306177679, 37.626853988 -2.302934526, 37.631790308 -2.303264941, 37.632919479 -2.30021799, 37.631744527 -2.296987951, 37.634594163 -2.295661033, 37.637325544 -2.299317801, 37.642204642 -2.298906325, 37.646900631 -2.300972985, 37.648376946 -2.294995897, 37.656239194 -2.289341357, 37.659584752 -2.289036922, 37.662476353 -2.29125568, 37.665936354 -2.291810666, 37.670773488 -2.28965341, 37.668614323 -2.285744179, 37.66872495 -2.282795687, 37.671883584 -2.282165363, 37.673516301 -2.270725411, 37.679120203 -2.266569912, 37.67915835 -2.264896604, 37.676751225 -2.262407027, 37.678933273 -2.255815591, 37.67913545 -2.244283618, 37.676240033 -2.240780616, 37.675900513 -2.23162713, 37.678456411 -2.229295845, 37.68018069 -2.229523513, 37.686970986 -2.223134949, 37.689439142 -2.217393636, 37.695722074 -2.211818483, 37.706327141 -2.197319893, 37.710534837 -2.194402151, 37.71656218 -2.192408435, 37.725507829 -2.193338654, 37.723562291 -2.189854723, 37.707959857 -2.183319797, 37.7062165 -2.174128882, 37.699727563 -2.16657981, 37.690347031 -2.166227941, 37.667603336 -2.157850687, 37.621139376 -2.163290215, 37.592494223 -2.154309581, 37.573584374 -2.139395958, 37.56455098 -2.128651891, 37.551870667 -2.129417629, 37.545774655 -2.12721413, 37.543459085 -2.124860438, 37.544954473 -2.117979111, 37.541761504 -2.114403636, 37.537183773 -2.112509098, 37.534589723 -2.108002683, 37.454158981 -2.076243727, 37.382422101 -2.024460377, 37.360563432 -2.013984035, 37.315877149 -2.009715084, 37.309227992 -2.0042732, 37.299076875 -2.005284485, 37.287785136 -1.998544652, 37.280914723 -1.995941957, 37.276077578 -1.976792725, 37.268734131 -1.96705469, 37.266296486 -1.960260736, 37.258941598 -1.959674402, 37.253738241 -1.954378774, 37.248622626 -1.952374931, 37.245189324 -1.944476842, 37.235969008 -1.937024796, 37.222949177 -1.934298376, 37.216090211 -1.934969347, 37.211100484 -1.933806569, 37.207793074 -1.935909947, 37.201224029 -1.934103497, 37.191477279 -1.93679691, 37.187776946 -1.935391324, 37.184568718 -1.931906439, 37.183401395 -1.929599234, 37.184789972 -1.926562413, 37.183996498 -1.92487063, 37.17627539 -1.922095335, 37.172021914 -1.919106674, 37.170808813 -1.91375216, 37.159692549 -1.898259342, 37.160218986 -1.894642979, 37.154088639 -1.888378983, 37.155854879 -1.885894171, 37.160733977 -1.886713181, 37.161962334 -1.883612828, 37.161271857 -1.878430793, 37.164823411 -1.873542462, 37.163194499 -1.868956182, 37.163461529 -1.858855898, 37.158132284 -1.852791916, 37.156186746 -1.846351504, 37.151471682 -1.844547199, 37.148839486 -1.841931151, 37.143918425 -1.84189885, 37.142812139 -1.839808944, 37.144807265 -1.837016837, 37.149518513 -1.835267597, 37.149888545 -1.833450416, 37.149056923 -1.831867103, 37.145589292 -1.830986347, 37.144593634 -1.828950795, 37.14462415 -1.823688063, 37.14689394 -1.820887255, 37.143277531 -1.815928242, 37.147679779 -1.808599321, 37.153218831 -1.803821485, 37.153558344 -1.800096413, 37.151956137 -1.797192143, 37.161042927 -1.782905008, 37.162320876 -1.781866431, 37.212790356 -1.775740083, 37.220568682 -1.772293216, 37.226374766 -1.761076636, 37.244956528 -1.737700135, 37.264434782 -1.760796145, 37.274475275 -1.76782301, 37.279693889 -1.769889671, 37.293186743 -1.75335314, 37.301838655 -1.755061131, 37.287941412 -1.720259351, 37.312592484 -1.702484104, 37.319214938 -1.71043905, 37.350042138 -1.706125124, 37.351064498 -1.707455379, 37.358652087 -1.708890764, 37.362951337 -1.704779606, 37.365343202 -1.706508937, 37.373411453 -1.707365971, 37.386301578 -1.703569493, 37.388331037 -1.700839966, 37.391447709 -1.700399526, 37.393671722 -1.69764306, 37.395979661 -1.698079087, 37.400015692 -1.695468758, 37.402659332 -1.695959378, 37.406420699 -1.69267963, 37.40811446 -1.693314003, 37.410018032 -1.69132601, 37.413752697 -1.690958281, 37.414107471 -1.690135573, 37.408511193 -1.686061252, 37.408610377 -1.683881827, 37.406035401 -1.679394005, 37.40706539 -1.677441414, 37.402632619 -1.673295811, 37.401247854 -1.669360593, 37.401732329 -1.66523704, 37.395972016 -1.661886254, 37.393965441 -1.655291717, 37.38780076 -1.644551936, 37.386187106 -1.634756323, 37.383238284 -1.633379344, 37.377970076 -1.625859828, 37.375952056 -1.61725775, 37.370817363 -1.604655849, 37.366594404 -1.599570008, 37.364568756 -1.592297351, 37.34313734 -1.574699728, 37.341607613 -1.570430038, 37.337666948 -1.566248795, 37.336163925 -1.562612169, 37.342294267 -1.55595195, 37.351114027 -1.552540485, 37.350888954 -1.551220004, 37.366060311 -1.536915821, 37.366727896 -1.534293692, 37.37190073 -1.530987719, 37.373026088 -1.528329711, 37.380121568 -1.5217695, 37.382357026 -1.52197011, 37.383161944 -1.520659403, 37.384760335 -1.522017193, 37.39564389 -1.523806954, 37.399306074 -1.52251639, 37.406870775 -1.526184721, 37.409487711 -1.52605098, 37.421271555 -1.532290897, 37.428008449 -1.534131796, 37.429236806 -1.532305913, 37.431216675 -1.533871942, 37.433272839 -1.532354068, 37.43521456 -1.534146216, 37.437732312 -1.533804354, 37.439658772 -1.530088698, 37.441962898 -1.53315627, 37.448879085 -1.531370674, 37.455387089 -1.523751265, 37.458972978 -1.523401178, 37.459919041 -1.521357877, 37.465580167 -1.519869681, 37.472393357 -1.520697512, 37.474411374 -1.523140842, 37.476593424 -1.518638476, 37.482491067 -1.519791242, 37.486515654 -1.517451731, 37.49066613 -1.519625195))",Makueni,Makueni,243484248,-57.80079999999999,1056.1077,47688763616,0.0,0.0,0.0,0.0,0.0,50.0,83.3333333333333,0.16666666666666666,0.337831962346088,-0.16666666666666666,-1.0,-0.4933419132673034,0,0,0,0,,,0.0,0.0,0.0,0.0,,0,0,0,0,,,0.0,0.0,0.0,0.0,,0,0,0,0,,,0.0,0.0,0.0,0.0,,0,0,0,0,50.0,83.3333333333333,0.16666666666666666,0.337831962346088,-0.16666666666666666,-1.0,-0.4933419132673034,0,0,0,0,-2.15,37.119096758528634,36.94478960765369,19.09916666666665,27.81527167593007,-21.24916666666665,-1.1125703564727956,-0.763938850363795,0.0,0.0,0.0,0.0,-0.4987023393687637,0.0,0.0,0.0,0.0,-1.067561322760125,-1.3570326352824233,-0.4987023393687637
54,26258568,2022-07-01,Kenya,Kenya_2022-07,54986000,310327,139647.0,0.45,3.0,0.15,0.4,0.3,0.15,0.0,0.1,0.35,0.4,0.15,0.0,,,,,,Samburu,"POLYGON ((36.753739694 2.516980543, 36.755711928 2.508838776, 36.841376402 2.274737963, 36.862491177 2.255910242, 36.893501456 2.192848992, 36.900764769 2.15439828, 36.912476117 2.127851486, 36.912899555 2.123186756, 36.909676059 2.10347269, 36.913387835 2.101344034, 36.916550284 2.101221734, 36.917568828 2.098700439, 36.91616498 2.079829585, 36.919060386 2.061543043, 36.913040652 2.026898126, 36.913803603 2.019150913, 36.915890285 2.017833526, 36.921467487 2.017524321, 36.942532684 2.025381186, 36.947781815 2.024140085, 36.970056284 2.007975036, 36.981946937 2.000910112, 36.984457059 2.000741563, 36.985815116 1.993410474, 36.994158025 1.98223617, 37.003519486 1.984923862, 37.009169168 1.981612395, 37.014998145 1.980254121, 37.085891939 1.98069083, 37.10152489 1.979171752, 37.113270582 1.974320471, 37.120427101 1.973578216, 37.132558085 1.967741518, 37.154248899 1.964628032, 37.173734769 1.955968701, 37.179052566 1.954735706, 37.18689955 1.93473282, 37.191378093 1.92711458, 37.207648105 1.914245862, 37.216578492 1.909146054, 37.222678316 1.902831491, 37.23081523 1.898318499, 37.237147755 1.892175702, 37.24284321 1.881773095, 37.244998557 1.880238051, 37.249732693 1.878379977, 37.267765136 1.875965476, 37.306527019 1.762438089, 37.351274327 1.739896853, 37.443412535 1.5860122, 37.453922237 1.575239722, 37.458614408 1.566877447, 37.471065829 1.551584234, 37.501889194 1.498616563, 37.556863884 1.395936553, 37.562345714 1.389328409, 37.568743091 1.387152671, 37.572843972 1.379530623, 37.579363422 1.376721701, 37.581469175 1.36797692, 37.579569415 1.363399329, 37.587763553 1.364995994, 37.590166865 1.375796595, 37.595736439 1.38104575, 37.599204073 1.389097508, 37.604567643 1.376646239, 37.608054346 1.37282246, 37.61733188 1.375170435, 37.621303061 1.374060335, 37.622783194 1.37540883, 37.623065489 1.380709123, 37.630923927 1.381545896, 37.633464568 1.385210423, 37.641170416 1.389438759, 37.644050573 1.393510589, 37.650604358 1.397964449, 37.654739574 1.397722593, 37.657364138 1.394178574, 37.660351107 1.39386365, 37.661770204 1.395429206, 37.666588265 1.395658185, 37.67324505 1.401152174, 37.675655988 1.401289252, 37.679997201 1.398225484, 37.685177666 1.396962094, 37.711778096 1.405316489, 37.717458296 1.405789944, 37.721391329 1.403006294, 37.72518703 1.402583256, 37.748918749 1.410854332, 37.756979368 1.408868716, 37.760397408 1.411448534, 37.764696659 1.412011627, 37.773863563 1.408534119, 37.779127953 1.409866521, 37.781985222 1.416290142, 37.783873536 1.416779572, 37.788107935 1.412847083, 37.794554904 1.411412285, 37.801215503 1.416444974, 37.811095771 1.416033973, 37.818278994 1.420668896, 37.827606118 1.418349046, 37.832550068 1.4227296, 37.843971505 1.423079086, 37.846725778 1.438792465, 37.850220114 1.444366199, 37.85110896 1.452444301, 37.853420715 1.456217418, 37.952955798 1.385302212, 37.947401444 1.260441027, 37.950804202 1.192047282, 38.033249085 1.083245146, 38.037540687 1.007811657, 38.039875326 0.996495764, 38.050384986 0.803139055, 38.07338426 0.785703438, 38.081574581 0.781037463, 38.074681283 0.780900267, 38.062115414 0.776582416, 38.052189369 0.776652566, 38.044060086 0.786447602, 38.033622863 0.789104722, 38.024970955 0.795036826, 38.017627513 0.794293326, 38.017120149 0.801321937, 38.012759862 0.801610339, 38.01023448 0.799601543, 38.010394699 0.791306386, 38.006026781 0.786411492, 38.002643075 0.785714121, 37.996260955 0.776558112, 37.991843446 0.776050506, 37.985125626 0.771037427, 37.974032258 0.758135361, 37.974142886 0.754453731, 37.967367845 0.750888022, 37.962149233 0.750479708, 37.956114257 0.742943073, 37.946073769 0.741330555, 37.932451205 0.7240589039999999, 37.930208116 0.7193907859999999, 37.928254951 0.717780173, 37.920797066 0.7159963660000001, 37.916829699 0.710242348, 37.914704869 0.709491098, 37.912816556 0.711851531, 37.911962047 0.716925998, 37.909787626 0.718770777, 37.905084008 0.7185977609999999, 37.904111241 0.720786607, 37.904748309 0.724938715, 37.9021123 0.726548196, 37.897290424 0.725859526, 37.89408983 0.733637958, 37.891511042 0.7362876860000001, 37.884690225 0.738538337, 37.881424778 0.741658245, 37.878899397 0.741829474, 37.875618689 0.733940905, 37.877220894 0.731345233, 37.875439393 0.727138592, 37.863728033 0.721554493, 37.851898414 0.713446719, 37.84609614 0.707746638, 37.843097725 0.69737069, 37.846302135 0.690117031, 37.838771768 0.681133026, 37.833949891 0.6779659179999999, 37.830676814 0.6769339559999999, 37.824943207 0.677683359, 37.813407327 0.674342758, 37.806525473 0.6749832730000001, 37.791548665 0.671017714, 37.785357286 0.674245318, 37.778532653 0.675111894, 37.758676748 0.670747079, 37.752084817 0.674263919, 37.749273328 0.6741456139999999, 37.744222565 0.670752386, 37.736348868 0.6610268459999999, 37.731473585 0.660681886, 37.729055016 0.654458224, 37.725785754 0.654113681, 37.715924561 0.6577472170000001, 37.714204097 0.6589588119999999, 37.710118475 0.666890235, 37.699696508 0.662654391, 37.692353066 0.6620825970000001, 37.684189445 0.650276801, 37.682694052 0.646359932, 37.683205232 0.643076783, 37.677746287 0.637838358, 37.672123309 0.637321335, 37.666610958 0.631739201, 37.658344339 0.629548211, 37.652381846 0.630134551, 37.64950932 0.628523819, 37.645541952 0.621431676, 37.639743494 0.619422225, 37.638305323 0.614872352, 37.64157077 0.613778763, 37.642947904 0.6116445700000001, 37.638579985 0.606695977, 37.634490545 0.595633206, 37.632365715 0.594710132, 37.628299165 0.598227507, 37.621814047 0.597710305, 37.612460217 0.594207593, 37.608725552 0.590407897, 37.598170068 0.589600268, 37.593519857 0.58730176, 37.584169843 0.587480262, 37.582960559 0.5848298790000001, 37.583860844 0.571923581, 37.581392684 0.570656678, 37.576521216 0.573142746, 37.568025711 0.569396153, 37.564413119 0.571357926, 37.555463656 0.570677303, 37.551393291 0.571770653, 37.547612849 0.5759210930000001, 37.544629695 0.576037848, 37.539060122 0.5713695519999999, 37.533715621 0.564403998, 37.523625541 0.569023068, 37.514786706 0.566605958, 37.509682537 0.567698951, 37.506993121 0.571795334, 37.503155457 0.574326698, 37.497780438 0.572986726, 37.493221782 0.574269782, 37.490761252 0.576747208, 37.49191713 0.584019043, 37.490860438 0.587672603, 37.476909804 0.586095129, 37.47273644 0.588246428, 37.470848127 0.5912485669999999, 37.465793549 0.588669584, 37.461791849 0.582943578, 37.456176499 0.582933029, 37.447974732 0.577920368, 37.441970275 0.579971659, 37.435958189 0.577021671, 37.429331925 0.581189037, 37.42412857 0.578085521, 37.401789245 0.577301435, 37.395876343 0.575210691, 37.389925293 0.57479296, 37.384184057 0.580307987, 37.372320106 0.585504634, 37.368947844 0.585024324, 37.36384749 0.5876183270000001, 37.362951019 0.597032462, 37.357926959 0.596054258, 37.354383033 0.598223675, 37.353642968 0.608379345, 37.352265835 0.611110068, 37.353501823 0.617413832, 37.343419374 0.635307824, 37.344113664 0.640092043, 37.343144711 0.642370705, 37.331162502 0.647801877, 37.326889956 0.6594393670000001, 37.327462173 0.664739061, 37.320568875 0.675805828, 37.314575864 0.682342091, 37.310074431 0.696737541, 37.305210593 0.701519676, 37.304691785 0.706800834, 37.299766912 0.7195139149999999, 37.292011475 0.728029771, 37.288784176 0.734105568, 37.279067943 0.737972317, 37.273914182 0.742862684, 37.270087963 0.749969074, 37.26632278 0.751785246, 37.265281347 0.754922795, 37.256144961 0.762244042, 37.252272964 0.762242434, 37.246993314 0.760214626, 37.24321287 0.754895801, 37.238825878 0.753709357, 37.234934806 0.748209589, 37.231337472 0.747611331, 37.226763555 0.741876204, 37.219702405 0.737288545, 37.207857527 0.739047145, 37.203554461 0.744235986, 37.1902943 0.74256661, 37.187467551 0.740946819, 37.179269598 0.740997659, 37.175550192 0.743157302, 37.169892879 0.73980913, 37.165456295 0.740865291, 37.163220837 0.743459593, 37.162888953 0.748224919, 37.161191378 0.749797628, 37.152695872 0.750246174, 37.151196667 0.758438107, 37.13558279 0.75699354, 37.132263936 0.761811792, 37.127873129 0.76349172, 37.124474166 0.774576309, 37.116047328 0.779853298, 37.111461967 0.777219841, 37.10902051 0.778665543, 37.108200334 0.782155503, 37.106006839 0.784776803, 37.102523949 0.784847548, 37.099727718 0.784439353, 37.091514505 0.779769744, 37.071010084 0.7766046049999999, 37.071540336 0.768168493, 37.070079277 0.7642254590000001, 37.068332109 0.762976853, 37.062850276 0.764466301, 37.057929217 0.769419129, 37.042902813 0.761952523, 37.018030473 0.754038447, 37.006631922 0.748553818, 36.996618136 0.74948053, 36.991456743 0.7466480720000001, 36.980618965 0.743632167, 36.975346945 0.745754501, 36.973061894 0.745066308, 36.970265663 0.741999862, 36.965195825 0.740153057, 36.944763886 0.7446280790000001, 36.935097246 0.7529868320000001, 36.932213273 0.741331104, 36.928127647 0.739276774, 36.923088328 0.738749977, 36.921119904 0.737094485, 36.915676216 0.724397914, 36.911464703 0.72297647, 36.909835794 0.723798465, 36.904685849 0.735314613, 36.902396983 0.7375647870000001, 36.892970672 0.735498896, 36.887008176 0.730351658, 36.881884931 0.7283782640000001, 36.879065813 0.735980462, 36.8658438 0.736814915, 36.857832775 0.760136685, 36.843241261 0.785018888, 36.843302299 0.792170276, 36.835485824 0.797400778, 36.83352503 0.800347073, 36.831728273 0.813093651, 36.822038746 0.832046789, 36.817628867 0.843806343, 36.815851183 0.853334197, 36.794011593 0.866629332, 36.776383512 0.862180064, 36.756581008 0.85496318, 36.74994711 0.845611562, 36.743412396 0.8331321699999999, 36.736305467 0.824241554, 36.708598745 0.811479069, 36.703391576 0.813374449, 36.688201138 0.814965756, 36.674506091 0.814180358, 36.669947433 0.810390077, 36.499625303 0.810920129, 36.483740575 0.81400136, 36.485293192 0.830741752, 36.490179924 0.8464720529999999, 36.488333573 0.849055866, 36.484213615 0.851457423, 36.481730195 0.851265931, 36.478735597 0.855177677, 36.471033564 0.859393501, 36.470690235 0.862041501, 36.464670518 0.863619217, 36.462446504 0.865859201, 36.462431245 0.867504203, 36.456831154 0.870293277, 36.45058255 0.870912635, 36.445844598 0.869662122, 36.429914094 0.882738468, 36.429376212 0.885151289, 36.426282428 0.88712844, 36.426106949 0.8890443810000001, 36.423699826 0.891383598, 36.42473363 0.892514079, 36.423600642 0.89461013, 36.424764149 0.896002788, 36.419022912 0.9002556819999999, 36.417233782 0.900932255, 36.415791796 0.899123593, 36.41110725 0.897845902, 36.410275629 0.898975072, 36.406365483 0.899324743, 36.403382328 0.898473008, 36.403058072 0.8997923, 36.395382743 0.904124999, 36.396084662 0.906556713, 36.393963647 0.907585458, 36.395233968 0.909240354, 36.392979435 0.910485922, 36.393288433 0.916062517, 36.399117412 0.918597456, 36.421845855 0.937169334, 36.432843858 0.949921335, 36.442918686 0.96519445, 36.447164535 0.977155331, 36.446378693 0.983526744, 36.455400642 0.9968290869999999, 36.456117822 1.006075812, 36.455160315 1.01383005, 36.44503972 1.038270451, 36.443593922 1.046918919, 36.445375424 1.053436947, 36.443498555 1.058044934, 36.44302171 1.065229879, 36.445085505 1.070256968, 36.445054988 1.074468738, 36.440591701 1.08088211, 36.43960749 1.084541752, 36.441579734 1.100568266, 36.446413058 1.109963156, 36.440275088 1.130158293, 36.436551868 1.135044611, 36.436284835 1.139473084, 36.437570417 1.148855936, 36.442071856 1.157880118, 36.44451713 1.166730866, 36.443529105 1.172116745, 36.422841575 1.182184043, 36.418218066 1.181682694, 36.415063245 1.178462182, 36.401608526 1.171436012, 36.395031852 1.170978053, 36.391819811 1.174499782, 36.392357698 1.18547227, 36.398678783 1.190006233, 36.39774798 1.195337757, 36.399067894 1.200282719, 36.396382295 1.215120467, 36.400841771 1.222074881, 36.406506715 1.22560531, 36.412957503 1.228015746, 36.418717815 1.225445461, 36.423890653 1.231623533, 36.423722804 1.234840947, 36.418691116 1.242852777, 36.414655087 1.255285095, 36.411633784 1.254775997, 36.407456602 1.249620174, 36.398591062 1.252376887, 36.394047666 1.259656837, 36.390644886 1.261903854, 36.392235649 1.265701409, 36.39477629 1.266770502, 36.397229193 1.270424302, 36.397873891 1.273389373, 36.40573233 1.271463236, 36.409177074 1.274575755, 36.412534077 1.275266034, 36.419618116 1.270953061, 36.425790422 1.264768191, 36.43256165 1.264422393, 36.445863772 1.252541367, 36.451219717 1.250133311, 36.454534758 1.252088885, 36.455248123 1.256265254, 36.45152872 1.271120645, 36.448576084 1.273675434, 36.442377076 1.283954783, 36.439378662 1.286157101, 36.438001529 1.289626383, 36.438768302 1.298927466, 36.434480494 1.300342119, 36.429910391 1.298285703, 36.424028004 1.292721266, 36.420293338 1.29299757, 36.416825707 1.295533764, 36.407803761 1.296265528, 36.404751941 1.298286903, 36.404664202 1.30255279, 36.396130549 1.307451387, 36.393853129 1.311922774, 36.406750889 1.315190009, 36.41379297 1.327073294, 36.422277034 1.33191765, 36.423692318 1.335769441, 36.424287426 1.345070166, 36.436185715 1.349050688, 36.440549822 1.357090289, 36.445428922 1.361867657, 36.460420995 1.365896691, 36.465147506 1.374994301, 36.467691965 1.384415059, 36.468782995 1.39598545, 36.464701185 1.399704813, 36.461500587 1.397812294, 36.455953902 1.397390451, 36.449522193 1.407831675, 36.446146116 1.409328336, 36.434205865 1.406675928, 36.430497904 1.409437528, 36.428586702 1.41345727, 36.424558298 1.413895685, 36.414441513 1.419777078, 36.396210704 1.440028489, 36.388157711 1.440959077, 36.38210366 1.438683573, 36.358684746 1.4348244, 36.348957066 1.436105434, 36.34061034 1.448910848, 36.325309277 1.465566626, 36.316886252 1.468909322, 36.291754501 1.461486342, 36.289534303 1.466074545, 36.295386176 1.48091158, 36.298808032 1.484720458, 36.299483248 1.488372352, 36.296896833 1.496936313, 36.296366585 1.512307958, 36.297633092 1.515463508, 36.296027072 1.518868424, 36.298441829 1.528631642, 36.297133362 1.531702682, 36.303511673 1.542925966, 36.308737918 1.545815463, 36.327235776 1.564537423, 36.337379269 1.56943971, 36.339641432 1.572000219, 36.340915569 1.576647067, 36.344062757 1.570071819, 36.347831756 1.568874703, 36.360824885 1.569198561, 36.362427092 1.572652943, 36.361400919 1.57585093, 36.361698476 1.587157417, 36.364178081 1.588335458, 36.366253321 1.591401967, 36.370667018 1.592998276, 36.374451274 1.589604922, 36.37738102 1.581058959, 36.371307889 1.564313431, 36.371666475 1.557291546, 36.374928105 1.545700292, 36.38156581 1.531004025, 36.385182218 1.52911055, 36.386780608 1.526048689, 36.387699967 1.520889167, 36.391804666 1.51981876, 36.396805838 1.521026838, 36.405980383 1.540939597, 36.410439862 1.554583333, 36.413781608 1.558961863, 36.420308692 1.564193975, 36.421174648 1.567277052, 36.424886426 1.569369468, 36.427816177 1.577417057, 36.432775389 1.583234674, 36.433057686 1.591667635, 36.434675153 1.596333435, 36.438699744 1.600902683, 36.439416924 1.606697177, 36.441804976 1.612249577, 36.445310757 1.615363169, 36.4495299 1.615910886, 36.456003573 1.609330034, 36.45905158 1.610644439, 36.463068539 1.610495916, 36.465452775 1.612821722, 36.466383582 1.615742332, 36.465483296 1.6186515, 36.468500788 1.627458744, 36.468817417 1.634961, 36.471697576 1.641165061, 36.470507368 1.647463291, 36.471384769 1.65366473, 36.479063917 1.661935816, 36.480490647 1.670460918, 36.486514182 1.678621388, 36.487971436 1.701147349, 36.501746595 1.703922174, 36.502913918 1.706553965, 36.503081771 1.715032341, 36.505103603 1.716255202, 36.507396286 1.721175253, 36.510966921 1.732360872, 36.520793788 1.7381767, 36.520461904 1.742894472, 36.516582278 1.74575465, 36.523620542 1.749280073, 36.528209721 1.755893582, 36.527065289 1.759136983, 36.524135541 1.759331875, 36.521312605 1.756462878, 36.515533221 1.761227498, 36.512469956 1.761928389, 36.518730005 1.764910622, 36.520423768 1.768944192, 36.51819594 1.772149927, 36.517848797 1.77553899, 36.522788934 1.780146382, 36.528118181 1.790186619, 36.528141071 1.792835099, 36.533458872 1.799820269, 36.532543327 1.803190499, 36.527366677 1.805379827, 36.521720807 1.804549609, 36.517555075 1.812362382, 36.515594285 1.822727082, 36.519077175 1.821466434, 36.521503373 1.822581538, 36.523147544 1.826443462, 36.524044018 1.830394665, 36.520900643 1.831782261, 36.524345392 1.844929419, 36.522979703 1.848000698, 36.520336064 1.849867949, 36.515258596 1.84756491, 36.511531565 1.860982176, 36.511768084 1.865709723, 36.515334905 1.876958996, 36.518360022 1.877351993, 36.522136653 1.88081913, 36.524639146 1.881310824, 36.526794497 1.886972174, 36.538818676 1.893958415, 36.538837754 1.903349737, 36.537109662 1.907044188, 36.539387084 1.909081177, 36.538742389 1.91285859, 36.541225813 1.922280664, 36.540539162 1.940592356, 36.539203992 1.944404813, 36.540344615 1.954584279, 36.539818178 1.958199105, 36.53798327 1.9582506, 36.531395149 1.953188107, 36.531124301 1.956062111, 36.531845296 1.960121548, 36.538936969 1.967164292, 36.544247146 1.984346095, 36.544334888 1.990230587, 36.541523404 2.001958806, 36.542656394 2.004753543, 36.547535493 2.005366461, 36.54941618 2.009825453, 36.548443415 2.016530868, 36.546001961 2.020811778, 36.549885404 2.022616448, 36.54742869 2.025703939, 36.547661392 2.028940189, 36.549828186 2.02948588, 36.553311078 2.032944077, 36.557083898 2.045306193, 36.561577705 2.04669605, 36.568696081 2.052301971, 36.570462324 2.056254844, 36.567383808 2.072212957, 36.567635592 2.088519844, 36.565098769 2.094852168, 36.564377779 2.100636176, 36.577294617 2.111648003, 36.580876695 2.117275858, 36.584466408 2.132982459, 36.588529149 2.142064222, 36.597371803 2.146019476, 36.605894018 2.154818973, 36.613264165 2.154098531, 36.618120377 2.156872287, 36.643164386 2.163510461, 36.655562412 2.169360261, 36.664702621 2.178441306, 36.679973176 2.189186365, 36.687141142 2.192198518, 36.701377889 2.195646934, 36.70251851 2.200756276, 36.700763716 2.207361566, 36.700904867 2.213924897, 36.71192576 2.222177509, 36.710624927 2.234071893, 36.713573756 2.245656835, 36.712604806 2.251440844, 36.707790563 2.259840319, 36.718479569 2.265832919, 36.722294348 2.269671838, 36.723347231 2.278650377, 36.722458392 2.285410864, 36.7242399 2.298910381, 36.612547097 2.352293689, 36.604337702 2.357431884, 36.602395987 2.368655419, 36.602495187 2.395041059, 36.615156432 2.399131006, 36.617597892 2.403962376, 36.61669761 2.412873452, 36.617296531 2.414619239, 36.619985948 2.415238596, 36.624781121 2.413421047, 36.631193755 2.404772683, 36.635424344 2.408938207, 36.635088638 2.39856027, 36.636793841 2.396348651, 36.639159008 2.405491686, 36.639189531 2.413446309, 36.640738332 2.417092127, 36.642512201 2.41391309, 36.645605987 2.417534352, 36.652621362 2.42014099, 36.65909886 2.433910611, 36.668956251 2.44780372, 36.680190773 2.458662022, 36.684722727 2.45863365, 36.687965285 2.455575003, 36.693008419 2.454453814, 36.695896206 2.456700713, 36.693866751 2.467608134, 36.698562747 2.477957938, 36.697174173 2.485196415, 36.697921875 2.494834365, 36.695827574 2.512602879, 36.698925173 2.512771186, 36.703033685 2.511006562, 36.705028812 2.508506005, 36.711918298 2.508509099, 36.723900512 2.512878449, 36.728386689 2.512380195, 36.739525837 2.515572574, 36.744012014 2.515019965, 36.753739694 2.516980543))",Samburu,Samburu,1127999994,159.97310000000007,4745.446799999997,219851918248,0.0,5.0,0.0,0.0,5.0,50.70422535211267,50.607876112395736,3.5833333333333335,5.697539514715026,1.4166666666666665,0.39534883720930225,0.2486453429603856,0,0,0,0,,,0.0,0.0,0.0,0.0,,0,0,0,0,,,0.0,0.0,0.0,0.0,,0,0,0,0,,,0.0,0.0,0.0,0.0,,0,0,0,0,50.70422535211267,50.607876112395736,3.5833333333333335,5.697539514715026,1.4166666666666665,0.39534883720930225,0.2486453429603856,0,0,0,0,,,,,,,,,,,,,,,,,,,,
55,26258568,2022-07-01,Kenya,Kenya_2022-07,54986000,315943,94783.0,0.3,3.0,0.1,0.6,0.25,0.05,0.0,0.1,0.5,0.3,0.1,0.0,,,,,,Tana river,"POLYGON ((38.565436694 -0.022263836, 38.572574136 -0.021684842, 38.586490433 -0.027592632, 38.594436608 -0.028578792, 38.599525517 -0.033762804, 38.607780688 -0.037363589, 38.610554029 -0.036929341, 38.61518898 -0.032333415, 38.617653324 -0.032288189, 38.632996346 -0.044872824, 38.645203624 -0.057285588, 38.65565992 -0.056317603, 38.659615841 -0.050744565, 38.662698179 -0.049170369, 38.675080936 -0.053015485, 38.68313011 -0.057973386, 38.689897519 -0.057837716, 38.691770573 -0.056806342, 38.69233516 -0.046383967, 38.69663441 -0.043597443, 38.703771853 -0.052798487, 38.713263011 -0.058579704, 38.720354676 -0.065138979, 38.725477918 -0.064921874, 38.736544578 -0.067672288, 38.740927753 -0.071571676, 38.745764887 -0.07382447, 38.752204226 -0.073118814, 38.757571613 -0.076213008, 38.763415847 -0.076810155, 38.766383741 -0.076412092, 38.776916333 -0.06980764, 38.79562017 -0.07566131099999999, 38.808300479 -0.07273004600000001, 38.822224405 -0.082772594, 38.85776284 -0.08068281099999999, 38.878339731 -0.086753624, 38.900991859 -0.09072546200000001, 38.914915784 -0.09658816200000001, 38.933623436 -0.101609469, 38.981006743 -0.082772978, 38.98786952 -0.06687681199999999, 38.990776378 -0.056834271, 39.001583632 -0.053902936, 39.008846962 -0.053332954, 39.011036642 -0.057639487, 39.017334834 -0.058535171, 39.029446741 -0.046348405, 39.032139971 -0.045561284, 39.037530247 -0.047976922, 39.045766343 -0.056128563, 39.059644491 -0.055649045, 39.07508288 -0.050872039, 39.079210466 -0.053595279, 39.081846474 -0.061014084, 39.087263453 -0.069717602, 39.096888128 -0.078312542, 39.098970994 -0.083433321, 39.109915581 -0.091838251, 39.11245622 -0.100822232, 39.117838866 -0.102767381, 39.123580101 -0.109914744, 39.130545878 -0.113461259, 39.131198204 -0.119287722, 39.133570994 -0.12457134, 39.143523738 -0.122761831, 39.144580431 -0.124598428, 39.144549913 -0.144077277, 39.149516749 -0.144882449, 39.168327398 -0.142086705, 39.178779878 -0.14361562, 39.183029536 -0.146917852, 39.211567858 -0.147514723, 39.237294691 -0.144393165, 39.239198263 -0.144483622, 39.239045673 -0.145994508, 39.240438065 -0.146663987, 39.267641216 -0.1464737, 39.269960598 -0.147423623, 39.32324917 -0.144808285, 39.339526809 -0.146264653, 39.338302267 -0.149340706, 39.347362354 -0.150028153, 39.349117151 -0.169606189, 39.350868132 -0.170972279, 39.358856268 -0.169244123, 39.363914657 -0.155818059, 39.36545964 -0.155962796, 39.367202992 -0.170320575, 39.374977501 -0.169406665, 39.38029148 -0.172717822, 39.386345526 -0.18136675, 39.393322747 -0.185844935, 39.397297742 -0.194349126, 39.402684202 -0.196067954, 39.411187332 -0.193760731, 39.41534925 -0.199197943, 39.420140605 -0.195316615, 39.425858951 -0.195642175, 39.437066755 -0.193181082, 39.439325101 -0.193669558, 39.448831517 -0.201992611, 39.45669758 -0.212758371, 39.461050237 -0.214839056, 39.465147303 -0.214838937, 39.471975748 -0.221171642, 39.476194888 -0.222157638, 39.48289363 -0.227214695, 39.485480047 -0.23082437, 39.484072396 -0.237899177, 39.487334027 -0.240341763, 39.489172748 -0.244132381, 39.491267059 -0.245842195, 39.502562603 -0.249451511, 39.504576804 -0.253414028, 39.510508776 -0.252816694, 39.512423793 -0.253884147, 39.515490871 -0.259167473, 39.519210275 -0.270276986, 39.523421786 -0.274972157, 39.524261036 -0.281956357, 39.529369018 -0.284263117, 39.531436625 -0.288107955, 39.526027278 -0.302520013, 39.526622383 -0.303958441, 39.530666042 -0.304365355, 39.534610518 -0.301886293, 39.537013825 -0.295779513, 39.539970274 -0.292278205, 39.543209016 -0.2931013, 39.548713735 -0.299388665, 39.551250559 -0.299469959, 39.553749235 -0.296258184, 39.557316048 -0.295688027, 39.56353413 -0.303884207, 39.565613182 -0.313220493, 39.570396908 -0.317146564, 39.569321142 -0.323470404, 39.572521737 -0.325795282, 39.57509671 -0.332761215, 39.577946346 -0.334805648, 39.582981847 -0.336017629, 39.592228858 -0.342087486, 39.59362888 -0.348365911, 39.59489157 -0.349487658, 39.60035814 -0.346682797, 39.601754348 -0.35298834, 39.605607269 -0.358389046, 39.604764204 -0.361329317, 39.609597522 -0.362242705, 39.609383896 -0.368973548, 39.610856399 -0.373741131, 39.610436774 -0.376844227, 39.607770248 -0.380173621, 39.611829167 -0.386370424, 39.611550689 -0.391581397, 39.614255364 -0.395996033, 39.612683678 -0.399144454, 39.617162222 -0.402093366, 39.618833093 -0.406752329, 39.618833093 -0.411266705, 39.617372035 -0.414234153, 39.619756269 -0.415826198, 39.625333467 -0.414360175, 39.628286102 -0.415137975, 39.626752565 -0.430363828, 39.627446854 -0.435221913, 39.625291508 -0.443056594, 39.626603792 -0.459983023, 39.627996184 -0.46089662, 39.630456713 -0.459068949, 39.633523791 -0.45983766, 39.633149943 -0.462162716, 39.634263857 -0.463420111, 39.642072698 -0.465283034, 39.643949567 -0.467806914, 39.643049281 -0.469489699, 39.644144121 -0.473877248, 39.643354466 -0.493961126, 39.645303815 -0.497579635, 39.654081609 -0.502961596, 39.654112129 -0.514469021, 39.656027146 -0.518222403, 39.66278311 -0.525351308, 39.683497331 -0.539434729, 39.681818831 -0.543858782, 39.675841082 -0.545605458, 39.676951182 -0.556126634, 39.68506139 -0.553999714, 39.687743176 -0.556451091, 39.687708844 -0.562810868, 39.690154113 -0.564402823, 39.696597264 -0.558476451, 39.700579888 -0.558656917, 39.701567916 -0.572941428, 39.699202758 -0.582630718, 39.705886241 -0.5863661, 39.706023574 -0.592897761, 39.712440022 -0.5895768300000001, 39.713622602 -0.5915307319999999, 39.710181678 -0.597881927, 39.713206793 -0.599980357, 39.718135481 -0.602114724, 39.727783041 -0.598413371, 39.736244209 -0.601316211, 39.744266677 -0.601613609, 39.751118008 -0.595859122, 39.752971988 -0.596591596, 39.75320469 -0.601331942, 39.755211261 -0.604832683, 39.760498537 -0.608007296, 39.763203212 -0.612141159, 39.764713862 -0.612701809, 39.768238712 -0.608775111, 39.769856176 -0.6087025190000001, 39.773033883 -0.613695744, 39.777462835 -0.61705136, 39.789620517 -0.62054149, 39.790848874 -0.62197968, 39.789044488 -0.63004036, 39.783459661 -0.635722374, 39.783768659 -0.6420819719999999, 39.795804271 -0.659060306, 39.796372673 -0.663103996, 39.794099069 -0.6704862579999999, 39.798199951 -0.670892664, 39.802850159 -0.669218282, 39.805188615 -0.6714975949999999, 39.805474725 -0.680869637, 39.813310268 -0.679737548, 39.814077038 -0.681230091, 39.810163083 -0.6915165049999999, 39.811887362 -0.7003545370000001, 39.815820394 -0.705971646, 39.817785002 -0.705944171, 39.82092456 -0.7033020760000001, 39.822381803 -0.704269788, 39.819291838 -0.7114260489999999, 39.819776315 -0.713334715, 39.824849963 -0.713098582, 39.826368243 -0.714174825, 39.824170935 -0.718942706, 39.826631464 -0.7218099650000001, 39.824853782 -0.737107662, 39.821546374 -0.735642773, 39.820241722 -0.737334676, 39.821599782 -0.744553456, 39.823057026 -0.746335294, 39.82973288 -0.749138424, 39.835435965 -0.748784523, 39.837610386 -0.7518236659999999, 39.837236539 -0.754085339, 39.835569483 -0.754972235, 39.830091469 -0.755326077, 39.829740511 -0.759496535, 39.831342717 -0.763123804, 39.82985877 -0.764824767, 39.828184085 -0.764671358, 39.823251586 -0.776532086, 39.82285485 -0.781688613, 39.825765523 -0.784139571, 39.836027263 -0.787891759, 39.840124329 -0.788017572, 39.837843095 -0.79041531, 39.844766909 -0.79027823, 39.848184945 -0.7915078209999999, 39.842188123 -0.796728776, 39.839079086 -0.8115835300000001, 39.841356506 -0.813980313, 39.850565368 -0.811961029, 39.854261883 -0.812032667, 39.85549024 -0.813407442, 39.849760453 -0.8218126650000001, 39.858507729 -0.829518189, 39.859163871 -0.831182617, 39.85753115 -0.839650299, 39.860991151 -0.848985267, 39.859682684 -0.8506229360000001, 39.853292939 -0.846942505, 39.850656931 -0.848761415, 39.851973028 -0.852623863, 39.856344759 -0.856223358, 39.854448818 -0.861859599, 39.856669017 -0.864202087, 39.859713205 -0.862835416, 39.861464184 -0.854593854, 39.863356311 -0.853996371, 39.866057172 -0.857668578, 39.870745528 -0.858933988, 39.871683962 -0.860317822, 39.869795652 -0.871390884, 39.864722006 -0.881406299, 39.871252899 -0.887176279, 39.872969548 -0.890857664, 39.872538479 -0.893580694, 39.869292108 -0.896919563, 39.864786861 -0.896567809, 39.863589023 -0.89785265, 39.863959056 -0.89970708, 39.868960224 -0.903116334, 39.865145453 -0.90779416, 39.866534031 -0.912633558, 39.87162294 -0.9185938380000001, 39.872561375 -0.924654544, 39.877554914 -0.927258672, 39.873423516 -0.934252405, 39.874220805 -0.938413504, 39.886008454 -0.939369413, 39.886859149 -0.943177685, 39.89047937 -0.946605236, 39.891608543 -0.949490673, 39.890551852 -0.952973772, 39.884226959 -0.9550741109999999, 39.882079243 -0.958684096, 39.883582265 -0.964165736, 39.882147911 -0.969566678, 39.884932696 -0.9706876800000001, 39.888819949 -0.967746635, 39.892112097 -0.963023693, 39.894534478 -0.962932565, 39.891616178 -0.969681822, 39.892318099 -0.980727049, 39.897033158 -0.979287429, 39.902606542 -0.981827904, 39.906516685 -0.9858252240000001, 39.905494327 -0.987055829, 39.900405419 -0.986252075, 39.898307295 -0.989454998, 39.898093668 -0.991074309, 39.901416336 -0.993705853, 39.900767826 -0.997704425, 39.904224011 -1.002118046, 39.898734554 -1.006461699, 39.89797923 -1.011165867, 39.899341104 -1.01027903, 39.904231644 -1.016040009, 39.911857376 -1.016282218, 39.912730959 -1.017548344, 39.910121656 -1.024985018, 39.912750039 -1.038173612, 39.921810127 -1.046050125, 39.926590039 -1.052742759, 39.925396016 -1.056171623, 39.921955092 -1.060071559, 39.922195423 -1.061636515, 39.931080031 -1.068762078, 39.930977033 -1.070851746, 39.927425481 -1.075222158, 39.93057267 -1.079834661, 39.932464799 -1.086546249, 39.93473459 -1.089250384, 39.939869274 -1.088289882, 39.943409391 -1.116024024, 39.946262843 -1.12168595, 39.946259034 -1.140049425, 39.947487391 -1.14253662, 39.950329398 -1.143847444, 39.954243354 -1.14191023, 39.957710983 -1.142117157, 39.958855417 -1.149823933, 39.967484435 -1.153358045, 39.969811447 -1.155663938, 39.976353786 -1.168018498, 39.976884043 -1.17890966, 39.983525565 -1.187962303, 39.986703274 -1.197794148, 39.995126295 -1.204693113, 39.993909386 -1.213974619, 39.997216794 -1.215637794, 40.003385282 -1.214088689, 40.005368964 -1.216856, 40.003316618 -1.221560644, 40.005182043 -1.224454662, 40.011827377 -1.224868279, 40.014612162 -1.226938635, 40.009771219 -1.238618773, 40.014150581 -1.245491873, 40.009443153 -1.25032418, 40.010835545 -1.251418182, 40.018915234 -1.249804948, 40.022157791 -1.25204707, 40.021612281 -1.257203356, 40.015432352 -1.266694892, 40.017812771 -1.268765487, 40.022844456 -1.269251934, 40.022794865 -1.271160659, 40.026289198 -1.275257031, 40.026006906 -1.276821987, 40.01881606 -1.282026313, 40.020429712 -1.29082721, 40.019807905 -1.292564289, 40.01336094 -1.296664598, 40.013196906 -1.298175319, 40.018327778 -1.305907482, 40.011362004 -1.310813215, 40.011201784 -1.312323936, 40.012838323 -1.315733488, 40.013334245 -1.321350833, 40.018228601 -1.328106045, 40.018278197 -1.337197071, 40.025758968 -1.341961072, 40.020994319 -1.347209619, 40.01483728 -1.360808137, 40.018220986 -1.366930763, 40.016126678 -1.374186372, 40.018564319 -1.375967434, 40.023287007 -1.373161144, 40.024606921 -1.38184463, 40.028684915 -1.387496422, 40.028520881 -1.389296676, 40.023737156 -1.391062602, 40.022936055 -1.392519446, 40.026415128 -1.39464368, 40.035883402 -1.414169332, 40.038378271 -1.435425749, 40.045092272 -1.437702197, 40.046080299 -1.438859614, 40.044012693 -1.441302944, 40.048201316 -1.446086256, 40.047079779 -1.46203441, 40.043406154 -1.466052471, 40.049143573 -1.469206697, 40.045832353 -1.476354432, 40.047358264 -1.480460459, 40.050146864 -1.483516586, 40.049132137 -1.488564521, 40.051997033 -1.494053965, 40.050276572 -1.496379526, 40.045199109 -1.496101558, 40.046316839 -1.501211832, 40.052576883 -1.504655234, 40.084991 -1.484702716, 40.093269058 -1.487955042, 40.100334017 -1.488168642, 40.107044209 -1.502466252, 40.113418698 -1.512675474, 40.115558786 -1.513850293, 40.119388821 -1.522143044, 40.120838441 -1.536045274, 40.129082178 -1.567473959, 40.14033195 -1.584889438, 40.150952281 -1.594118847, 40.160134444 -1.604922987, 40.168332398 -1.622918487, 40.173127578 -1.646171352, 40.174180461 -1.659973931, 40.173802807 -1.679665865, 40.171857281 -1.69698885, 40.172334135 -1.713143452, 40.174127081 -1.719519373, 40.182511958 -1.733498243, 40.184865676 -1.739918863, 40.18321007 -1.751633563, 40.174306399 -1.76995603, 40.171597915 -1.780070373, 40.172742356 -1.799471937, 40.176179476 -1.818383476, 40.172723303 -1.842256293, 40.18066185 -1.852372776, 40.185388359 -1.862111401, 40.187249973 -1.872222761, 40.186815111 -1.916517716, 40.189134502 -1.933412655, 40.18530067 -1.961925983, 40.187940496 -1.968861897, 40.194089915 -1.977785085, 40.19684037 -1.984431347, 40.197332477 -1.98845608, 40.195020733 -2.003409637, 40.208513595 -2.022892127, 40.210203545 -2.033066661, 40.213343106 -2.039033969, 40.250831 -2.252621687, 40.250808204 -2.400516569, 40.443488553 -2.401592089, 40.66492469 -2.469380989, 40.737695277 -2.457612966, 40.753801242 -2.452591129, 40.763013917 -2.452895555, 40.767168204 -2.454273485, 40.751939651 -2.479948339, 40.71685139 -2.500495294, 40.701065871 -2.51206398, 40.680271561 -2.532311737, 40.656906101 -2.5608557, 40.622393871 -2.582993238, 40.611697248 -2.580257644, 40.608580577 -2.577521329, 40.586103935 -2.573073102, 40.572035048 -2.562889283, 40.564668722 -2.562265404, 40.555910002 -2.559119767, 40.537633421 -2.55004378, 40.53492493 -2.54532615, 40.528333002 -2.543778484, 40.528001116 -2.541834359, 40.521592297 -2.539924568, 40.5225231 -2.537861483, 40.525422327 -2.538084143, 40.52644087 -2.536681178, 40.52862292 -2.536597261, 40.530030572 -2.53836807, 40.533334165 -2.538201429, 40.533616453 -2.531653387, 40.535691691 -2.533079713, 40.537377824 -2.538920192, 40.536992525 -2.528293899, 40.539346239 -2.527902212, 40.539430162 -2.525496551, 40.535153801 -2.523267784, 40.534005555 -2.523902158, 40.534791399 -2.525330153, 40.53339901 -2.528931374, 40.531724325 -2.529050812, 40.529511755 -2.5270366, 40.52955372 -2.530030147, 40.527497558 -2.531434543, 40.526734602 -2.528098183, 40.52486155 -2.530451874, 40.523499676 -2.529449417, 40.52615094 -2.526353358, 40.525552019 -2.523812765, 40.524880621 -2.526391025, 40.523057161 -2.527397061, 40.519490346 -2.523566505, 40.513607966 -2.523175539, 40.513569833 -2.543714365, 40.518296338 -2.546575837, 40.523053358 -2.545240813, 40.526509545 -2.549586781, 40.528027824 -2.54895193, 40.528806039 -2.551591696, 40.532151594 -2.550393989, 40.535191969 -2.553040189, 40.52823764 -2.554405015, 40.516266884 -2.554084618, 40.50085139 -2.556535824, 40.460517808 -2.566169223, 40.407339894 -2.587447355, 40.385069259 -2.598171644, 40.362077635 -2.612369613, 40.359266148 -2.612942482, 40.354734197 -2.610803828, 40.352056231 -2.617119673, 40.3193522 -2.637650179, 40.279052964 -2.669557456, 40.272869217 -2.669265425, 40.272716625 -2.666995174, 40.271312789 -2.667892261, 40.270706242 -2.670841467, 40.272682295 -2.671472501, 40.276554288 -2.670193262, 40.277088357 -2.671277967, 40.264171547 -2.684659896, 40.25529839 -2.691597484, 40.242850797 -2.705023993, 40.228846779 -2.722703261, 40.206465531 -2.755242992, 39.973909119 -2.425573675, 39.891132288 -2.312093788, 39.750928035 -2.474205084, 39.505100419 -2.752546531, 39.280757588 -3.002100127, 39.219904372 -3.071305543, 39.219232974 -3.073893101, 39.215521193 -3.066294448, 39.206796807 -3.06751743, 39.203199474 -3.066821553, 39.196580838 -3.062389764, 39.185151777 -3.064255466, 39.181909219 -3.062989344, 39.178891729 -3.058909664, 39.1735129 -3.061688182, 39.168950435 -3.067062839, 39.166936235 -3.067542494, 39.16438415 -3.066167901, 39.163449526 -3.060812082, 39.151753418 -3.045831958, 39.144871569 -3.049497075, 39.143112957 -3.048601658, 39.140816459 -3.042703249, 39.136635466 -3.042622198, 39.133457758 -3.041012307, 39.134239783 -3.035855309, 39.13152366 -3.030753145, 39.129402638 -3.021579881, 39.12355459 -3.021870014, 39.113697217 -3.025372308, 39.104717249 -3.037333393, 39.08819547 -3.045359507, 39.08761563 -3.052461584, 39.085582356 -3.053646894, 39.081763767 -3.052489243, 39.079867819 -3.046644949, 39.066596217 -3.041715155, 39.0547704 -3.019414821, 39.000955324 -2.942353366, 38.625020414 -2.426941036, 38.628056974 -2.425702563, 38.633328992 -2.426283056, 38.635553009 -2.431096524, 38.639100748 -2.429839933, 38.647336848 -2.432755282, 38.669493056 -2.43179286, 38.67860655 -2.428483906, 38.6880443 -2.427038501, 38.701018344 -2.421486708, 38.705382444 -2.418203504, 38.706118693 -2.414802058, 38.716647467 -2.409475552, 38.719741245 -2.403966438, 38.72454023 -2.402031369, 38.726520096 -2.398874517, 38.735149111 -2.392877879, 38.736720793 -2.38453685, 38.740455454 -2.37897362, 38.758800701 -2.376317153, 38.763157171 -2.37153205, 38.771454302 -2.368330614, 38.786862175 -2.368432639, 38.7903031 -2.366325209, 38.792542367 -2.357260407, 38.793877538 -2.35613875, 38.798600228 -2.356048871, 38.800187173 -2.35409497, 38.933776597 -2.096055137, 38.935004954 -2.095530425, 38.972237098 -2.002001606, 39.000306176 -1.945719078, 38.997052126 -1.848913748, 38.959835125 -1.705234238, 38.962886938 -1.692749154, 38.978546585 -1.692749385, 38.994004046 -1.686407306, 39.000306047 -1.673922101, 38.987900341 -1.527175588, 38.986893181 -1.36751855, 38.969570196 -1.060951037, 38.825688293 -0.756623457, 38.756991819 -0.636898084, 38.678460858 -0.505139663, 38.666978385 -0.483525421, 38.425602324 -0.073468742, 38.429123361 -0.07497057, 38.433208984 -0.07885173600000001, 38.436951278 -0.080036935, 38.439488103 -0.079711277, 38.442726846 -0.075097397, 38.444756306 -0.075395975, 38.459611038 -0.08881275299999999, 38.462884115 -0.089817008, 38.46854524 -0.08849623500000001, 38.476121382 -0.082823902, 38.48613135 -0.08052609500000001, 38.490079641 -0.077965851, 38.493909675 -0.07301719399999999, 38.495515695 -0.06358121, 38.497762597 -0.062106574, 38.506185619 -0.06639493, 38.512819511 -0.065852174, 38.516401584 -0.062206257, 38.527388135 -0.065933728, 38.532519006 -0.060035111, 38.536974663 -0.058569527, 38.53607819 -0.046717901, 38.546610782 -0.046672732, 38.548655501 -0.035653432, 38.554457773 -0.023078043, 38.560542338 -0.019395903, 38.565436694 -0.022263836))",Tana River,Tana River,242322192,-32.707,1112.0882999999997,47398304107,0.0,0.0,0.0,0.0,0.0,,40.0,0.0,0.28232985128664,0.0,0.0,0.0,0,0,0,0,,,0.0,0.0,0.0,0.0,,0,0,0,0,,,0.0,0.0,0.0,0.0,,0,0,0,0,,,0.0,0.0,0.0,0.0,,0,0,0,0,,40.0,0.0,0.28232985128664,0.0,0.0,0.0,0,0,0,0,,,,,,,,,,,,,,,,,,,,
56,26258568,2022-07-01,Kenya,Kenya_2022-07,54986000,198901,29835.0,0.15,2.0,0.4,0.45,0.15,0.0,0.0,0.4,0.45,0.1,0.05,0.0,,,,,,Nyeri,"POLYGON ((37.078422118 -0.002441853, 37.090122035 -0.016737689, 37.09472647 -0.017804719, 37.100833926 -0.026449243, 37.102779461 -0.028040721, 37.107349563 -0.028610459, 37.115146964 -0.040573682, 37.118950296 -0.028818608, 37.120953053 -0.02678409, 37.121410826 -0.021277251, 37.124374907 -0.023329918, 37.126667587 -0.02810437, 37.134236102 -0.02947894, 37.133679145 -0.03449752, 37.137280293 -0.042002881, 37.146241201 -0.043992448, 37.151131744 -0.051497913, 37.161542267 -0.054111526, 37.167966349 -0.060649571, 37.308636203 -0.152453195, 37.203718449 -0.429563116, 37.200121116 -0.432058062, 37.201040478 -0.440151647, 37.198194655 -0.441977591, 37.189027749 -0.443820104, 37.185888189 -0.440383073, 37.183767173 -0.440029888, 37.176133808 -0.444766394, 37.177152357 -0.484174822, 37.16743231 -0.489082378, 37.164315638 -0.491785266, 37.162545583 -0.496523113, 37.163361945 -0.497454739, 37.165109112 -0.496261591, 37.166432839 -0.497808252, 37.164681858 -0.501135472, 37.169538068 -0.504808189, 37.171300495 -0.510469407, 37.169614365 -0.515885493, 37.163129247 -0.520178849, 37.162888916 -0.52141762, 37.165982699 -0.521138218, 37.164147792 -0.524646233, 37.160920492 -0.524373984, 37.156136763 -0.521406595, 37.155572177 -0.526108563, 37.15143696 -0.525013188, 37.150498525 -0.52363847, 37.146122978 -0.5291260169999999, 37.148728471 -0.5394805, 37.147179673 -0.545176882, 37.150674009 -0.5560471380000001, 37.149247283 -0.55969086, 37.149273987 -0.564745655, 37.148327923 -0.565477773, 37.145558396 -0.564057224, 37.144825959 -0.569491548, 37.146378574 -0.573072929, 37.15044131 -0.57453913, 37.151326338 -0.5777133290000001, 37.150433681 -0.58180935, 37.155995625 -0.586902169, 37.161214239 -0.59412894, 37.166768553 -0.595306323, 37.169122269 -0.59301032, 37.171067806 -0.59976584, 37.178968207 -0.602327535, 37.180589488 -0.612573488, 37.179834163 -0.617031336, 37.175862982 -0.617454969, 37.174749067 -0.618738619, 37.177331671 -0.621741707, 37.17395178 -0.623757058, 37.172631868 -0.6292636150000001, 37.175908761 -0.633704716, 37.171498881 -0.633504225, 37.170056896 -0.638097363, 37.155671377 -0.638408712, 37.152707297 -0.640460359, 37.150971573 -0.639030989, 37.145649961 -0.638685434, 37.134011081 -0.640173213, 37.132248655 -0.643997521, 37.127213152 -0.647684989, 37.120705144 -0.647348016, 37.112503375 -0.641259473, 37.102356072 -0.6391850019999999, 37.101585486 -0.634301853, 37.103321209 -0.633271679, 37.100517348 -0.629210643, 37.09810641 -0.629291162, 37.094333596 -0.626197304, 37.088142215 -0.624856798, 37.086337826 -0.6257965, 37.08387348 -0.622160645, 37.079993853 -0.620350794, 37.079143158 -0.61769207, 37.076400334 -0.617790528, 37.068435081 -0.612452757, 37.064219754 -0.614124041, 37.059710689 -0.612250717, 37.056834347 -0.604129837, 37.050852777 -0.598349838, 37.043814516 -0.597786745, 37.034804015 -0.592276911, 37.032648666 -0.593270789, 37.026419137 -0.592590404, 37.017195009 -0.58661951, 37.008447728 -0.58652594, 36.997197954 -0.588303133, 36.994958679 -0.578401604, 36.990159691 -0.578083464, 36.987840307 -0.576545564, 36.985765069 -0.57711444, 36.983430427 -0.579970796, 36.977734966 -0.580221948, 36.975575803 -0.582617185, 36.97104385 -0.584197818, 36.969342461 -0.588627596, 36.953865915 -0.589761177, 36.952275154 -0.594190895, 36.950470765 -0.595537422, 36.937897264 -0.598796671, 36.93159907 -0.602871953, 36.926266013 -0.604406934, 36.925709056 -0.605781055, 36.921016882 -0.604486321, 36.916034785 -0.610207556, 36.911003096 -0.609536528, 36.910053217 -0.610557822, 36.908298419 -0.609445044, 36.906322366 -0.610728157, 36.90463242 -0.609470791, 36.903213323 -0.610437611, 36.895427365 -0.609186921, 36.892440396 -0.610939677, 36.889441982 -0.61031466, 36.885333469 -0.612211706, 36.882892011 -0.608621445, 36.880256001 -0.608864491, 36.876639593 -0.60703676, 36.874236285 -0.607759104, 36.869021486 -0.605478716, 36.862887326 -0.607962578, 36.825857293 -0.589124854, 36.82359513 -0.584332356, 36.811509919 -0.581696817, 36.809892453 -0.57223966, 36.803701071 -0.56965168, 36.796170703 -0.571574414, 36.791081792 -0.571048094, 36.783379758 -0.568034635, 36.775567097 -0.56810395, 36.764015955 -0.570133606, 36.760533065 -0.569020291, 36.750820645 -0.572035958, 36.74570503 -0.569421278, 36.74094419 -0.569419431, 36.736454198 -0.566949696, 36.725666011 -0.571004476, 36.722900299 -0.575975416, 36.717761796 -0.578251514, 36.713859281 -0.5838005080000001, 36.709079367 -0.587278962, 36.708701705 -0.590262026, 36.711043978 -0.5948011090000001, 36.709792732 -0.601246177, 36.711139349 -0.60720414, 36.712688148 -0.607873738, 36.710586207 -0.608993788, 36.709739327 -0.614263797, 36.711288127 -0.619643289, 36.708678822 -0.628239237, 36.703059656 -0.6235179, 36.695330918 -0.6140316, 36.680785173 -0.589599584, 36.681567201 -0.57949333, 36.660707993 -0.494511222, 36.66857406 -0.481062786, 36.668707577 -0.475846894, 36.667029075 -0.47103714, 36.663252445 -0.463135137, 36.655104083 -0.461423952, 36.653005956 -0.45975994, 36.651686041 -0.434909442, 36.634214363 -0.412214652, 36.624780421 -0.40323563, 36.624391314 -0.401201625, 36.63313478 -0.389986076, 36.632215418 -0.387662657, 36.617314902 -0.378998677, 36.609048281 -0.377450645, 36.606923451 -0.376085106, 36.604768102 -0.370263177, 36.606477121 -0.365861439, 36.617951967 -0.35600246, 36.61020797 -0.341501233, 36.6097769 -0.335950928, 36.610982369 -0.328719713, 36.615823319 -0.31742156, 36.615907244 -0.312476992, 36.618760696 -0.304938721, 36.667662306 -0.218049946, 36.684760131 -0.184324701, 36.682093602 -0.167808493, 36.65979242 -0.152094149, 36.70485637 -0.137409545, 36.712134963 -0.137672392, 36.717849497 -0.128560505, 36.742019919 -0.122596057, 36.753735096 -0.121909957, 36.766110229 -0.10955273, 36.769291753 -0.114226866, 36.792485591 -0.107547644, 36.83218978 -0.104331902, 36.830694388 -0.128362274, 36.832575073 -0.137168178, 36.849287607 -0.134430274, 36.862555398 -0.143165031, 36.862910172 -0.145994896, 36.860037646 -0.152793435, 36.86533637 -0.160334164, 36.866179436 -0.168100492, 36.872088524 -0.171138924, 36.872950663 -0.174963383, 36.870379505 -0.18195182, 36.867522238 -0.181644094, 36.867156019 -0.187484544, 36.860091054 -0.189979, 36.856570016 -0.193251405, 36.856024503 -0.195945532, 36.853682231 -0.196297839, 36.853567788 -0.200375281, 36.840734881 -0.200518261, 36.842836824 -0.215200925, 36.856505168 -0.253111587, 36.874247691 -0.253286271, 36.879054309 -0.258648421, 36.959870339 -0.282992471, 36.963952149 -0.273309638, 36.969815459 -0.271014081, 36.970418193 -0.268997896, 36.968751136 -0.267487649, 36.970231269 -0.260788061, 36.971642736 -0.25916985, 36.980023798 -0.256738972, 36.988973263 -0.258838059, 36.995034941 -0.254824462, 37.002588197 -0.253225234, 37.002641604 -0.24993404, 37.008394286 -0.242999824, 37.013738786 -0.24291923, 37.01494044 -0.231924498, 37.011564363 -0.226562199, 37.011056998 -0.220214753, 37.013971486 -0.208840477, 37.0165312 -0.205594773, 37.015814022 -0.197230947, 37.017412413 -0.19523288, 37.020857155 -0.178731826, 37.019079469 -0.170259381, 37.014841253 -0.161551623, 37.014841252 -0.155213281, 37.008180653 -0.146812802, 37.003515183 -0.147165019, 36.995965741 -0.145346957, 36.986119804 -0.134667832, 36.983228203 -0.098410408, 36.980248863 -0.08709909, 36.979058653 -0.072505771, 36.980084827 -0.070408151, 36.985101258 -0.07002860700000001, 36.991185825 -0.066864256, 37.000821949 -0.06416113599999999, 37.028238743 -0.048329723, 37.062609872 -0.000949905, 37.069690096 -0.002948216, 37.07124271 -0.001112655, 37.072059072 0.003073875, 37.079280442 0.01501867, 37.078292416 0.006826415, 37.079787808 0.003218577, 37.078422118 -0.002441853))",Nyeri,Nyeri,442255302,-20.872999999999998,1886.1056000000003,87378278198,0.0,0.0,0.0,0.0,0.0,50.0,48.61111111111111,0.16666666666666666,0.48154341234307685,-0.16666666666666666,-1.0,-0.3461093276215864,0,0,0,0,,,0.0,0.0,0.0,0.0,,0,0,0,0,,,0.0,0.0,0.0,0.0,,0,0,0,0,,,0.0,0.0,0.0,0.0,,0,0,0,0,50.0,48.61111111111111,0.16666666666666666,0.48154341234307685,-0.16666666666666666,-1.0,-0.3461093276215864,0,0,0,0,-1.05,34.34210526315789,36.730715345256804,5.943333333333321,9.001410265917363,-6.993333333333321,-1.1766685361749862,-0.7769152973520875,0.0,0.0,0.0,0.0,-0.5187603846552181,0.0,0.0,0.0,0.0,-1.0984501682201755,-1.3382585660322952,-0.5187603846552181
57,26258568,2022-07-01,Kenya,Kenya_2022-07,54986000,340671,34067.0,0.1,2.0,0.5,0.4,0.1,0.0,0.0,0.3,0.55,0.1,0.05,0.0,,,,,,Taita,"POLYGON ((38.176395477 -2.701094553, 38.26396749 -2.763489367, 38.277685431 -2.779691041, 38.297247617 -2.809230294, 38.320739019 -2.836238963, 38.352756463 -2.89080772, 38.382572764 -2.920877157, 38.398491825 -2.930782769, 38.403618881 -2.928786192, 38.406872885 -2.929972928, 38.427896128 -2.957178273, 38.448816365 -2.975019869, 38.456007227 -2.990728302, 38.459921189 -2.99509978, 38.465551796 -2.993736623, 38.468042842 -2.991693322, 38.476664231 -2.990313237, 38.487582111 -2.983723466, 38.491530406 -2.98889095, 38.511985227 -2.988972466, 38.513759094 -2.98520079, 38.520186986 -2.980173713, 38.529800218 -2.981498714, 38.53676218 -2.979520493, 38.543060376 -2.984426454, 38.54979727 -2.986519096, 38.559357099 -2.991869426, 38.582493707 -2.993480016, 38.594277553 -3.004023818, 38.601617179 -3.003710082, 38.608590584 -3.000817609, 38.610364455 -3.00117997, 38.60689683 -3.008660624, 38.610311056 -3.012190085, 38.62915986 -3.017036676, 38.64217587 -3.017167784, 38.647306745 -3.020887722, 38.653166245 -3.029122179, 38.659281331 -3.032525764, 38.664274879 -3.043826957, 38.668921273 -3.042408016, 38.696109168 -3.039665955, 38.705462992 -3.036827835, 38.725605005 -3.042306414, 38.736812817 -3.048859215, 38.756672533 -3.051397171, 38.765972952 -3.049879291, 38.773983978 -3.050378488, 38.782910552 -3.053736775, 38.79258482 -3.054299622, 38.808622134 -3.05771345, 38.810262488 -3.059676884, 38.809171465 -3.062571736, 38.800263968 -3.062950079, 38.797906438 -3.064523738, 38.80006942 -3.070594747, 38.808286446 -3.073111256, 38.818460447 -3.071231251, 38.827867676 -3.065515205, 38.836069439 -3.064186614, 38.84029239 -3.059066564, 38.844465753 -3.059411044, 38.849344854 -3.065011694, 38.861979384 -3.063285453, 38.894218025 -3.043385739, 38.899558708 -3.043313977, 38.907718513 -3.047213902, 38.917278339 -3.049096514, 38.927841446 -3.046138717, 38.932316176 -3.046093895, 38.937530967 -3.04061172, 38.95679558 -3.045081881, 38.977895095 -3.045426347, 38.982724598 -3.043725621, 38.991021722 -3.031466779, 38.993665359 -3.029910762, 39.001535237 -3.028970042, 39.006036671 -3.03014605, 39.011659648 -3.02967545, 39.026003194 -3.025052211, 39.035166284 -3.028209292, 39.042944606 -3.025648905, 39.044111933 -3.033944871, 39.04579425 -3.035808416, 39.053149135 -3.037608544, 39.060114919 -3.044981433, 39.0633117 -3.045551437, 39.066596217 -3.041715155, 39.079867819 -3.046644949, 39.081763767 -3.052489243, 39.085582356 -3.053646894, 39.08761563 -3.052461584, 39.08819547 -3.045359507, 39.104717249 -3.037333393, 39.113697217 -3.025372308, 39.126602594 -3.021236353, 39.129402638 -3.021579881, 39.13050511 -3.023841311, 39.13152366 -3.030753145, 39.134239783 -3.035855309, 39.133457758 -3.041012307, 39.136635466 -3.042622198, 39.140816459 -3.042703249, 39.143112957 -3.048601658, 39.144871569 -3.049497075, 39.151753418 -3.045831958, 39.163449526 -3.060812082, 39.16438415 -3.066167901, 39.166936235 -3.067542494, 39.170281791 -3.066275413, 39.1735129 -3.061688182, 39.178891729 -3.058909664, 39.181909219 -3.062989344, 39.185151777 -3.064255466, 39.196580838 -3.062389764, 39.203199474 -3.066821553, 39.206796807 -3.06751743, 39.215521193 -3.066294448, 39.219232974 -3.073893101, 39.15683874 -3.320036768, 39.05649145 -3.687444957, 38.969468776 -3.636358071, 38.932480785 -3.698146703, 39.033358729 -3.758138879, 38.946431678 -3.962045799, 38.92774692 -3.967228084, 38.832759079 -4.002451762, 38.446963456 -4.140393708, 37.786064676 -3.676811778, 37.761657688 -3.616539627, 37.753982324 -3.577672385, 37.749370252 -3.567373174, 37.747775662 -3.55263692, 37.743873139 -3.544075382, 37.727950264 -3.540299908, 37.722277686 -3.532604228, 37.719340308 -3.531433226, 37.696962834 -3.529005175, 37.691851031 -3.524367171, 37.6882041 -3.517488237, 37.684770799 -3.514046268, 37.682905374 -3.514857772, 37.677984312 -3.51258967, 37.673986421 -3.505746257, 37.66825663 -3.506742045, 37.665448954 -3.505715988, 37.661134444 -3.506976157, 37.65742267 -3.509512225, 37.655221548 -3.513172094, 37.649926641 -3.514665892, 37.644509664 -3.519605239, 37.63796351 -3.51947818, 37.630429332 -3.52354595, 37.623383442 -3.523861117, 37.622307677 -3.525794992, 37.619477115 -3.526650124, 37.612271003 -3.525354921, 37.610699314 -3.523815118, 37.609039887 -3.524282854, 37.604145527 -3.520341445, 37.60619024 -3.512864844, 37.608131959 -3.510977455, 37.607197334 -3.505739403, 37.612469351 -3.502853129, 37.612900416 -3.497517571, 37.61383885 -3.496659819, 37.616833449 -3.497360464, 37.62036211 -3.489877187, 37.624966542 -3.488373376, 37.626484821 -3.486494332, 37.624897859 -3.468113944, 37.619980611 -3.465339249, 37.618138071 -3.461284599, 37.60893302 -3.464002568, 37.607609292 -3.463005594, 37.60665178 -3.458798608, 37.599781371 -3.460298845, 37.596420552 -3.459027716, 37.593250476 -3.461428851, 37.585308114 -3.462068, 37.585281392 -3.440488564, 37.632130605 -3.389989893, 37.664216654 -3.358378933, 37.680883405 -3.356511318, 37.685327614 -3.350945704, 37.685762475 -3.322899041, 37.712050082 -3.311374681, 37.692060551 -3.180652932, 37.796039874 -3.172639378, 37.804447635 -3.168090523, 37.808571408 -3.169343533, 37.810459721 -3.16864932, 37.819176488 -3.175641967, 37.823128595 -3.175863673, 37.825253428 -3.179475143, 37.826855633 -3.179069868, 37.829434423 -3.180845683, 37.831395222 -3.186519286, 37.833459016 -3.187842148, 37.846330065 -3.184374418, 37.853765057 -3.179480126, 37.853234798 -3.172306768, 37.855748733 -3.1700029, 37.85561896 -3.081314297, 37.865350451 -3.081243247, 37.871644829 -3.079847906, 37.895353511 -2.887957075, 37.918902104 -2.870549086, 37.938433683 -2.773147055, 37.944285554 -2.781700251, 37.975406495 -2.79077361, 38.101667867 -2.721467281, 38.114054437 -2.716917231, 38.116884999 -2.715001472, 38.118155315 -2.709900495, 38.119723187 -2.708309672, 38.129370749 -2.702807467, 38.134261289 -2.701200908, 38.147487114 -2.702512796, 38.154384226 -2.700998018, 38.158038778 -2.697653547, 38.158397363 -2.692026905, 38.161739102 -2.686438882, 38.162994169 -2.695648626, 38.166629651 -2.69810268, 38.176395477 -2.701094553))",Taita Taveta,Taita Taveta,207073260,-82.87429999999999,921.3595,40067119437,0.0,0.0,0.0,0.0,0.0,50.0,49.99999999999998,0.08333333333333333,0.28232985128664,-0.08333333333333333,-1.0,-0.29516302634512354,0,0,0,0,,,0.0,0.0,0.0,0.0,,0,0,0,0,,,0.0,0.0,0.0,0.0,,0,0,0,0,,,0.0,0.0,0.0,0.0,,0,0,0,0,50.0,49.99999999999998,0.08333333333333333,0.28232985128664,-0.08333333333333333,-1.0,-0.29516302634512354,0,0,0,0,,,,,,,,,,,,,,,,,,,,
58,26258568,2022-07-01,Kenya,Kenya_2022-07,54986000,1157873,57894.0,0.05,2.0,0.75,0.2,0.05,0.0,0.0,0.7,0.2,0.1,0.0,0.0,,,,,,Narok,"POLYGON ((35.815185652 -0.474972195, 35.815120801 -0.476552978, 35.827797305 -0.473731395, 35.831207714 -0.467165696, 35.836773474 -0.467032699, 35.839657446 -0.473818141, 35.832684036 -0.494799575, 35.854859336 -0.504738087, 35.853665311 -0.506589361, 35.890672464 -0.526030236, 35.906473273 -0.547313269, 35.913912088 -0.549828597, 35.933516227 -0.550823486, 35.936255237 -0.55616418, 35.939017136 -0.557060017, 35.945376368 -0.5553919510000001, 35.947638531 -0.558293126, 35.948267971 -0.565159622, 35.952185747 -0.569200097, 35.982597157 -0.631447104, 35.950934515 -0.666256324, 35.916487075 -0.635798758, 35.87605807 -0.64004736, 35.878312605 -0.650573135, 35.893487787 -0.649489438, 35.930346169 -0.6958306359999999, 35.931578343 -0.700944853, 35.930746722 -0.705488525, 35.945929535 -0.713701784, 36.012558419 -0.663809583, 36.029431179 -0.67963117, 36.056916643 -0.660863642, 36.09774238 -0.640159968, 36.099844328 -0.67725255, 36.143470121 -0.715916519, 36.142798719 -0.7134582860000001, 36.144072855 -0.711751302, 36.14781515 -0.711563862, 36.151427745 -0.716355228, 36.154750415 -0.71699884, 36.153136765 -0.718208647, 36.154719899 -0.726197576, 36.160064402 -0.734378652, 36.159953775 -0.741544216, 36.16210531 -0.745250398, 36.166179492 -0.747466896, 36.169132129 -0.747523038, 36.170516893 -0.751563155, 36.173881527 -0.754836408, 36.184551458 -0.759117543, 36.18735532 -0.76535449, 36.193725997 -0.765955071, 36.184517129 -0.7791148959999999, 36.191730872 -0.7847042360000001, 36.188927015 -0.80507933, 36.175212896 -0.819292871, 36.167552827 -0.829570593, 36.160243715 -0.832583399, 36.159400651 -0.83778761, 36.169715813 -0.869286313, 36.181633181 -0.893955293, 36.184337858 -0.895547786, 36.189655659 -0.906802098, 36.186584766 -0.9149324559999999, 36.195862303 -0.916051192, 36.206539866 -0.93404219, 36.25072642 -0.918777847, 36.265161534 -0.9152012899999999, 36.272714795 -0.930994684, 36.3099394 -0.998152288, 36.311198278 -1.002672, 36.336402517 -1.047446197, 36.348853982 -1.174822974, 36.230195396 -1.302729619, 36.201977503 -1.3313076, 36.051488432 -1.491669274, 36.059968685 -1.503571127, 36.059556692 -1.51055485, 36.068170464 -1.527092214, 36.072462093 -1.542078688, 36.083772914 -1.562613969, 36.085497199 -1.578329104, 36.079961961 -1.587239197, 36.079454599 -1.595551149, 36.075796229 -1.597036722, 36.073682842 -1.596446452, 36.070737836 -1.598682975, 36.068674043 -1.60246586, 36.067514353 -1.609114159, 36.062875586 -1.612938408, 36.063226547 -1.61731204, 36.061940969 -1.619523769, 36.055940325 -1.620536006, 36.057386127 -1.625245539, 36.056550693 -1.630566085, 36.055463483 -1.634332163, 36.051927187 -1.639287248, 36.052106485 -1.64741921, 36.047940751 -1.652210754, 36.053094519 -1.663548559, 36.052869449 -1.667704416, 36.058412322 -1.674426019, 36.055787759 -1.682770513, 36.057760001 -1.688221819, 36.061235263 -1.690711755, 36.064393902 -1.698848365, 36.064077276 -1.700700114, 36.059030328 -1.703890941, 36.0565698 -1.711892382, 36.054109269 -1.71198798, 36.048791469 -1.708889655, 36.046552197 -1.712391828, 36.042016427 -1.711653037, 36.039460527 -1.713130743, 36.039716118 -1.715028502, 36.04801326 -1.721763573, 36.049420917 -1.73172261, 36.048337522 -1.73594939, 36.04657891 -1.73690429, 36.042035511 -1.735704559, 36.041901996 -1.742281933, 36.036294276 -1.746347797, 36.036626164 -1.753206004, 36.033631566 -1.756128634, 36.033807047 -1.75999591, 36.031274037 -1.763208312, 36.033021207 -1.76865926, 36.031911108 -1.771151105, 36.02210332 -1.777992866, 36.023636861 -1.780850412, 36.029973207 -1.783182647, 36.029954134 -1.785775692, 36.028248931 -1.790416926, 36.02316002 -1.794989383, 36.025796033 -1.798932946, 36.021706593 -1.801067436, 36.01999376 -1.805365258, 36.016484167 -1.808241639, 36.016510871 -1.809976336, 36.018288557 -1.810123903, 36.023827612 -1.808822967, 36.028515974 -1.812038107, 36.030568329 -1.822738915, 36.029202641 -1.82731745, 36.032017946 -1.827728683, 36.03790033 -1.822796246, 36.039758127 -1.824497923, 36.041528187 -1.831566395, 36.043687352 -1.834190072, 36.042012666 -1.837042374, 36.048711417 -1.844552712, 36.047486877 -1.850794067, 36.049565934 -1.859471241, 36.047311404 -1.86556622, 36.047387703 -1.874673821, 36.045342985 -1.879549279, 36.039727634 -1.879404217, 36.03963608 -1.881084559, 36.037877468 -1.882201927, 36.037339589 -1.892193742, 36.02953074 -1.89092452, 36.026356847 -1.893168791, 36.03357441 -1.904646651, 36.037873665 -1.908503079, 36.043454685 -1.910265545, 36.043321169 -1.912686706, 36.03614939 -1.915800413, 36.034310669 -1.919348, 36.03490959 -1.921011415, 36.038434444 -1.922978188, 36.03746168 -1.930837066, 36.041547308 -1.93561466, 36.043725549 -1.943307373, 36.04230264 -1.947831553, 36.038812121 -1.952035686, 36.04208139 -1.963579345, 36.037160334 -1.975478815, 36.040795817 -1.977156771, 36.037232822 -1.991570376, 36.032594059 -2.002602676, 36.036572874 -2.007768976, 36.032357548 -2.013968493, 36.029610909 -2.013665253, 36.028271926 -2.021559294, 36.026856646 -2.024872536, 36.025643546 -2.02368675, 36.022019512 -2.032163911, 36.022969393 -2.035346034, 36.021817333 -2.039617394, 36.024060423 -2.042295783, 36.027093171 -2.043277262, 36.027299189 -2.084513269, 36.000858971 -2.084209803, 36.000794131 -2.107058725, 35.371741032 -1.750485343, 35.248451211 -1.681928348, 35.01359819 -1.545982003, 34.890357954 -1.477173121, 34.730381397 -1.385314216, 34.722061356 -1.353650185, 34.718994272 -1.34446951, 34.716083595 -1.339818144, 34.712959286 -1.323419994, 34.707095966 -1.303417518, 34.705566236 -1.289395114, 34.697501788 -1.262984163, 34.696212389 -1.249693162, 34.687316315 -1.209063605, 34.680213199 -1.211740569, 34.673461041 -1.209366135, 34.671996165 -1.206404884, 34.671912238 -1.196878174, 34.669325818 -1.196251548, 34.664423827 -1.192130138, 34.661589446 -1.187191025, 34.658617734 -1.187502135, 34.653399117 -1.185139381, 34.653837814 -1.177508167, 34.655268356 -1.177158557, 34.655169171 -1.175516596, 34.649736926 -1.172440916, 34.646982655 -1.16793509, 34.64397661 -1.168246199, 34.643999498 -1.165621088, 34.638227738 -1.161047439, 34.636888751 -1.162163973, 34.632166055 -1.161020025, 34.631422173 -1.158375723, 34.627466247 -1.155266428, 34.626146333 -1.151439677, 34.631601462 -1.138827866, 34.633749182 -1.136584905, 34.632021087 -1.134363162, 34.630472283 -1.121912033, 34.62292665 -1.112636476, 34.623258534 -1.105862299, 34.620424151 -1.094961109, 34.616243153 -1.090363381, 34.615140681 -1.087249675, 34.616143966 -1.080882561, 34.618932568 -1.07465336, 34.601483768 -1.056217271, 34.593941948 -1.041620568, 34.591626372 -1.016297178, 34.643381455 -0.966995839, 34.656172405 -0.9638368940000001, 34.669051097 -0.970628352, 34.673850088 -0.9706164900000001, 34.675692625 -0.969355905, 34.680701429 -0.970941067, 34.684977795 -0.970540618, 35.013483558 -0.88881606, 35.083244401 -0.905489966, 35.234462213 -1.030521469, 35.241439442 -1.036002219, 35.243007315 -1.03453095, 35.244498894 -1.036229887, 35.248775259 -1.033463406, 35.247958896 -1.032225648, 35.248790517 -1.030321807, 35.251380751 -1.030053967, 35.250976384 -1.027435532, 35.253475063 -1.02901825, 35.257781947 -1.027967156, 35.260581992 -1.021343885, 35.264545545 -1.020003376, 35.264873617 -1.021710062, 35.266586452 -1.021206447, 35.268451878 -1.022996214, 35.270996335 -1.022972135, 35.270050269 -1.019612523, 35.272030139 -1.020887828, 35.271602884 -1.02013795, 35.28031202 -1.016437546, 35.281227565 -1.01175304, 35.284508274 -1.013851412, 35.286572068 -1.010946661, 35.289127969 -1.011906566, 35.289997738 -1.00905462, 35.295059948 -1.008103414, 35.299523236 -1.002727675, 35.300133601 -1.004181898, 35.302353801 -1.003705937, 35.302754353 -1.004988395, 35.306885756 -1.002555491, 35.307942449 -1.000100953, 35.309407324 -1.001095725, 35.312619366 -1.000666013, 35.313286952 -0.99947498, 35.311139232 -0.997513389, 35.311173564 -0.995671651, 35.315404153 -0.995486773, 35.314023202 -0.992451679, 35.315129487 -0.990538899, 35.317208541 -0.990784984, 35.319558444 -0.988810339, 35.319459259 -0.987374711, 35.321961753 -0.988740786, 35.324902946 -0.985493815, 35.32792425 -0.986264553, 35.329358606 -0.983611728, 35.332276911 -0.984752577, 35.33176573 -0.982549012, 35.32901146 -0.9810201710000001, 35.331204957 -0.979866924, 35.33328401 -0.976032007, 35.338842141 -0.979523154, 35.340070499 -0.978224365, 35.33876966 -0.9760650829999999, 35.339780575 -0.9744410019999999, 35.342199144 -0.97461521, 35.345662962 -0.97145889, 35.348638488 -0.973114438, 35.346921839 -0.975649674, 35.350706099 -0.979003505, 35.350706098 -0.975039793, 35.349363296 -0.972835335, 35.352411303 -0.971150223, 35.350790022 -0.9701101559999999, 35.352781335 -0.966762582, 35.355928526 -0.966332632, 35.355253311 -0.967713309, 35.35321622 -0.967747222, 35.358640834 -0.970624258, 35.358682797 -0.97213218, 35.360765665 -0.972125385, 35.362261058 -0.969815614, 35.365091623 -0.971687627, 35.365366288 -0.976590683, 35.366228427 -0.973603029, 35.368097668 -0.972675068, 35.367441526 -0.974173156, 35.369612134 -0.973426138, 35.369261174 -0.968522963, 35.37215659 -0.970647916, 35.375635667 -0.967148363, 35.377535424 -0.961073823, 35.378855337 -0.962059416, 35.38035073 -0.960471869, 35.382845594 -0.960907897, 35.383463588 -0.958542937, 35.385294681 -0.959980531, 35.387701805 -0.958059824, 35.392359649 -0.958353707, 35.394827809 -0.9562344739999999, 35.397589708 -0.957844608, 35.402716768 -0.952676156, 35.402720582 -0.949461727, 35.404265567 -0.949056988, 35.404406714 -0.950176799, 35.412845 -0.946772485, 35.421054401 -0.945914193, 35.421069659 -0.941182724, 35.424026111 -0.940951001, 35.421607541 -0.936144735, 35.424838658 -0.936202247, 35.426002164 -0.93300695, 35.424792879 -0.9290417479999999, 35.425620685 -0.924311053, 35.422534529 -0.922050572, 35.424842469 -0.91867582, 35.427684478 -0.918895383, 35.428504655 -0.917893936, 35.424934022 -0.9113709719999999, 35.425964011 -0.909909239, 35.425067538 -0.907154321, 35.423820106 -0.90638555, 35.427039778 -0.904736317, 35.429099757 -0.905569098, 35.431083441 -0.902898273, 35.429538456 -0.900856044, 35.430579889 -0.895376066, 35.431873098 -0.895151615, 35.431915061 -0.897878581, 35.434455703 -0.897438619, 35.435695506 -0.898442152, 35.437499895 -0.895834324, 35.440605124 -0.895259428, 35.441150636 -0.8921627680000001, 35.439319543 -0.890680116, 35.438827436 -0.888015908, 35.442489622 -0.888163892, 35.442836767 -0.890177872, 35.443439501 -0.886214399, 35.445713109 -0.8863881300000001, 35.446147993 -0.883128823, 35.44978729 -0.882753048, 35.449058668 -0.884675722, 35.45081728 -0.8849392699999999, 35.453640215 -0.881826636, 35.453415143 -0.884029724, 35.456116006 -0.884790867, 35.454689279 -0.883552393, 35.456199931 -0.883192652, 35.456833183 -0.881089273, 35.45560101 -0.880437912, 35.455299642 -0.877954409, 35.457340548 -0.876972093, 35.458103503 -0.874164548, 35.459469193 -0.875610606, 35.460255037 -0.873426112, 35.462463793 -0.87327467, 35.46104851 -0.871575732, 35.461010362 -0.869516874, 35.462719382 -0.868678669, 35.461586392 -0.864343237, 35.465172283 -0.864346574, 35.466721082 -0.86299355, 35.468525472 -0.8640969120000001, 35.468159253 -0.862507279, 35.469898792 -0.862156716, 35.469807237 -0.860756966, 35.473015464 -0.860805122, 35.471584922 -0.857092443, 35.475086887 -0.8549826270000001, 35.476780649 -0.85607681, 35.477631343 -0.851797341, 35.479458621 -0.851591306, 35.479683693 -0.848566463, 35.477341419 -0.846442224, 35.480156724 -0.842796653, 35.479439545 -0.840592612, 35.482216703 -0.839321894, 35.482128963 -0.837723441, 35.484475051 -0.837382413, 35.485741556 -0.835324687, 35.484856528 -0.834312512, 35.487553575 -0.834360072, 35.487507797 -0.831443282, 35.490128549 -0.83177072, 35.491250093 -0.829315526, 35.494584209 -0.829444916, 35.494950427 -0.826113016, 35.497395699 -0.824751648, 35.500386484 -0.824420156, 35.500901479 -0.826524667, 35.502183244 -0.824674585, 35.50945421 -0.824328789, 35.511327265 -0.822560477, 35.511670594 -0.819382105, 35.513524576 -0.819510124, 35.512818842 -0.81758602, 35.51533278 -0.817461815, 35.516900654 -0.818817759, 35.518018383 -0.816985497, 35.52004403 -0.816626053, 35.520631504 -0.8102329539999999, 35.526822888 -0.810310551, 35.527650694 -0.80734924, 35.531068734 -0.805645355, 35.532148315 -0.803442803, 35.534112926 -0.803417413, 35.534051889 -0.801295141, 35.538236699 -0.799167445, 35.538385475 -0.797280173, 35.540910857 -0.796668207, 35.54683902 -0.788662887, 35.544862964 -0.7846515549999999, 35.534410473 -0.777671227, 35.507596403 -0.773946573, 35.497300319 -0.768583054, 35.488286 -0.766760568, 35.480370336 -0.763439994, 35.426658264 -0.721272358, 35.397307355 -0.6442921579999999, 35.587779176 -0.589134928, 35.599124333 -0.6556663579999999, 35.610633518 -0.671885534, 35.636699893 -0.689786243, 35.640220934 -0.698504311, 35.642273285 -0.701052717, 35.645706584 -0.701280982, 35.647823784 -0.695484114, 35.650177502 -0.694998082, 35.651421118 -0.68817998, 35.653046213 -0.687648234, 35.656876248 -0.6823402, 35.664311248 -0.678859122, 35.665036056 -0.677613198, 35.663857289 -0.674920859, 35.666291116 -0.669964043, 35.665680752 -0.6675882359999999, 35.668145097 -0.665557747, 35.668911867 -0.662523486, 35.673501043 -0.657911273, 35.6774913 -0.65885324, 35.678174144 -0.653479646, 35.681790553 -0.650962111, 35.68148537 -0.646220092, 35.683045613 -0.642138611, 35.686059286 -0.638997429, 35.686963387 -0.627644654, 35.685021665 -0.622928679, 35.689290399 -0.616988236, 35.688771589 -0.6147930740000001, 35.69004191 -0.614613263, 35.688920365 -0.613429323, 35.692971658 -0.606061595, 35.693280654 -0.601383168, 35.695344448 -0.5979431549999999, 35.704087916 -0.591535512, 35.705644344 -0.587083562, 35.708455835 -0.586191002, 35.711026993 -0.577521507, 35.71321286 -0.575065955, 35.713827039 -0.57135399, 35.712468978 -0.570115815, 35.712938194 -0.55954826, 35.711480949 -0.558328023, 35.711652614 -0.553640358, 35.718004217 -0.552803881, 35.724653373 -0.548571375, 35.734686235 -0.534025445, 35.741652017 -0.530461286, 35.750323006 -0.532940795, 35.766634992 -0.533717193, 35.773944106 -0.5374696839999999, 35.77886898 -0.513778895, 35.795295405 -0.474610698, 35.794727003 -0.468847324, 35.797984821 -0.457575513, 35.800697127 -0.45626692, 35.81339652 -0.458603123, 35.816795487 -0.467430169, 35.815185652 -0.474972195))",Narok,Narok,870602928,-107.26530000000002,3534.122899999999,169174260151,0.0,0.0,0.0,0.0,0.0,25.0,47.5,0.08333333333333333,0.5882299658752705,-0.08333333333333333,-1.0,-0.1416679498966625,0,0,0,0,,,0.0,0.0,0.0,0.0,,0,0,0,0,,,0.0,0.0,0.0,0.0,,0,0,0,0,,,0.0,0.0,0.0,0.0,,0,0,0,0,25.0,47.5,0.08333333333333333,0.5882299658752705,-0.08333333333333333,-1.0,-0.1416679498966625,0,0,0,0,,,,,,,,,,,,,,,,,,,,
59,26258568,2022-07-01,Kenya,Kenya_2022-07,54986000,133595,26719.0,0.2,3.0,0.35,0.45,0.2,0.0,0.0,0.25,0.5,0.2,0.05,0.0,,,,,,Tharaka,"POLYGON ((37.977938515 0.064823484, 37.980391415 0.062227368, 37.987334305 0.061494788, 37.999110515 0.06258053099999999, 38.001304011 0.059595413, 38.005652854 0.060056842, 38.00580163 0.062128366, 38.008609305 0.060337324, 38.011298721 0.060310236, 38.015021941 0.056239611, 38.01580397 0.05739751, 38.018714643 0.056701021, 38.020999693 0.04995274, 38.024040069 0.049645226, 38.024738173 0.047863169, 38.027019408 0.0498081, 38.030441261 0.043756356, 38.033657116 0.041639626, 38.034935066 0.037369913, 38.033714338 0.036899503, 38.033886002 0.03515362, 38.035827723 0.034429957, 38.038341659 0.030250708, 38.039924791 0.030087894, 38.040424526 0.027175067, 38.043197868 0.025745814, 38.045318883 0.022027896, 38.04493359 0.024533656, 38.046745608 0.025691568, 38.050491717 0.02249833, 38.051922258 0.026731911, 38.054695599 0.02488653, 38.053989866 0.023800994, 38.058968147 0.021566644, 38.061485898 0.021973735, 38.063351323 0.024958967, 38.066532845 0.022787923, 38.068199902 0.024190086, 38.070122548 0.021584812, 38.070961799 0.024009183, 38.073136221 0.023249324, 38.072636485 0.024380089, 38.074215802 0.025583238, 38.073342218 0.02795332, 38.075680675 0.028152358, 38.074055581 0.029536403, 38.074612539 0.030431976, 38.081238802 0.027428712, 38.082787601 0.025547123, 38.089310866 0.039179776, 38.094697328 0.040989081, 38.096276645 0.045376506, 38.101022225 0.046706364, 38.105687694 0.044218715, 38.107316603 0.047050208, 38.110200573 0.047927729, 38.111997332 0.05171813, 38.114557046 0.052740396, 38.117425756 0.050252717, 38.117765271 0.047873557, 38.120378392 0.046353819, 38.121526639 0.046254326, 38.122964809 0.048497822, 38.124921789 0.047168046, 38.128973079 0.048452672, 38.13607619 0.045883618, 38.143049598 0.041758589, 38.154734253 0.030839783, 38.158472732 0.029229566, 38.159960494 0.02584624, 38.162585059 0.023892245, 38.175898623 0.021938314, 38.180144467 0.019251558, 38.182921623 0.015470174, 38.193633511 0.011055563, 38.208350911 0.015144616, 38.212573867 0.010874697, 38.220027937 0.010521909, 38.22327431 0.006867133, 38.221988731 0.001357813, 38.229412282 -0.000740971, 38.23080849 -0.010990673, 38.232280993 -0.012257188, 38.237755194 -0.012836178, 38.238716518 -0.017205655, 38.242798327 -0.019159722, 38.245880665 -0.023547309, 38.248280158 -0.023701111, 38.250179916 -0.017404718, 38.254078615 -0.01688003, 38.266388893 -0.019250276, 38.269772598 -0.021801429, 38.276139457 -0.022145228, 38.279832159 -0.024542597, 38.282883978 -0.024180745, 38.289826868 -0.029337361, 38.29242473 -0.036393758, 38.294480893 -0.03852878, 38.297803562 -0.039062559, 38.298646627 -0.043169745, 38.302648326 -0.045621425, 38.302861953 -0.049828127, 38.300611236 -0.052306888, 38.311056089 -0.055771875, 38.307863123 -0.057436428, 38.304269605 -0.06230349, 38.300729494 -0.071802438, 38.290071014 -0.08009804199999999, 38.288072073 -0.087624808, 38.280206007 -0.08688283400000001, 38.276875709 -0.089225847, 38.272603162 -0.09717772700000001, 38.262139235 -0.09459018700000001, 38.25960241 -0.09138764100000001, 38.250862761 -0.088212123, 38.244156387 -0.09344089699999999, 38.234817819 -0.09699598, 38.229854797 -0.102830871, 38.221878104 -0.107471534, 38.214527033 -0.117512943, 38.212688312 -0.128287238, 38.209518234 -0.129110379, 38.207992325 -0.131127696, 38.206569414 -0.146850394, 38.204398808 -0.148424396, 38.196414484 -0.149464464, 38.194480394 -0.153996648, 38.189570778 -0.153924101, 38.187251396 -0.155118128, 38.185050271 -0.16838009, 38.185797967 -0.174721664, 38.183566325 -0.191529799, 38.164381825 -0.226303099, 38.164652674 -0.234571503, 38.163382354 -0.237620051, 38.160975232 -0.240098608, 38.155317921 -0.241572811, 38.152754392 -0.243779952, 38.148020257 -0.24162663, 38.144716662 -0.242956231, 38.140390708 -0.247940476, 38.137666959 -0.25942006, 38.12969408 -0.264376874, 38.126337079 -0.270699972, 38.117643208 -0.276190439, 38.115411565 -0.279899243, 38.107782015 -0.278695517, 38.103971055 -0.282910767, 38.089677094 -0.277074864, 38.079453497 -0.277643979, 38.073689372 -0.276313753, 38.069622823 -0.277652264, 38.047630646 -0.278962198, 38.032959022 -0.276156741, 38.028232515 -0.27090059, 38.024932735 -0.26948916, 38.02263624 -0.270954439, 38.011138509 -0.268619637, 38.009219677 -0.269469821, 38.007258883 -0.268004215, 37.998816786 -0.26789497, 37.99427339 -0.278107459, 37.994654868 -0.284530088, 37.993296808 -0.291658163, 37.986239475 -0.300205925, 37.983065584 -0.311096892, 37.980563091 -0.314208422, 37.98694521 -0.321020621, 37.986781176 -0.327280364, 37.981360381 -0.329496058, 37.977675309 -0.339156687, 37.972918285 -0.346953705, 37.973227282 -0.349088582, 37.979678067 -0.356443581, 37.979262257 -0.35833413, 37.973753722 -0.361517656, 37.968874626 -0.366817971, 37.974562455 -0.369957542, 37.975886183 -0.374589182, 37.97518045 -0.381672021, 37.971136789 -0.384294837, 37.970606535 -0.386691921, 37.971060495 -0.400197448, 37.966417914 -0.402964912, 37.965841884 -0.415430014, 37.963072358 -0.41605381, 37.960928455 -0.421426746, 37.957720229 -0.423389262, 37.953363757 -0.428906607, 37.948133701 -0.428028442, 37.947271562 -0.430416436, 37.945867724 -0.430759967, 37.940527039 -0.428543023, 37.936334602 -0.431364722, 37.932573234 -0.428849453, 37.927907764 -0.430721289, 37.925584566 -0.429870658, 37.921384498 -0.424605449, 37.923024851 -0.418174179, 37.915998035 -0.416662592, 37.909776137 -0.417430589, 37.909173402 -0.412301623, 37.901799442 -0.408410983, 37.902833245 -0.401482148, 37.900487158 -0.39926565, 37.890721334 -0.396650136, 37.890698445 -0.390010656, 37.89262872 -0.384701133, 37.896947045 -0.381752816, 37.895711058 -0.377365503, 37.897145413 -0.374480122, 37.896458753 -0.372336217, 37.890713702 -0.370164568, 37.889908784 -0.367740248, 37.893105565 -0.363100234, 37.895512688 -0.355511217, 37.888176874 -0.346392377, 37.88587275 -0.345840309, 37.885044944 -0.348137802, 37.880787656 -0.35075147, 37.87392869 -0.351211964, 37.87351288 -0.359741905, 37.871140091 -0.364436243, 37.872013675 -0.367303804, 37.866501325 -0.372033932, 37.865677335 -0.382807071, 37.867424502 -0.384589268, 37.856819428 -0.392267506, 37.85458397 -0.391018901, 37.852592658 -0.394953438, 37.850559383 -0.396183359, 37.845760397 -0.40697393, 37.842430098 -0.406313153, 37.841300925 -0.408149199, 37.838596249 -0.408293549, 37.833907891 -0.407487826, 37.830493667 -0.410508498, 37.829879489 -0.415248221, 37.828452763 -0.417147531, 37.826179157 -0.416378343, 37.817393731 -0.424092757, 37.816996995 -0.428199297, 37.812674855 -0.432983631, 37.808329827 -0.433100536, 37.801863784 -0.440914689, 37.799822879 -0.441013862, 37.790961157 -0.446322015, 37.788267926 -0.446484393, 37.785059701 -0.450463779, 37.779894495 -0.44885284, 37.769152089 -0.452595766, 37.761202097 -0.452540161, 37.748449304 -0.448784215, 37.738786478 -0.44852931, 37.73434608 -0.451088296, 37.733232166 -0.453032782, 37.727487115 -0.454298106, 37.718301136 -0.4514925, 37.717435182 -0.448407998, 37.71508528 -0.446779478, 37.705384307 -0.445520503, 37.699879586 -0.441322687, 37.694229904 -0.441502588, 37.688519184 -0.434120919, 37.684097859 -0.430990585, 37.675392542 -0.429532847, 37.669800082 -0.42790382, 37.667518846 -0.425895444, 37.660778138 -0.424501387, 37.65632248 -0.417979288, 37.646178992 -0.411718562, 37.639228471 -0.404400156, 37.637759782 -0.401614128, 37.637469858 -0.39455918, 37.633063793 -0.394232845, 37.631617993 -0.39207091, 37.627177594 -0.393218853, 37.61579049 -0.390991986, 37.612269452 -0.386984619, 37.609976772 -0.387997241, 37.601889449 -0.387209041, 37.586584569 -0.376533914, 37.584448295 -0.372336902, 37.579767566 -0.373575257, 37.57043281 -0.366546176, 37.56847583 -0.365876548, 37.565210382 -0.368254739, 37.56253241 -0.368453295, 37.553762241 -0.363504557, 37.500916154 -0.316438905, 37.309170271 -0.152805919, 37.500858925 -0.186075587, 37.525918184 -0.186918796, 37.533925397 -0.184007176, 37.550164896 -0.182425723, 37.564092641 -0.186768187, 37.570253503 -0.183738769, 37.573404507 -0.184299777, 37.577036173 -0.182084158, 37.579576814 -0.183694293, 37.589987335 -0.185594467, 37.591452209 -0.189538019, 37.594366698 -0.192758125, 37.597708441 -0.192722231, 37.602122136 -0.196539417, 37.606013207 -0.197281398, 37.613524499 -0.19625997, 37.617186684 -0.201352433, 37.621619453 -0.202890408, 37.623549729 -0.20776566, 37.627917647 -0.207395206, 37.628898044 -0.209095693, 37.632247417 -0.209285934, 37.63388777 -0.210823685, 37.639629007 -0.209973978, 37.641746208 -0.214207108, 37.64366504 -0.215292649, 37.651191591 -0.216143533, 37.65460963 -0.215058453, 37.658649477 -0.218875729, 37.660598827 -0.216515194, 37.667816382 -0.217863509, 37.667728641 -0.20863773, 37.671604453 -0.20994957, 37.677174025 -0.209099818, 37.684082583 -0.210348602, 37.687473918 -0.20700225, 37.690125186 -0.206351231, 37.694866952 -0.207418923, 37.697377074 -0.205962882, 37.709313505 -0.204516645, 37.72331373 -0.205566992, 37.724046167 -0.203893712, 37.73273241 -0.201452211, 37.737462731 -0.194777282, 37.742238829 -0.193348493, 37.744974023 -0.190589924, 37.747129371 -0.191684555, 37.749414421 -0.190128953, 37.749311422 -0.188509849, 37.753126197 -0.186266918, 37.756979119 -0.175874274, 37.766687721 -0.160154302, 37.770586422 -0.159313325, 37.77417994 -0.161963796, 37.778746226 -0.161774121, 37.785906559 -0.166649954, 37.788359459 -0.170168727, 37.798831017 -0.170938228, 37.798342726 -0.168966326, 37.807067116 -0.160274258, 37.832519294 -0.144527599, 37.858021065 -0.125279995, 37.864509997 -0.111232543, 37.869415797 -0.09505021399999999, 37.88970277 -0.059999063, 37.890576353 -0.043798358, 37.89392954 -0.023617585, 37.895356266 -0.021907967, 37.897023323 -0.007887223, 37.910558144 0.014301831, 37.931699627 0.054103263, 37.947790348 0.062543297, 37.950239434 0.061620677, 37.949655773 0.057839514, 37.951151165 0.055216258, 37.954267836 0.054194137, 37.953871099 0.050729584, 37.960451586 0.050268356, 37.965052205 0.062136591, 37.978075846 0.062543922, 37.977938515 0.064823484))",Tharaka-Nithi,Tharaka-Nithi,296155836,-7.328499999999999,1285.8864999999998,57661952198,0.0,0.0,0.0,0.0,0.0,,,0.0,6.21421379021033e-09,0.0,0.0,0.0,0,0,0,0,,,0.0,0.0,0.0,0.0,,0,0,0,0,,,0.0,0.0,0.0,0.0,,0,0,0,0,,,0.0,0.0,0.0,0.0,,0,0,0,0,,,0.0,6.21421379021033e-09,0.0,0.0,0.0,0,0,0,0,,,,,,,,,,,,,,,,,,,,
60,26258568,2022-07-01,Kenya,Kenya_2022-07,54986000,926976,463488.0,0.5,3.0,0.1,0.4,0.35,0.15,0.0,0.1,0.3,0.4,0.2,0.0,,,,,,Turkana,"POLYGON ((35.654930399 5.428927271, 35.679962969 5.429011631, 35.728921782 5.397838524, 35.7852584 5.387038503, 35.831100534 5.35231326, 35.834018833 5.347974397, 35.832397525 5.326783599, 35.815272919 5.271785002, 35.81479606 5.262578039, 35.816024407 5.25436472, 35.827228372 5.225543716, 35.833507485 5.218014596, 35.837089552 5.210571779, 35.793574068 4.951755617, 35.795111368 4.90529933, 35.795477454 4.793250506, 35.930878973 4.63388323, 35.929860416 4.623354118, 35.921319087 4.58488708, 35.92542378 4.578409785, 35.945886239 4.574034671, 35.946069338 4.564811505, 35.944951604 4.560931331, 35.926789432 4.544475173, 35.928918072 4.53905494, 35.931096308 4.537167297, 35.928025396 4.523061256, 35.924962124 4.517185211, 35.924389894 4.505068365, 35.925843319 4.500693273, 35.928712031 4.500063897, 35.93351101 4.49002016, 35.939206465 4.483422235, 35.93772631 4.46384876, 35.934262478 4.450797873, 35.925786029 4.437320257, 35.91923604 4.422359801, 35.916703009 4.403956389, 35.91888888 4.408229443, 35.919575538 4.405910778, 35.911247864 4.391395176, 35.908062513 4.380622426, 35.902145751 4.339928279, 35.903713605 4.321433796, 35.903129934 4.311720011, 35.909485297 4.258744994, 35.907661817 4.242449982, 35.908378986 4.233346496, 35.911861864 4.22018022, 35.909668359 4.212275882, 35.906830142 4.189734355, 35.91060293 4.164201874, 35.909050307 4.155243338, 35.912567513 4.137063068, 35.917564862 4.12818415, 35.908218638 4.107993241, 35.889575791 4.076312013, 35.863646695 4.01920131, 35.84965407 3.995985608, 35.847887823 3.991489177, 35.846995157 3.982579037, 35.850024085 3.977071316, 35.849768492 3.974008135, 35.836359518 3.940985439, 35.838934466 3.913028456, 35.837824352 3.897595499, 35.84078461 3.888338487, 35.845816292 3.87896275, 35.848753668 3.876507721, 35.842531749 3.857243708, 35.842272333 3.846041368, 35.844984636 3.841444568, 35.845400438 3.832864372, 35.842455416 3.817271215, 35.841738224 3.802074512, 35.838663503 3.79103381, 35.839556151 3.779754468, 35.836733205 3.767964957, 35.835916834 3.758197062, 35.834345141 3.752789474, 35.821386322 3.72981623, 35.81641565 3.710702171, 35.821046779 3.698948891, 35.819826043 3.691419796, 35.821985197 3.679883461, 35.824884425 3.676912777, 35.820112117 3.652614748, 35.817792713 3.630800828, 35.820916994 3.60528434, 35.82394592 3.59752638, 35.835256723 3.585208569, 35.859030405 3.574631292, 35.878748969 3.553144915, 35.895541608 3.54172896, 35.897799952 3.536948596, 35.89444294 3.527451766, 35.886424265 3.512347812, 35.878951109 3.502223044, 35.878821403 3.498699518, 35.881171303 3.49484104, 35.886019883 3.493827367, 35.896003145 3.481646876, 35.906119931 3.479096721, 35.908057838 3.479672213, 35.917026384 3.485456224, 35.923854846 3.498108252, 35.9243584 3.502672148, 35.921936026 3.513342379, 35.923522977 3.518397613, 35.914195859 3.531637307, 35.914134824 3.533832478, 35.909744018 3.536934521, 35.912078668 3.543753901, 35.905097629 3.547018771, 35.905135779 3.549846413, 35.908099861 3.550615245, 35.911807829 3.555569158, 35.917716917 3.553710123, 35.923252154 3.548678723, 35.929252783 3.531136419, 35.933521488 3.495204076, 35.932872969 3.487514064, 35.936542776 3.477344468, 35.936786918 3.472737899, 35.930118671 3.452190836, 35.924999221 3.429607137, 35.92258445 3.408947548, 35.926006287 3.387005849, 35.925849863 3.36543224, 35.927680943 3.348923639, 35.929149626 3.341466304, 35.933647241 3.332364972, 35.937435311 3.328257367, 35.950664958 3.329373537, 35.958656914 3.327049625, 35.96704179 3.322784197, 35.992688518 3.301161937, 35.999005784 3.294811719, 36.022630661 3.248705968, 36.032877147 3.243613536, 36.052919979 3.236435351, 36.056799604 3.231838793, 36.072833104 3.223374215, 36.082808745 3.222255404, 36.097888554 3.217699604, 36.108463115 3.216934814, 36.112552554 3.214850257, 36.116443623 3.210587457, 36.133362153 3.204084418, 36.139000393 3.203838149, 36.142372658 3.207335447, 36.142391735 3.210552392, 36.139397138 3.214763697, 36.143803209 3.218778796, 36.147370025 3.218797865, 36.150643097 3.210087509, 36.148922616 3.189083441, 36.144497458 3.167059746, 36.140488124 3.16216925, 36.137565999 3.155610204, 36.137806324 3.147090093, 36.147121998 3.133047005, 36.148537275 3.125966579, 36.148705107 3.101868343, 36.147232598 3.09553935, 36.150257706 3.082138274, 36.147499617 3.075073825, 36.138626443 3.070306108, 36.138092368 3.062000795, 36.142742569 3.047158363, 36.142582345 3.042676002, 36.13798553 3.029914316, 36.135986574 3.011729072, 36.131309654 3.007587147, 36.123802165 2.996182426, 36.122150363 2.99058484, 36.121086034 2.983028337, 36.122726383 2.976138392, 36.130832781 2.971605485, 36.129936304 2.965486045, 36.13298431 2.964310264, 36.136650311 2.96579262, 36.164204442 2.963912354, 36.169754944 2.965652418, 36.179066812 2.963462486, 36.192819084 2.966018819, 36.202550575 2.959248306, 36.209977944 2.958417722, 36.222444631 2.952855647, 36.224619053 2.952635127, 36.226965143 2.955171443, 36.231546689 2.954785235, 36.243944709 2.948589975, 36.24999113 2.948171343, 36.256247367 2.95287684, 36.254450614 2.962478562, 36.258646863 2.955873979, 36.262755356 2.925358069, 36.267024085 2.917371016, 36.269385424 2.906315542, 36.281562178 2.887891655, 36.292060441 2.884311147, 36.29754609 2.884812256, 36.326668083 2.86894899, 36.34422368 2.861633495, 36.358002651 2.858737426, 36.378293432 2.836615028, 36.383588335 2.827616452, 36.389382967 2.807150215, 36.394914387 2.799399177, 36.400079587 2.787950585, 36.403890546 2.783611977, 36.413381697 2.765195485, 36.416689106 2.76142498, 36.418649898 2.756548786, 36.419859167 2.734797112, 36.427843482 2.715961043, 36.433809788 2.710352011, 36.445063375 2.705097711, 36.444800151 2.697966036, 36.436983667 2.68666097, 36.433485511 2.678438149, 36.433832636 2.648640308, 36.437368923 2.631222234, 36.443239857 2.621075536, 36.45236098 2.609697034, 36.45625968 2.606794536, 36.468138894 2.60676449, 36.47125175 2.604683035, 36.473849608 2.597195431, 36.488952296 2.578425634, 36.492995955 2.571537361, 36.512687822 2.558036396, 36.51555653 2.552618801, 36.517280802 2.54185704, 36.522171336 2.526084868, 36.528629746 2.516606638, 36.529182877 2.496605052, 36.526657491 2.491240146, 36.525539754 2.4788189, 36.526527777 2.47135466, 36.523250866 2.44105977, 36.531959988 2.421398612, 36.537941547 2.40323245, 36.551606071 2.395330028, 36.556801796 2.394182377, 36.575639165 2.40039883, 36.578797801 2.403098207, 36.586331985 2.403970262, 36.593015476 2.407923372, 36.602437968 2.400229551, 36.602395987 2.368655419, 36.604337702 2.357431884, 36.612547097 2.352293689, 36.7242399 2.298910381, 36.722458392 2.285410864, 36.723347231 2.278650377, 36.722294348 2.269671838, 36.718479569 2.265832919, 36.707790563 2.259840319, 36.712604806 2.251440844, 36.713573756 2.245656835, 36.710624927 2.234071893, 36.71192576 2.222177509, 36.700904867 2.213924897, 36.700763716 2.207361566, 36.70251851 2.200756276, 36.701377889 2.195646934, 36.687141142 2.192198518, 36.679973176 2.189186365, 36.664702621 2.178441306, 36.655562412 2.169360261, 36.643164386 2.163510461, 36.618120377 2.156872287, 36.613264165 2.154098531, 36.605894018 2.154818973, 36.597371803 2.146019476, 36.588529149 2.142064222, 36.584466408 2.132982459, 36.580876695 2.117275858, 36.577294617 2.111648003, 36.564377779 2.100636176, 36.565098769 2.094852168, 36.567635592 2.088519844, 36.567383808 2.072212957, 36.570462324 2.056254844, 36.568696081 2.052301971, 36.561577705 2.04669605, 36.557083898 2.045306193, 36.553311078 2.032944077, 36.549828186 2.02948588, 36.547661392 2.028940189, 36.54742869 2.025703939, 36.549885404 2.022616448, 36.546001961 2.020811778, 36.548443415 2.016530868, 36.54941618 2.009825453, 36.547535493 2.005366461, 36.542656394 2.004753543, 36.541523404 2.001958806, 36.544334888 1.990230587, 36.544247146 1.984346095, 36.538936969 1.967164292, 36.531845296 1.960121548, 36.531124301 1.956062111, 36.531395149 1.953188107, 36.53798327 1.9582506, 36.539818178 1.958199105, 36.540344615 1.954584279, 36.539203992 1.944404813, 36.540539162 1.940592356, 36.541225813 1.922280664, 36.538742389 1.91285859, 36.539387084 1.909081177, 36.537109662 1.907044188, 36.538837754 1.903349737, 36.538818676 1.893958415, 36.526794497 1.886972174, 36.524639146 1.881310824, 36.522136653 1.88081913, 36.518360022 1.877351993, 36.515334905 1.876958996, 36.511768084 1.865709723, 36.511531565 1.860982176, 36.515258596 1.84756491, 36.520336064 1.849867949, 36.522979703 1.848000698, 36.524345392 1.844929419, 36.520900643 1.831782261, 36.524044018 1.830394665, 36.523147544 1.826443462, 36.521503373 1.822581538, 36.519077175 1.821466434, 36.515594285 1.822727082, 36.517555075 1.812362382, 36.521720807 1.804549609, 36.527366677 1.805379827, 36.532543327 1.803190499, 36.533458872 1.799820269, 36.528141071 1.792835099, 36.528118181 1.790186619, 36.522788934 1.780146382, 36.517848797 1.77553899, 36.51819594 1.772149927, 36.520423768 1.768944192, 36.518730005 1.764910622, 36.512469956 1.761928389, 36.515533221 1.761227498, 36.521312605 1.756462878, 36.524135541 1.759331875, 36.527065289 1.759136983, 36.528209721 1.755893582, 36.523620542 1.749280073, 36.516582278 1.74575465, 36.520461904 1.742894472, 36.520793788 1.7381767, 36.510966921 1.732360872, 36.507396286 1.721175253, 36.505103603 1.716255202, 36.503081771 1.715032341, 36.502913918 1.706553965, 36.501746595 1.703922174, 36.487971436 1.701147349, 36.486514182 1.678621388, 36.480490647 1.670460918, 36.479063917 1.661935816, 36.471384769 1.65366473, 36.470507368 1.647463291, 36.471697576 1.641165061, 36.468817417 1.634961, 36.468500788 1.627458744, 36.465483296 1.6186515, 36.466383582 1.615742332, 36.465452775 1.612821722, 36.463068539 1.610495916, 36.45905158 1.610644439, 36.456003573 1.609330034, 36.4495299 1.615910886, 36.445310757 1.615363169, 36.441804976 1.612249577, 36.439416924 1.606697177, 36.438699744 1.600902683, 36.434675153 1.596333435, 36.433057686 1.591667635, 36.432775389 1.583234674, 36.427816177 1.577417057, 36.424886426 1.569369468, 36.421174648 1.567277052, 36.420308692 1.564193975, 36.413781608 1.558961863, 36.410439862 1.554583333, 36.405980383 1.540939597, 36.396805838 1.521026838, 36.391804666 1.51981876, 36.387699967 1.520889167, 36.386780608 1.526048689, 36.385182218 1.52911055, 36.38156581 1.531004025, 36.374928105 1.545700292, 36.371666475 1.557291546, 36.371307889 1.564313431, 36.37738102 1.581058959, 36.374451275 1.589604922, 36.370667018 1.592998276, 36.366253321 1.591401967, 36.364178081 1.588335458, 36.361698476 1.587157417, 36.361400919 1.57585093, 36.362427092 1.572652943, 36.360824885 1.569198561, 36.347831756 1.568874703, 36.344062757 1.570071819, 36.340915569 1.576647067, 36.339641432 1.572000219, 36.337379269 1.56943971, 36.327235776 1.564537423, 36.308737918 1.545815463, 36.303511673 1.542925966, 36.297133362 1.531702682, 36.298441829 1.528631642, 36.296027072 1.518868424, 36.297633092 1.515463508, 36.296366585 1.512307958, 36.296896833 1.496936313, 36.299483248 1.488372352, 36.298808032 1.484720458, 36.295386176 1.48091158, 36.289534303 1.466074545, 36.291754501 1.461486342, 36.316886252 1.468909322, 36.325309277 1.465566626, 36.34061034 1.448910848, 36.348957066 1.436105434, 36.358684746 1.4348244, 36.38210366 1.438683573, 36.388157711 1.440959077, 36.396210704 1.440028489, 36.414441513 1.419777078, 36.424558298 1.413895685, 36.428586702 1.41345727, 36.430497904 1.409437528, 36.434205865 1.406675928, 36.446146116 1.409328336, 36.449522193 1.407831675, 36.455953902 1.397390451, 36.461500587 1.397812294, 36.464701185 1.399704813, 36.468782995 1.39598545, 36.467691965 1.384415059, 36.465147506 1.374994301, 36.460420995 1.365896691, 36.445428922 1.361867657, 36.440549822 1.357090289, 36.436185715 1.349050688, 36.424287426 1.345070166, 36.423692318 1.335769441, 36.422277034 1.33191765, 36.41379297 1.327073294, 36.406750889 1.315190009, 36.393853129 1.311922774, 36.396130549 1.307451387, 36.404664202 1.30255279, 36.404751941 1.298286903, 36.407803761 1.296265528, 36.416825707 1.295533764, 36.420293338 1.29299757, 36.424028004 1.292721266, 36.429910391 1.298285703, 36.434480494 1.300342119, 36.438768302 1.298927466, 36.438001529 1.289626383, 36.439378662 1.286157101, 36.442377076 1.283954783, 36.448576084 1.273675434, 36.45152872 1.271120645, 36.455248123 1.256265254, 36.454534758 1.252088885, 36.451219717 1.250133311, 36.445863772 1.252541367, 36.43256165 1.264422393, 36.425790422 1.264768191, 36.419618116 1.270953061, 36.412534077 1.275266034, 36.409177074 1.274575755, 36.40573233 1.271463236, 36.397873891 1.273389373, 36.397229193 1.270424302, 36.39477629 1.266770502, 36.392235649 1.265701409, 36.390644886 1.261903854, 36.394047666 1.259656837, 36.398591062 1.252376887, 36.407456602 1.249620174, 36.411633784 1.254775997, 36.414655087 1.255285095, 36.418691116 1.242852777, 36.423722804 1.234840947, 36.423890653 1.231623533, 36.418717815 1.225445461, 36.412957503 1.228015746, 36.406506715 1.22560531, 36.400841771 1.222074881, 36.396382295 1.215120467, 36.399067894 1.200282719, 36.39774798 1.195337757, 36.398678783 1.190006233, 36.392357698 1.18547227, 36.391819811 1.174499782, 36.395031852 1.170978053, 36.401608526 1.171436012, 36.415063245 1.178462182, 36.418218066 1.181682694, 36.422841575 1.182184043, 36.443529105 1.172116745, 36.44451713 1.166730866, 36.442071856 1.157880118, 36.437570417 1.148855936, 36.436284835 1.139473084, 36.436551868 1.135044611, 36.440275088 1.130158293, 36.446413058 1.109963156, 36.441579734 1.100568266, 36.43960749 1.084541752, 36.440591701 1.08088211, 36.445054988 1.074468738, 36.445085505 1.070256968, 36.44302171 1.065229879, 36.443498555 1.058044934, 36.445375424 1.053436947, 36.443593922 1.046918919, 36.44503972 1.038270451, 36.455160315 1.01383005, 36.456117822 1.006075812, 36.455400642 0.9968290869999999, 36.446378693 0.983526744, 36.447164535 0.977155331, 36.444601003 0.969262942, 36.434343066 0.951974117, 36.418366778 0.93408471, 36.399117412 0.918597456, 36.393288433 0.916062517, 36.393887354 0.918476113, 36.38682239 0.925655993, 36.388523781 0.92943507, 36.387951566 0.939014778, 36.390591392 0.939839215, 36.388352119 0.943190549, 36.388973928 0.94686944, 36.38434279 0.949080221, 36.384266496 0.952604869, 36.381962371 0.9536243760000001, 36.378628256 0.9531066969999999, 36.375042367 0.954983781, 36.369884789 0.953786847, 36.365219318 0.957127156, 36.36401385 0.962042735, 36.358703681 0.963638211, 36.355705267 0.963084593, 36.353877989 0.96493587, 36.351348792 0.964572374, 36.347606498 0.972531515, 36.346648993 0.985364098, 36.342410777 0.987529703, 36.341796599 0.99220158, 36.316893737 0.989325498, 36.172947005 1.168935407, 36.096575175 1.166796645, 35.783424122 1.652561467, 35.791454232 1.661571468, 35.780845337 1.661346306, 35.774982025 1.66304382, 35.768981382 1.666529674, 35.762526782 1.672507619, 35.753775685 1.675708709, 35.74645513 1.681359931, 35.733671818 1.69631427, 35.717466649 1.707125377, 35.701471289 1.706853968, 35.693521295 1.710037535, 35.680238244 1.718134125, 35.672444655 1.720622285, 35.662850495 1.72978177, 35.659482049 1.735402595, 35.653561516 1.739519608, 35.643734651 1.740667021, 35.630409636 1.744427275, 35.62650712 1.746768462, 35.62151739 1.743887427, 35.613147769 1.743790998, 35.608673036 1.746139934, 35.600562824 1.754975913, 35.589381709 1.749464399, 35.581939079 1.749577164, 35.567976996 1.752892926, 35.534658736 1.764038037, 35.524522873 1.76427179, 35.508817434 1.761397554, 35.502061467 1.771643179, 35.49638508 1.774079607, 35.485421415 1.785870051, 35.479634399 1.788188711, 35.473511687 1.801252317, 35.470627716 1.803052698, 35.465786763 1.801598474, 35.460663518 1.805525484, 35.465588399 1.813201534, 35.462254286 1.817718935, 35.465180224 1.82567117, 35.460549091 1.84122949, 35.452992018 1.844058799, 35.447647515 1.843135963, 35.440624513 1.850463004, 35.437832096 1.8512881, 35.378882369 1.912737074, 35.365011844 1.924634802, 35.36571758 1.930812166, 35.370127467 1.939209609, 35.375655083 1.946101688, 35.370779804 1.961214684, 35.372546053 1.97699233, 35.37225995 1.987176448, 35.368899141 2.007150257, 35.362963359 2.031126649, 35.359118067 2.039117509, 35.356745282 2.052267298, 35.337179322 2.119747737, 35.321580718 2.161394905, 35.314981165 2.183968092, 35.310945142 2.206348413, 35.305291653 2.228625272, 35.294377594 2.265053674, 35.281792658 2.29183459, 35.26730796 2.313915017, 35.25738573 2.325805597, 35.241539149 2.335567049, 35.235076917 2.337526683, 35.228214137 2.345190467, 35.232601146 2.372547107, 35.21915026 2.405893509, 35.222377573 2.426584545, 35.227390196 2.435228853, 35.218181335 2.456038142, 35.215774225 2.48121774, 35.217357375 2.510389788, 35.220226096 2.52360538, 35.204650375 2.550740805, 35.199149478 2.57024129, 35.187094799 2.600111856, 35.180602055 2.611682747, 35.176512625 2.631430213, 35.161329823 2.651901225, 35.1400243 2.667549687, 35.136072191 2.668196225, 35.130960387 2.665282527, 35.128404481 2.657619938, 35.12695867 2.642216326, 35.12079016 2.618619929, 35.117864219 2.608203367, 35.109181774 2.590150919, 35.099011552 2.549059449, 35.09852707 2.54032979, 35.103688449 2.515171405, 35.103631224 2.509376188, 35.100091106 2.503146612, 35.090920379 2.499896775, 35.07801117 2.498919351, 35.074970793 2.499921101, 35.064579338 2.49891483, 35.057483852 2.500165947, 35.050582921 2.504062328, 35.033919988 2.530889267, 35.027621795 2.538117261, 35.019126287 2.541773338, 35.014720219 2.542301154, 35.008799682 2.540179892, 35.004618679 2.529408833, 35.003516203 2.519351298, 35.005835565 2.480685761, 35.005362512 2.446416047, 35.007456813 2.424851993, 35.005141237 2.415820048, 35.002322115 2.412291998, 34.965658301 2.439392388, 34.953222129 2.445987676, 34.949979576 2.46036284, 34.944905923 2.462820011, 34.930333496 2.50483767, 34.910107544 2.505306611, 34.895474096 2.572001093, 34.890118154 2.581720585, 34.880073843 2.579847021, 34.876548986 2.576776456, 34.875229065 2.563669571, 34.87106714 2.559216536, 34.863624509 2.560320324, 34.855941549 2.565736493, 34.839549459 2.584171348, 34.825533982 2.612024593, 34.796209805 2.645129759, 34.788439115 2.666703359, 34.784433603 2.673817399, 34.772798538 2.686228172, 34.772607806 2.697216893, 34.779504939 2.719815598, 34.780050463 2.736030959, 34.778391047 2.756118384, 34.771181135 2.783791403, 34.763826253 2.798985711, 34.761384802 2.809767506, 34.755006496 2.814823696, 34.742482583 2.819405955, 34.73654298 2.829398655, 34.733968011 2.8378246, 34.73001209 2.844242519, 34.704571341 2.852790301, 34.703587132 2.858551431, 34.70075657 2.86270862, 34.695938505 2.86217628, 34.687778688 2.852988421, 34.682441813 2.851768542, 34.653968309 2.852228908, 34.648539881 2.854120601, 34.642565946 2.865554418, 34.631972327 2.894272104, 34.626292125 2.898228087, 34.597631704 2.909310522, 34.592374942 2.912519126, 34.584573745 2.948839807, 34.583646764 2.963457907, 34.584890395 2.982414376, 34.583959594 2.988905244, 34.571511987 3.008942381, 34.570234042 3.018056345, 34.570127242 3.037097209, 34.57183628 3.060791128, 34.568628071 3.088324932, 34.552522087 3.101579407, 34.545701273 3.114574976, 34.54083744 3.127154777, 34.523007171 3.134266686, 34.508926828 3.138201459, 34.503956171 3.137720137, 34.485061566 3.126310173, 34.47659659 3.149776671, 34.47118724 3.157049252, 34.461020859 3.162027968, 34.456775012 3.162559361, 34.451110071 3.169018766, 34.450583636 3.175960684, 34.452159145 3.182848962, 34.45132753 3.191701405, 34.447840835 3.209154782, 34.446253904 3.231567557, 34.443610273 3.244569324, 34.442965592 3.266273818, 34.439250008 3.279802446, 34.429159941 3.307848104, 34.426737566 3.320615765, 34.422487912 3.331426654, 34.405016242 3.350832766, 34.398355643 3.356238929, 34.394151776 3.380152428, 34.394315833 3.406809889, 34.39505971 3.401790412, 34.402513791 3.406596754, 34.406435387 3.410899126, 34.409853436 3.420077935, 34.41069651 3.430858545, 34.409376603 3.438174752, 34.40461195 3.445636624, 34.384447051 3.469471467, 34.381738563 3.475148211, 34.383615437 3.479287758, 34.388750127 3.476968376, 34.397436377 3.475919893, 34.415484094 3.476486313, 34.435103512 3.492273988, 34.441870937 3.502290289, 34.447116292 3.544612906, 34.44810052 3.562898297, 34.444903766 3.598775824, 34.453647281 3.649918945, 34.45298733 3.656589332, 34.447490239 3.661746848, 34.396520999 3.678907285, 34.387430396 3.695164157, 34.371553303 3.71201584, 34.362371137 3.719136331, 34.352876155 3.720104953, 34.340588752 3.718912494, 34.322891991 3.715040204, 34.313980665 3.710565474, 34.307106424 3.698590727, 34.300682316 3.674905851, 34.296539461 3.668346799, 34.294380301 3.672933825, 34.29733295 3.685707924, 34.297680102 3.694275486, 34.29324352 3.699995383, 34.275283555 3.714190117, 34.2544854 3.73415648, 34.244402957 3.75433334, 34.236060046 3.765548325, 34.22302876 3.762681595, 34.22087722 3.756872781, 34.217581251 3.756025277, 34.215425906 3.762152834, 34.210535363 3.766020615, 34.160943227 3.749436948, 34.156018356 3.759560065, 34.16091272 3.762237752, 34.171338511 3.764107979, 34.179116848 3.768081835, 34.178941375 3.774851159, 34.176282477 3.778902028, 34.162850645 3.782901651, 34.156621111 3.7824158, 34.151940376 3.78015388, 34.147053646 3.782289934, 34.143181646 3.781600966, 34.143135875 3.789749902, 34.152375273 3.794453734, 34.160454985 3.806299507, 34.169843163 3.815088058, 34.199770103 3.816536779, 34.213556712 3.815766739, 34.21372839 3.830922683, 34.204824728 3.865374368, 34.168916216 3.8644754, 34.16389215 3.862084745, 34.158013571 3.856389649, 34.147801404 3.851589505, 34.140545695 3.851015925, 34.116592702 3.854231465, 34.106597981 3.853227101, 34.097854506 3.850832873, 34.076346776 3.841261909, 34.079600806 3.868619323, 34.102996854 3.879968977, 34.107715739 3.884422256, 34.120804289 3.932643584, 34.121628291 3.943798964, 34.091674664 3.960017957, 34.067290623 3.987778056, 34.050677265 3.991102777, 34.048808025 3.9926507, 34.047495752 4.004982104, 34.049136112 4.010102426, 34.077762221 4.019821907, 34.081840232 4.034106266, 34.081184098 4.042511722, 34.082305651 4.050739332, 34.075149136 4.061313744, 34.070060226 4.066420246, 34.065959341 4.069207129, 34.057666014 4.070643249, 34.047759042 4.079306662, 34.038908773 4.099108054, 34.038767631 4.103226151, 34.041346426 4.108289257, 34.054824053 4.12300225, 34.0447378 4.145571452, 34.040419476 4.151438445, 34.040198223 4.156051934, 34.038023804 4.161239012, 34.030436213 4.16573331, 34.027037249 4.16980373, 34.019297069 4.175432328, 34.011446257 4.179059332, 34.009241318 4.181794243, 33.974412412 4.207868407, 34.12110604 4.333418507, 34.315431055 4.518838104, 34.43827469 4.646439445, 34.597454113 4.794177826, 35.046824014 5.196791412, 35.116096646 5.260107209, 35.246466931 5.45577296, 35.538961213 5.467319666, 35.553266613 5.455112191, 35.566854839 5.446051106, 35.598841732 5.433851713, 35.632015032 5.429377875, 35.654930399 5.428927271))",Turkana,Turkana,1545299454,492.1123999999996,6291.520600000004,299582391225,0.0,9.0,0.0,0.0,9.0,63.63636363636363,58.77427526034338,2.4166666666666665,3.8097890694398275,6.583333333333334,2.724137931034483,1.7280046777763773,0,0,1,0,,,0.0,0.0,0.0,0.0,,0,0,0,0,,,0.0,0.0,0.0,0.0,,0,0,0,0,,,0.0,0.0,0.0,0.0,,0,0,0,0,63.63636363636363,58.77427526034338,2.4166666666666665,3.8097890694398275,6.583333333333334,2.724137931034483,1.7280046777763773,0,0,1,0,-9.42,33.584050384098504,39.16310598436558,68.60249999999985,82.4614390151937,-78.02249999999985,-1.1373127801464964,-0.9461695179200551,0.0,0.0,0.0,0.0,-0.48849141916651573,0.0,0.0,0.0,0.0,-1.0826917416696358,-1.1391589214083992,-0.48849141916651573
61,26258568,2022-07-01,Kenya,Kenya_2022-07,54986000,781263,351568.0,0.45,3.0,0.1,0.45,0.35,0.1,0.0,0.15,0.25,0.45,0.15,0.0,,,,,,Wajir,"POLYGON ((39.787829096 3.434468955, 39.788191412 3.337927544, 39.790644305 3.331159185, 40.01661231 3.240973756, 40.035201691 3.231855019, 40.039886228 3.22619664, 40.045581681 3.223703231, 40.270565328 2.971383683, 40.293659954 2.961208368, 40.31071198 2.951338446, 40.361581956 2.929533826, 40.400065366 2.909506948, 40.493531075 2.868534399, 40.495457528 2.859804509, 40.494374127 2.851982678, 40.498318598 2.847744916, 40.495953436 2.843307382, 40.49979109 2.833760978, 40.497261892 2.828907678, 40.495533792 2.819051839, 40.496170855 2.813932008, 40.499768185 2.812281339, 40.500496803 2.808084107, 40.496945248 2.805176372, 40.494915786 2.801145306, 40.496029695 2.795165812, 40.501587815 2.790682023, 40.504101742 2.780775402, 40.509842974 2.779990354, 40.515435426 2.774430199, 40.519341753 2.773647297, 40.521588652 2.771808534, 40.519082344 2.767651356, 40.5212415 2.760811484, 40.518971706 2.755559821, 40.519929208 2.746813007, 40.519212027 2.741568496, 40.520310679 2.739269864, 40.519295947 2.735988319, 40.513966709 2.73424063, 40.512200468 2.731755573, 40.510800441 2.72495647, 40.501431354 2.716674778, 40.501042245 2.714025464, 40.511902891 2.699107241, 40.519204363 2.695742728, 40.522729209 2.690691792, 40.528386495 2.660369504, 40.532186006 2.657687765, 40.534104833 2.652340265, 40.536527211 2.649470431, 40.5379463 2.640723141, 40.541532182 2.634984905, 40.545453757 2.619225621, 40.550851651 2.60669305, 40.550790607 2.595415408, 40.556459352 2.586509343, 40.561227817 2.584694656, 40.562730836 2.582857085, 40.559835419 2.576050595, 40.561475766 2.569202381, 40.56610308 2.561853054, 40.57959592 2.547637867, 40.580469501 2.545393829, 40.579355574 2.526331073, 40.59614056 2.50833156, 40.596960734 2.505111045, 40.593359587 2.501814485, 40.593268029 2.497319973, 40.603754832 2.487983121, 40.603682346 2.479518335, 40.615962082 2.456080499, 40.63145005 2.444811431, 40.633254434 2.439862294, 40.63532204 2.438783782, 40.63951066 2.439321127, 40.642985913 2.432362536, 40.647353826 2.430539268, 40.652686878 2.431030125, 40.655906546 2.430004298, 40.664032006 2.423130334, 40.668968313 2.410373196, 40.666034748 2.402952118, 40.669738886 2.393506324, 40.668277824 2.387684178, 40.670364502 2.383259516, 40.674396714 2.380053304, 40.677074679 2.371892951, 40.686176721 2.364276379, 40.692207875 2.363319447, 40.705178092 2.350480296, 40.707035884 2.346345288, 40.71776683 2.333897587, 40.718316153 2.327395053, 40.720456238 2.323720868, 40.725403995 2.320694407, 40.730481454 2.315018156, 40.742555204 2.310056617, 40.756887305 2.312715695, 40.773077197 2.310660698, 40.779573752 2.307351973, 40.787191846 2.298742715, 40.797495541 2.291368832, 40.80767335 2.286744151, 40.824126464 2.289933185, 40.829123815 2.288742386, 40.832347296 2.286459489, 40.844813962 2.27125186, 40.848666881 2.269944961, 40.855583058 2.263009494, 40.866409369 2.243825633, 40.86812601 2.23300858, 40.871658485 2.226231412, 40.878166483 2.221258911, 40.890400448 2.206684944, 40.89840765 2.199983583, 40.934434344 2.177639273, 40.948968622 2.17344299, 40.959421096 2.171928444, 40.982347878 2.17647348, 40.993887563 2.1752555, 40.991106491 1.995301358, 40.99332282 1.893642226, 40.994738003 1.695906551, 40.994493493 0.460472092, 40.978620226 0.449879453, 40.959611217 0.443772257, 40.949524959 0.436658875, 40.922779592 0.423843989, 40.891925713 0.393161893, 40.885795374 0.388750593, 40.866374369 0.378961949, 40.848624234 0.371532811, 40.821142615 0.36355384, 40.811063987 0.359432402, 40.794580357 0.356370162, 40.769048087 0.349412068, 40.753125227 0.341918413, 40.746018306 0.336186393, 40.739762079 0.32654752, 40.736378376 0.3240251, 40.715420017 0.315907858, 40.705810604 0.292306454, 40.700408886 0.282431986, 40.685554162 0.267684413, 40.684623358 0.261191369, 40.680774252 0.254074739, 40.669593154 0.243115519, 40.660998472 0.238133631, 40.650912214 0.229941398, 40.644324102 0.226849268, 40.631170767 0.229066482, 40.622301422 0.227882781, 40.614294215 0.228760947, 40.603921849 0.221825558, 40.598546835 0.222820971, 40.595342426 0.22196216, 40.586621856 0.212096275, 40.577130703 0.214530072, 40.570889735 0.21276717, 40.56368363 0.213817012, 40.560944624 0.216358653, 40.546490452 0.223920953, 40.535450501 0.22544154, 40.526859634 0.220920414, 40.523876481 0.216959401, 40.520939106 0.209317417, 40.513832185 0.204280519, 40.510952031 0.196005382, 40.507736178 0.190723873, 40.504928506 0.188951465, 40.501270139 0.189530621, 40.501495211 0.192406659, 40.498431948 0.194270046, 40.490829107 0.192425702, 40.480998438 0.185616216, 40.473037008 0.183093528, 40.464419437 0.18190944, 40.450163633 0.182236223, 40.435511092 0.185511517, 40.422529422 0.186561762, 40.408922128 0.179951278, 40.403776 0.180358699, 40.392259202 0.18546983, 40.378861721 0.193792021, 40.368134581 0.195656123, 40.358548058 0.194779582, 40.338879091 0.196617297, 40.321052659 0.201294963, 40.309276457 0.207790213, 40.294913839 0.219133865, 40.271178324 0.231328729, 40.252833083 0.238611733, 40.237432847 0.246979981, 40.220956845 0.261264024, 40.174202995 0.313542052, 40.151241879 0.329926048, 40.122280126 0.34431189, 40.085871937 0.371733678, 40.057963061 0.389846772, 40.049314972 0.392525433, 40.022775597 0.39434697, 40.008329052 0.396646431, 39.97161568 0.410120406, 39.958695044 0.416644207, 39.939827179 0.428723051, 39.907157467 0.459637898, 39.899981879 0.461701346, 39.8859397 0.461277955, 39.876612579 0.456475563, 39.871046826 0.458846364, 39.864081051 0.465062036, 39.850920085 0.473784307, 39.832170476 0.478201244, 39.826597093 0.477514422, 39.820188274 0.480437173, 39.809873128 0.482862866, 39.800198863 0.480548149, 39.796712162 0.486220663, 39.780796929 0.492012317, 39.77246928 0.498888648, 39.764542183 0.508415539, 39.733535709 0.5235450659999999, 39.73093022 0.530176563, 39.724509958 0.540589934, 39.719470643 0.543295505, 39.715442243 0.547719801, 39.712306501 0.5537814089999999, 39.701941763 0.564457674, 39.698870872 0.570817875, 39.692271315 0.575522944, 39.677527219 0.5928762990000001, 39.675120098 0.598232252, 39.674654697 0.6030270760000001, 39.664263256 0.612608801, 39.658533468 0.623067528, 39.647718591 0.652606561, 39.638185475 0.662161168, 39.635198508 0.66707394, 39.628625654 0.6702864039999999, 39.606278717 0.693865271, 39.596337421 0.710874562, 39.584206444 0.72204902, 39.57800744 0.737239518, 39.56853536 0.7469208939999999, 39.563209938 0.757479333, 39.559246392 0.772850476, 39.552368358 0.785806597, 39.546489799 0.815870228, 39.513636991 0.904154786, 39.506335517 0.9162606639999999, 39.49510483 0.939757288, 39.492674824 0.957109756, 39.487383736 0.966691245, 39.481859946 0.973504464, 39.463217152 0.988235638, 39.465788311 0.996124265, 39.398743711 1.150648403, 39.273710804 1.473865324, 39.4475348 1.534117121, 39.438814229 1.536389768, 39.425580784 1.547800789, 39.421891901 1.553383464, 39.419423742 1.553890656, 39.415971374 1.557392597, 39.411035057 1.558234858, 39.406743436 1.556896734, 39.399964585 1.559919737, 39.394700203 1.572242864, 39.38959985 1.571185334, 39.387303357 1.572787128, 39.385891895 1.581481605, 39.378880343 1.585608388, 39.373181074 1.592331439, 39.366135192 1.605333404, 39.360207037 1.610844085, 39.357544327 1.617231828, 39.353233635 1.620552827, 39.350921884 1.624868776, 39.347881509 1.625149729, 39.344753398 1.633202203, 39.339366938 1.632841271, 39.33625027 1.638478182, 39.332858938 1.640767635, 39.325454463 1.642297792, 39.321071291 1.649889087, 39.318252174 1.651545117, 39.313788888 1.64979981, 39.312640642 1.650487588, 39.307433481 1.661824465, 39.301532026 1.661047292, 39.299578862 1.661961309, 39.285849495 1.669752981, 39.284464733 1.67164407, 39.284396069 1.674819645, 39.274107627 1.680774105, 39.264708024 1.680847774, 39.253031007 1.690484642, 39.241197581 1.696149688, 39.234948982 1.696060054, 39.231962015 1.697896908, 39.229020826 1.702031915, 39.220532955 1.702810883, 39.21616504 1.705154691, 39.212270156 1.704621278, 39.207200325 1.711054438, 39.196580003 1.729231422, 39.196621967 1.733212185, 39.192654604 1.736134822, 39.189011499 1.744422476, 39.184403254 1.749588911, 39.178394991 1.760862258, 39.177731224 1.769511561, 39.167984491 1.798816349, 39.163559355 1.802372289, 39.159904807 1.813138922, 39.151733565 1.820829751, 39.147449579 1.831361086, 39.141574831 1.838255547, 39.143333444 1.843104673, 39.142276755 1.849790653, 39.140598256 1.853816831, 39.136802558 1.856341345, 39.12847873 1.874173966, 39.123477563 1.877096604, 39.12002138 1.881928091, 39.109340016 1.885855339, 39.103011309 1.891483075, 39.099146946 1.897979174, 39.095595391 1.896984223, 39.092207872 1.897952477, 39.086504789 1.90462058, 39.080820777 1.907136035, 39.073389602 1.916038879, 39.065336618 1.92263463, 39.060125643 1.936278009, 39.05087482 1.941715744, 39.045495994 1.953052031, 39.040372755 1.958281524, 39.035009188 1.966442235, 39.031537748 1.975308603, 39.025731664 1.979090427, 39.023080398 1.982537539, 39.01607266 1.985622646, 39.007367352 1.998560372, 39.001027198 1.998895085, 38.997658755 2.002722084, 38.991993827 2.023404037, 38.994656543 2.032360874, 38.994713768 2.038123898, 38.989178535 2.046130725, 38.987171967 2.051242449, 38.988076075 2.063754749, 38.982880358 2.072403819, 38.957493053 2.102024029, 38.950847725 2.117512491, 38.943607297 2.140718364, 38.93785081 2.153501966, 38.940227429 2.178888458, 38.940784403 2.208337248, 38.938217069 2.22369936, 38.937061203 2.241259974, 38.934192496 2.246706171, 38.93192271 2.255328065, 38.928230023 2.279257715, 38.93058756 2.290295528, 38.937816567 2.307205074, 38.938110308 2.311927733, 38.933048113 2.330030945, 38.932796343 2.337404349, 38.933734783 2.346867785, 38.938331592 2.357344647, 38.938976292 2.361732596, 38.935096682 2.387281685, 38.93550487 2.397767372, 38.919051773 2.434932401, 38.904311514 2.478276463, 38.904178002 2.486002697, 38.897994263 2.500975274, 38.895056906 2.529980181, 38.892569678 2.537443941, 38.889292789 2.539958801, 38.895568093 2.541397766, 38.900935482 2.544284283, 38.912860466 2.545569716, 38.918677999 2.549324716, 38.945495864 2.553424663, 38.956066606 2.558156614, 38.975930137 2.563332217, 38.984242534 2.569819015, 38.991818683 2.581028713, 39.015554242 2.63337561, 39.031961613 2.674005978, 39.036672869 2.688834081, 39.048040906 2.703888181, 39.049948305 2.720733847, 39.051844251 2.725682747, 39.061423155 2.733770386, 39.064356719 2.738510925, 39.065970394 2.773188513, 39.070094188 2.806020186, 39.066947057 2.882713023, 39.111972835 2.885188273, 39.119075969 2.918318184, 39.12685812 2.934556888, 39.13935151 2.940797897, 39.147240471 2.952304642, 39.150174034 2.954511728, 39.162984046 2.956952674, 39.188462921 2.95786238, 39.196351875 2.959380969, 39.202341077 2.968761683, 39.207468136 2.973039968, 39.233561198 2.984578644, 39.244189159 2.986973819, 39.263434707 3.005352852, 39.283866654 3.028300064, 39.330590024 3.055825688, 39.343033822 3.064153871, 39.344792435 3.066867553, 39.345967443 3.136971801, 39.34482303 3.160475932, 39.346688458 3.164935402, 39.341202895 3.261106099, 39.339844841 3.266453129, 39.331311205 3.281175403, 39.327629957 3.291327346, 39.322254967 3.321790085, 39.31818464 3.362610979, 39.310024877 3.405875935, 39.308674452 3.41058096, 39.302368638 3.418535116, 39.297005077 3.430750159, 39.298206739 3.439443819, 39.302044409 3.448281469, 39.307716986 3.457471231, 39.316986896 3.468595829, 39.322014778 3.479631508, 39.325028468 3.499967812, 39.327252483 3.501477824, 39.331853098 3.499902008, 39.335274945 3.494463669, 39.335599181 3.472479554, 39.337331079 3.462997747, 39.383081662 3.465377871, 39.404951757 3.462319919, 39.415350827 3.459990284, 39.420245179 3.457265152, 39.45330019 3.454246287, 39.465728724 3.456872945, 39.48384127 3.458166476, 39.488419 3.459530108, 39.490742201 3.46369039, 39.492855587 3.465028278, 39.496475806 3.46385035, 39.498787557 3.461795357, 39.515850989 3.407723333, 39.535249104 3.398032913, 39.541100966 3.397269557, 39.556459245 3.399178634, 39.589922517 3.486105196, 39.601862764 3.492810129, 39.616572542 3.505302888, 39.773642172 3.664552399, 39.786883275 3.69014132, 39.787829096 3.434468955))",Wajir,Wajir,795604764,186.47380000000004,3702.938099999998,155504658054,0.0,0.0,0.0,0.0,0.0,37.5,51.12734487734486,1.75,3.0822070014844885,-1.75,-1.0,-0.5677749739576688,0,0,0,0,,,0.0,0.0,0.0,0.0,,0,0,0,0,,,0.0,0.0,0.0,0.0,,0,0,0,0,,,0.0,0.0,0.0,0.0,,0,0,0,0,37.5,51.12734487734486,1.75,3.082207001484488,-1.75,-1.0,-0.567774973957669,0,0,0,0,-1.12,32.768791627021855,35.98988389572683,7.417500000000012,9.659919199935118,-8.537500000000012,-1.1509942703067069,-0.8838065643506993,0.0,0.0,0.0,0.0,-0.49670938005759185,0.0,0.0,0.0,0.0,-1.1017800823221255,-1.2253770270920301,-0.49670938005759185
62,26258568,2022-07-01,Kenya,Kenya_2022-07,54986000,621241,31062.0,0.05,2.0,0.8,0.15,0.05,0.0,0.0,0.75,0.15,0.1,0.0,0.0,,,,,,West pokot,"POLYGON ((35.2165906 2.501585988, 35.215774225 2.48121774, 35.218181335 2.456038142, 35.227390196 2.435228853, 35.222377573 2.426584545, 35.21915026 2.405893509, 35.232601146 2.372547107, 35.228214137 2.345190467, 35.235076917 2.337526683, 35.241539149 2.335567049, 35.25738573 2.325805597, 35.26730796 2.313915017, 35.281792658 2.29183459, 35.294377594 2.265053674, 35.297974924 2.254373445, 35.310945142 2.206348413, 35.314981165 2.183968092, 35.321580718 2.161394905, 35.337179322 2.119747737, 35.368899141 2.007150257, 35.37225995 1.987176448, 35.372546053 1.97699233, 35.370779804 1.961214684, 35.375655083 1.946101688, 35.370127467 1.939209609, 35.36571758 1.930812166, 35.365011844 1.924634802, 35.378882369 1.912737074, 35.437832096 1.8512881, 35.440624513 1.850463004, 35.447647515 1.843135963, 35.452992018 1.844058799, 35.460549091 1.84122949, 35.465180224 1.82567117, 35.462254286 1.817718935, 35.465588399 1.813201534, 35.460663518 1.805525484, 35.465786763 1.801598474, 35.470627716 1.803052698, 35.473511687 1.801252317, 35.479634399 1.788188711, 35.485421415 1.785870051, 35.49638508 1.774079607, 35.502061467 1.771643179, 35.508817434 1.761397554, 35.524522873 1.76427179, 35.534658736 1.764038037, 35.567976996 1.752892926, 35.581939079 1.749577164, 35.589381709 1.749464399, 35.600562824 1.754975913, 35.608673036 1.746139934, 35.613147769 1.743790998, 35.62151739 1.743887427, 35.62650712 1.746768462, 35.630409636 1.744427275, 35.643734651 1.740667021, 35.653561516 1.739519608, 35.659482049 1.735402595, 35.662850495 1.72978177, 35.672444655 1.720622285, 35.680238244 1.718134125, 35.693521295 1.710037535, 35.701471289 1.706853968, 35.717466649 1.707125377, 35.733671818 1.69631427, 35.74645513 1.681359931, 35.753775685 1.675708709, 35.762526782 1.672507619, 35.768981382 1.666529674, 35.774982025 1.66304382, 35.780845337 1.661346306, 35.791454232 1.661571468, 35.784114597 1.652932891, 35.782237727 1.652080739, 35.779166832 1.653295138, 35.778113953 1.652372062, 35.77761803 1.648053606, 35.779826785 1.646178369, 35.775535159 1.641167131, 35.775569491 1.638077973, 35.778171168 1.635905215, 35.779246933 1.630405855, 35.784358734 1.629547025, 35.788638911 1.623682439, 35.785331499 1.621409914, 35.779548297 1.62176191, 35.778426752 1.620332955, 35.778758635 1.613640057, 35.781985935 1.61048367, 35.782516188 1.607214641, 35.784869905 1.605809166, 35.78167312 1.602416767, 35.777125906 1.601443034, 35.779800063 1.598041812, 35.77999843 1.595205833, 35.778636554 1.593207464, 35.780589719 1.590274814, 35.777408193 1.585491364, 35.782390288 1.576809513, 35.779731389 1.576633696, 35.777938443 1.574743083, 35.777968959 1.568230415, 35.773765074 1.568070332, 35.773334001 1.56040072, 35.774241918 1.558315574, 35.772132344 1.5536965, 35.772231527 1.54960476, 35.7688173 1.546474123, 35.766799281 1.54118682, 35.767676676 1.531270189, 35.761496737 1.528849024, 35.760771928 1.525668442, 35.762442799 1.523828249, 35.759207867 1.51915339, 35.759768638 1.51551401, 35.754374542 1.513392273, 35.752402301 1.508385206, 35.749365737 1.506628216, 35.750910721 1.503098857, 35.745852326 1.500751714, 35.74009201 1.494962227, 35.737894698 1.494290543, 35.734102808 1.487944039, 35.730230808 1.484316224, 35.727922867 1.483987593, 35.72913215 1.47863318, 35.725500481 1.476929711, 35.723886829 1.472031711, 35.719217541 1.470299634, 35.717935775 1.467723509, 35.722410505 1.456746724, 35.721998508 1.454650612, 35.719488384 1.453653276, 35.71961427 1.448306373, 35.712118232 1.444574021, 35.711187424 1.43895463, 35.705545368 1.435026434, 35.707567199 1.431940256, 35.708047859 1.427894528, 35.704687039 1.424872838, 35.707281085 1.417804346, 35.705629286 1.416537501, 35.705839098 1.412834589, 35.710668605 1.40953564, 35.709104545 1.407094686, 35.706323572 1.406259819, 35.705755169 1.402456422, 35.709135062 1.401594017, 35.710836451 1.398706186, 35.703428154 1.398731816, 35.701814503 1.396670154, 35.701898426 1.392181244, 35.69812561 1.386747566, 35.69853379 1.384074651, 35.701471168 1.383961292, 35.702058644 1.382553077, 35.69953326 1.378295414, 35.694654158 1.373808652, 35.694787675 1.371315966, 35.69254077 1.369208293, 35.694047606 1.364477529, 35.69285358 1.363807513, 35.691835035 1.365413836, 35.690446456 1.364535818, 35.690507491 1.358673977, 35.687062746 1.355173823, 35.68783333 1.351733744, 35.69013364 1.349361448, 35.686891077 1.343612489, 35.688355951 1.341365591, 35.690290043 1.342000443, 35.691712954 1.340403655, 35.690995776 1.338957535, 35.688104175 1.338366548, 35.690652445 1.336410018, 35.695516286 1.335459286, 35.694223075 1.331998229, 35.697572448 1.327793727, 35.695825279 1.325524301, 35.698652029 1.3259707, 35.699525613 1.32496931, 35.69948365 1.323162733, 35.696439457 1.320828344, 35.697362632 1.318002497, 35.696256346 1.315869434, 35.67239873 1.314527859, 35.669888606 1.31365735, 35.667618813 1.310800274, 35.6449247 1.300997369, 35.631340278 1.29746575, 35.62690369 1.292113128, 35.623008802 1.290852482, 35.616222312 1.286138051, 35.614227183 1.283922742, 35.611148656 1.275465228, 35.606208519 1.273697511, 35.596812723 1.274669342, 35.591105817 1.278120746, 35.586741712 1.279198662, 35.578330131 1.287757737, 35.567324499 1.288167308, 35.558451326 1.285003416, 35.558188106 1.282736373, 35.556730861 1.282011883, 35.542585667 1.282263516, 35.485940026 1.237955778, 35.452457717 1.209042323, 35.359194019 1.133571136, 35.345327301 1.124614898, 35.324887721 1.115704911, 35.292359118 1.131824176, 35.258430491 1.146757534, 35.25176226 1.148166108, 35.152600946 1.196371455, 35.125378689 1.180094027, 35.124497476 1.181681518, 35.120270702 1.183255182, 35.119328453 1.185104194, 35.087990053 1.179355244, 35.084274456 1.164646466, 35.076366424 1.172415729, 35.069778304 1.175953552, 35.06528831 1.175414656, 35.053805831 1.183223613, 35.04632124 1.191164403, 35.042529351 1.191826792, 35.035845863 1.200616994, 35.043273238 1.211964006, 35.025710007 1.229158563, 35.01246892 1.250718062, 34.994451726 1.254119884, 34.973005042 1.244827148, 34.960214093 1.244879599, 34.940190325 1.248268786, 34.905113443 1.247212218, 34.907013212 1.27874532, 34.821592699 1.256607973, 34.822531135 1.259749459, 34.830694762 1.26754971, 34.828619528 1.284591213, 34.830439182 1.299690013, 34.822744779 1.31214713, 34.790910471 1.354653574, 34.790105553 1.356808571, 34.791238543 1.358624208, 34.801534631 1.366880156, 34.801008193 1.370921475, 34.786084791 1.400841349, 34.784959434 1.406000277, 34.788079924 1.411618119, 34.799425076 1.420661614, 34.833567346 1.440981316, 34.83919033 1.445846177, 34.842818184 1.446556721, 34.852778568 1.444120769, 34.857535597 1.446412485, 34.85893181 1.458470524, 34.858275674 1.475424538, 34.859416293 1.47742982, 34.859465894 1.50269593, 34.863589675 1.519099602, 34.868045336 1.522446943, 34.874282499 1.524426239, 34.876674366 1.526966485, 34.884746441 1.541086425, 34.887313789 1.548987284, 34.89964315 1.54660199, 34.901333097 1.547191786, 34.907406227 1.556670002, 34.911213375 1.557435377, 34.919544849 1.555773264, 34.934510226 1.56345515, 34.939484698 1.569727751, 34.951348666 1.593079525, 34.975492409 1.631852889, 34.9811421 1.645410688, 34.988184182 1.649901385, 34.997663905 1.652014539, 35.000601287 1.659574489, 34.996859001 1.686209008, 34.998739691 1.698071801, 34.998182736 1.705633661, 34.994223008 1.73195147, 34.993803395 1.76349317, 34.9959931 1.815698956, 34.999010599 1.839631237, 35.022257891 1.921859533, 34.980936245 1.978366046, 34.97968882 1.994075394, 34.981985321 2.004378353, 34.978681741 2.041769395, 34.967855424 2.086387237, 34.957841659 2.139354014, 34.953366931 2.152193175, 34.949971786 2.167769382, 34.938641926 2.225468126, 34.924702777 2.317350283, 34.91429228 2.373269634, 34.914013807 2.384576136, 34.91014181 2.388959085, 34.90948567 2.3917636, 34.909561968 2.395896944, 34.912453574 2.403900917, 34.912648133 2.413719815, 34.91685202 2.416566046, 34.927495252 2.420623097, 34.927541034 2.427914977, 34.932427766 2.430826529, 34.933114429 2.436577165, 34.938680192 2.439833917, 34.938981562 2.444373969, 34.946733192 2.446283771, 34.949289094 2.448258897, 34.965658301 2.439392388, 35.002322115 2.412291998, 35.003798434 2.413054394, 35.007456813 2.424851993, 35.005362512 2.446416047, 35.005835565 2.480685761, 35.003432272 2.510226852, 35.003577242 2.524577221, 35.007174585 2.536727175, 35.008799682 2.540179892, 35.010840589 2.541521833, 35.019126287 2.541773338, 35.027621795 2.538117261, 35.033919988 2.530889267, 35.050582921 2.504062328, 35.057483852 2.500165947, 35.064579338 2.49891483, 35.090920379 2.499896775, 35.097195689 2.501332643, 35.102349456 2.50568984, 35.103688449 2.515171405, 35.09852707 2.54032979, 35.099011552 2.549059449, 35.109181774 2.590150919, 35.117864219 2.608203367, 35.12079016 2.618619929, 35.12695867 2.642216326, 35.128404481 2.657619938, 35.130960387 2.665282527, 35.133962618 2.667602853, 35.1400243 2.667549687, 35.157579899 2.655373733, 35.165148413 2.647517082, 35.176512625 2.631430213, 35.180602055 2.611682747, 35.187094799 2.600111856, 35.199149478 2.57024129, 35.204650375 2.550740805, 35.220226096 2.52360538, 35.2165906 2.501585988))",West Pokot,West Pokot,769976352,138.36139999999997,3108.051599999999,150214400296,0.0,0.0,0.0,0.0,0.0,50.0,50.925925925925924,0.8333333333333334,1.408437308570713,-0.8333333333333334,-1.0,-0.591672294011441,0,0,0,0,,,0.0,0.0,0.0,0.0,,0,0,0,0,,,0.0,0.0,0.0,0.0,,0,0,0,0,,,0.0,0.0,0.0,0.0,,0,0,0,0,50.0,50.925925925925924,0.8333333333333334,1.408437308570713,-0.8333333333333334,-1.0,-0.591672294011441,0,0,0,0,-1.0,34.87125490571458,37.24060197209228,12.360000000000019,17.828041094729436,-13.360000000000019,-1.0809061488673137,-0.7493812656708358,0.0,0.0,0.0,0.0,-0.48119117799078054,0.0,0.0,0.0,0.0,-1.0467302564666428,-1.3173068605078149,-0.48119117799078054
63,26258568,2022-07-01,Kenya,Kenya_2022-07,54986000,268002,134001.0,0.5,3.0,0.2,0.3,0.35,0.15,0.0,0.15,0.3,0.35,0.2,0.0,,,,,,Isiolo,"POLYGON ((39.09393215 1.897092933, 39.099146946 1.897979174, 39.103011309 1.891483075, 39.108073511 1.886895826, 39.12002138 1.881928091, 39.123477563 1.877096604, 39.129226425 1.873079244, 39.136802558 1.856341345, 39.140598256 1.853816831, 39.142276755 1.849790653, 39.143333444 1.843104673, 39.141574831 1.838255547, 39.147449579 1.831361086, 39.151733565 1.820829751, 39.159904807 1.813138922, 39.163559355 1.802372289, 39.167984491 1.798816349, 39.177731224 1.769511561, 39.178394991 1.760862258, 39.184403254 1.749588911, 39.189011499 1.744422476, 39.192654604 1.736134822, 39.196621967 1.733212185, 39.196580003 1.729231422, 39.207200325 1.711054438, 39.212270156 1.704621278, 39.21616504 1.705154691, 39.220532955 1.702810883, 39.229020826 1.702031915, 39.231962015 1.697896908, 39.234948982 1.696060054, 39.241197581 1.696149688, 39.253031007 1.690484642, 39.264708024 1.680847774, 39.274107627 1.680774105, 39.284396069 1.674819645, 39.284464733 1.67164407, 39.285849495 1.669752981, 39.299578862 1.661961309, 39.301532026 1.661047292, 39.307433481 1.661824465, 39.312640642 1.650487588, 39.313788888 1.64979981, 39.318252174 1.651545117, 39.321071291 1.649889087, 39.325454463 1.642297792, 39.332858938 1.640767635, 39.33625027 1.638478182, 39.339366938 1.632841271, 39.344753398 1.633202203, 39.347881509 1.625149729, 39.350921884 1.624868776, 39.353233635 1.620552827, 39.357544327 1.617231828, 39.360207037 1.610844085, 39.366135192 1.605333404, 39.373181074 1.592331439, 39.378880343 1.585608388, 39.385891895 1.581481605, 39.387303357 1.572787128, 39.38959985 1.571185334, 39.394700203 1.572242864, 39.399964585 1.559919737, 39.406743436 1.556896734, 39.411035057 1.558234858, 39.415971374 1.557392597, 39.419423742 1.553890656, 39.421891901 1.553383464, 39.425580784 1.547800789, 39.438814229 1.536389768, 39.4475348 1.534117121, 39.273710804 1.473865324, 39.398743711 1.150648403, 39.465788311 0.996124265, 39.460958806 0.99062438, 39.455625752 0.986879635, 39.401391113 0.968159199, 39.371605358 0.954990017, 39.362488049 0.952638766, 39.349460595 0.945266688, 39.337180837 0.935352222, 39.311347186 0.920915301, 39.285021427 0.891785535, 39.280825172 0.875193259, 39.27805946 0.871728393, 39.272539482 0.869530311, 39.248163078 0.864954101, 39.243871457 0.862231187, 39.241307928 0.859300032, 39.236348718 0.841866333, 39.225274425 0.815068985, 39.214806683 0.801661521, 39.20538419 0.794514669, 39.189293469 0.767093198, 39.183487381 0.753251075, 39.180580523 0.750193213, 39.176895449 0.738947594, 39.176372822 0.720871177, 39.173778775 0.718690855, 39.167160142 0.716691657, 39.164043471 0.711960067, 39.156734364 0.708784675, 39.154456944 0.705934874, 39.148318973 0.704758921, 39.141612598 0.690563911, 39.136653392 0.689894552, 39.132773766 0.686863808, 39.125651584 0.6872439930000001, 39.118903249 0.689605558, 39.100649556 0.687479832, 39.097902919 0.6848290339999999, 39.098108916 0.6814362819999999, 39.096361749 0.678070708, 39.090330592 0.6781341829999999, 39.086931627 0.674687197, 39.072698707 0.677564476, 39.067487726 0.681237762, 39.061143758 0.682079246, 39.057817275 0.684693989, 39.051351233 0.682975086, 39.049520142 0.6814280069999999, 39.047803492 0.674714917, 39.040662235 0.668571837, 39.034718816 0.663894423, 39.028706732 0.663659245, 39.026993899 0.662121165, 39.023423269 0.653245753, 39.025128471 0.642977027, 39.022229242 0.639855751, 39.016304898 0.639077683, 39.013596408 0.636833947, 39.012402383 0.631486994, 39.013825293 0.62647475, 39.012928821 0.62471055, 38.992477817 0.619544544, 38.980098875 0.614052766, 38.962924763 0.612749868, 38.953345866 0.615074958, 38.946479272 0.6133196990000001, 38.939624124 0.614631482, 38.934199515 0.610885844, 38.9241514 0.608216749, 38.902834442 0.605601713, 38.894529679 0.605809656, 38.891378676 0.604162987, 38.858014662 0.605754532, 38.843304893 0.600461399, 38.841935388 0.598633846, 38.838273203 0.583126637, 38.83274941 0.582312273, 38.825192342 0.577191262, 38.821610268 0.570812823, 38.816059771 0.565574222, 38.815704996 0.562461945, 38.8104902 0.557512937, 38.808411147 0.54946077, 38.803200165 0.546122195, 38.801475886 0.541182305, 38.793407638 0.537698845, 38.784069069 0.522444816, 38.77576812 0.515677135, 38.76883286 0.514184113, 38.766975065 0.509805172, 38.765342341 0.509063221, 38.756236476 0.514337405, 38.755092045 0.519521473, 38.75221952 0.521493675, 38.745417778 0.521212903, 38.738017115 0.516598486, 38.735728251 0.516580309, 38.72374986 0.522270496, 38.721491514 0.519610519, 38.723509528 0.510481988, 38.72263213 0.509360091, 38.710070079 0.510209979, 38.705278722 0.504528078, 38.701891202 0.5048807870000001, 38.696058413 0.50818271, 38.680341543 0.505766376, 38.661698741 0.506977735, 38.665784363 0.49942352, 38.675046635 0.496221306, 38.677503349 0.491308802, 38.678727889 0.475087236, 38.688673003 0.451402136, 38.707292907 0.373479241, 38.755809191 0.188428227, 38.757384693 0.175499722, 38.756476776 0.170125638, 38.753325772 0.165077234, 38.736052474 0.145770203, 38.733153246 0.136596261, 38.733504204 0.125974815, 38.730223498 0.116267087, 38.731219154 0.110386394, 38.730601161 0.103184794, 38.732512362 0.093884248, 38.728396221 0.083398466, 38.730833861 0.073772225, 38.728823475 0.065493993, 38.73144041 0.05730626, 38.730379903 0.047906176, 38.732508546 0.042396418, 38.732462769 0.036886649, 38.735278072 0.026292341, 38.738108635 0.022022049, 38.739516286 0.007302189, 38.73927977 0.004135654, 38.737639417 0.001837654, 38.741778447 -0.005843454, 38.742785548 -0.015632574, 38.749133332 -0.0205, 38.751307753 -0.028778238, 38.751151348 -0.036377927, 38.754557941 -0.040313492, 38.752761182 -0.048908373, 38.76420169 -0.054653425, 38.765243124 -0.056580493, 38.764617501 -0.058344707, 38.760482286 -0.064931092, 38.771289541 -0.073779367, 38.766383741 -0.076412092, 38.757571613 -0.076213008, 38.752204226 -0.073118814, 38.744631899 -0.073498759, 38.736544578 -0.067672288, 38.725477918 -0.064921874, 38.720354676 -0.065138979, 38.713263011 -0.058579704, 38.703771853 -0.052798487, 38.69663441 -0.043597443, 38.69233516 -0.046383967, 38.691770573 -0.056806342, 38.689897519 -0.057837716, 38.68313011 -0.057973386, 38.675080936 -0.053015485, 38.662698179 -0.049170369, 38.659615841 -0.050744565, 38.65565992 -0.056317603, 38.644211783 -0.05704131, 38.632996346 -0.044872824, 38.617653324 -0.032288189, 38.61518898 -0.032333415, 38.610554029 -0.036929341, 38.607780688 -0.037363589, 38.599525517 -0.033762804, 38.594436608 -0.028578792, 38.586490433 -0.027592632, 38.572574136 -0.021684842, 38.565436694 -0.022263836, 38.560542338 -0.019395903, 38.554457773 -0.023078043, 38.548655501 -0.035653432, 38.546610782 -0.046672732, 38.53607819 -0.046717901, 38.536974663 -0.058569527, 38.532519006 -0.060035111, 38.527388135 -0.065933728, 38.516401584 -0.062206257, 38.512819511 -0.065852174, 38.506185619 -0.06639493, 38.497762597 -0.062106574, 38.495515695 -0.06358121, 38.493909675 -0.07301719399999999, 38.490079641 -0.077965851, 38.48613135 -0.08052609500000001, 38.476121382 -0.082823902, 38.46854524 -0.08849623500000001, 38.462884115 -0.089817008, 38.459611038 -0.08881275299999999, 38.444756306 -0.075395975, 38.442726846 -0.075097397, 38.43903796 -0.07995553699999999, 38.434925633 -0.07949409, 38.417656149 -0.06731677599999999, 38.41306316 -0.067425284, 38.408817316 -0.06563396000000001, 38.411235883 -0.060178736, 38.408199322 -0.057066587, 38.410327967 -0.052868867, 38.408206952 -0.050860448, 38.409015684 -0.046952213, 38.40620801 -0.044581919, 38.404617249 -0.03089403, 38.405425981 -0.028143793, 38.403934404 -0.026813901, 38.400836807 -0.026750559, 38.398887458 -0.023647485, 38.400676587 -0.018988371, 38.400104371 -0.017260424, 38.393733697 -0.014953466, 38.3924176 -0.012194181, 38.393626884 -0.010068179, 38.377963419 -0.004287253, 38.375075635 0.004126267, 38.370959493 0.006225117, 38.365962139 0.014186274, 38.362242734 0.015706119, 38.35620776 0.022699243, 38.35579195 0.029837135, 38.357207231 0.036278442, 38.354643703 0.038883889, 38.344919843 0.042900558, 38.344412478 0.044863696, 38.347960218 0.052788683, 38.34920765 0.059745647, 38.344496403 0.058497138, 38.340830405 0.05932939, 38.339754638 0.061292517, 38.340418409 0.066865313, 38.338766612 0.06854797999999999, 38.3293136 0.07026672, 38.324293357 0.074663347, 38.324262839 0.078806735, 38.327165883 0.08512138599999999, 38.326723369 0.08742828900000001, 38.329237305 0.090350421, 38.329298342 0.093860545, 38.321443721 0.096800571, 38.318639862 0.106019087, 38.311132386 0.107864439, 38.30861082 0.111265928, 38.306264734 0.118059922, 38.3063334 0.130046759, 38.304620567 0.138568671, 38.297712011 0.158851062, 38.288472627 0.165074825, 38.28427256 0.173804665, 38.271279438 0.177694191, 38.266121863 0.181439263, 38.263260782 0.188920676, 38.258622017 0.193588509, 38.247673614 0.200445307, 38.246071409 0.202634494, 38.241997229 0.203502767, 38.229622101 0.214330846, 38.222740247 0.214737582, 38.203937224 0.223665442, 38.198722427 0.223728483, 38.197459736 0.225727683, 38.197108784 0.320950502, 38.177779321 0.328312718, 38.06309579 0.666627222, 37.827449496 0.560382907, 37.587255981 0.478358391, 37.586554061 0.467993172, 37.582930024 0.463162646, 37.580847156 0.451178202, 37.582445546 0.446339689, 37.581224817 0.438280756, 37.582968166 0.412920164, 37.585791099 0.400321609, 37.599470883 0.400269726, 37.604933637 0.35390788, 37.581777948 0.325965687, 37.555753551 0.326368939, 37.547578487 0.310919898, 37.548143073 0.305728498, 37.550206866 0.304173134, 37.550489159 0.301984408, 37.549615575 0.294730663, 37.546678198 0.286436552, 37.548619918 0.280910681, 37.547116896 0.274805504, 37.544416035 0.270717109, 37.540685184 0.268536966, 37.537003926 0.262485817, 37.470134729 0.277744114, 37.429118265 0.294451777, 37.399969566 0.292557414, 37.400816445 0.281967268, 37.388620608 0.273175056, 37.374116831 0.267475543, 37.374559345 0.271219693, 37.378965411 0.27324607, 37.379407925 0.27504585, 37.38136109 0.273680519, 37.386976439 0.275797516, 37.387674544 0.27858307, 37.38951708 0.279822319, 37.387170993 0.282254747, 37.388891457 0.286125723, 37.39514006 0.290630419, 37.39573135 0.293813888, 37.393671372 0.295097807, 37.393370005 0.297874212, 37.397043634 0.300397946, 37.394266478 0.305055068, 37.396067052 0.309676728, 37.392526942 0.325511765, 37.39384304 0.334067398, 37.392706237 0.335342377, 37.392862644 0.352570728, 37.391638101 0.354903804, 37.38402381 0.357344278, 37.383279929 0.361449987, 37.381025397 0.361078773, 37.379308748 0.364207589, 37.378313092 0.368032884, 37.379049344 0.375286063, 37.377332696 0.379879921, 37.370908614 0.383071109, 37.371461757 0.389094307, 37.366040963 0.405426017, 37.362840366 0.407252201, 37.356671874 0.408128133, 37.354184641 0.411934982, 37.352765547 0.432816267, 37.34975569 0.439896729, 37.348855404 0.44797241, 37.351434193 0.453932702, 37.350037985 0.458137644, 37.358487714 0.466125117, 37.358213051 0.4713251, 37.361249613 0.475531115, 37.360154772 0.479030729, 37.36301204 0.48533482, 37.359746593 0.493491348, 37.361802757 0.495915551, 37.364835506 0.508703962, 36.863795237 0.563163414, 36.86556148 0.571906758, 36.868422562 0.57541573, 36.869093964 0.584881955, 36.867148429 0.589510203, 36.868796413 0.595848595, 36.872107639 0.596826322, 36.876017785 0.603138549, 36.878791127 0.602913621, 36.880683256 0.604424226, 36.881198252 0.61110579, 36.883407007 0.608936791, 36.884757438 0.6109173369999999, 36.885322025 0.609425803, 36.888110626 0.609906054, 36.88854551 0.607103514, 36.891612592 0.620955775, 36.894900929 0.620830497, 36.89882252 0.629303677, 36.906783957 0.629279836, 36.910072295 0.631559571, 36.910324071 0.6384490779999999, 36.909038492 0.64288786, 36.91247942 0.645059183, 36.913467448 0.648685149, 36.912654902 0.655077001, 36.914184627 0.656813548, 36.914279997 0.659878624, 36.920143307 0.659230122, 36.923301942 0.66019885, 36.925056741 0.670416326, 36.927353237 0.674965127, 36.926330878 0.6848288219999999, 36.927151058 0.704168696, 36.917472976 0.728593948, 36.921119904 0.737094485, 36.923088328 0.738749977, 36.928127647 0.739276774, 36.932213273 0.741331104, 36.935097246 0.7529868320000001, 36.944763886 0.7446280790000001, 36.965195825 0.740153057, 36.970265663 0.741999862, 36.973061894 0.745066308, 36.975346945 0.745754501, 36.980618965 0.743632167, 36.991456743 0.7466480720000001, 36.996618136 0.74948053, 37.006631922 0.748553818, 37.018030473 0.754038447, 37.042902813 0.761952523, 37.057929217 0.769419129, 37.062850276 0.764466301, 37.068332109 0.762976853, 37.070079277 0.7642254590000001, 37.071540336 0.768168493, 37.071010084 0.7766046049999999, 37.091514505 0.779769744, 37.099727718 0.784439353, 37.106006839 0.784776803, 37.108200334 0.782155503, 37.10902051 0.778665543, 37.111461967 0.777219841, 37.116047328 0.779853298, 37.124474166 0.774576309, 37.127873129 0.76349172, 37.132263936 0.761811792, 37.13558279 0.75699354, 37.151196667 0.758438107, 37.152695872 0.750246174, 37.161191378 0.749797628, 37.162888953 0.748224919, 37.163220837 0.743459593, 37.165456295 0.740865291, 37.169892879 0.73980913, 37.175550192 0.743157302, 37.179269598 0.740997659, 37.187467551 0.740946819, 37.1902943 0.74256661, 37.203554461 0.744235986, 37.207857527 0.739047145, 37.219702405 0.737288545, 37.226763555 0.741876204, 37.231337472 0.747611331, 37.234934806 0.748209589, 37.238825878 0.753709357, 37.24321287 0.754895801, 37.246993314 0.760214626, 37.252272964 0.762242434, 37.258201125 0.761440046, 37.265281347 0.754922795, 37.26632278 0.751785246, 37.270087963 0.749969074, 37.273914182 0.742862684, 37.279067943 0.737972317, 37.288784176 0.734105568, 37.292011475 0.728029771, 37.299766912 0.7195139149999999, 37.304691785 0.706800834, 37.305210593 0.701519676, 37.310074431 0.696737541, 37.314575864 0.682342091, 37.320568875 0.675805828, 37.327462173 0.664739061, 37.326889956 0.6594393670000001, 37.331162502 0.647801877, 37.343144711 0.642370705, 37.344113664 0.640092043, 37.343419374 0.635307824, 37.353501823 0.617413832, 37.352265835 0.611110068, 37.353642968 0.608379345, 37.354383033 0.598223675, 37.357926959 0.596054258, 37.362951019 0.597032462, 37.36384749 0.5876183270000001, 37.368947844 0.585024324, 37.372320106 0.585504634, 37.384184057 0.580307987, 37.389925293 0.57479296, 37.395876343 0.575210691, 37.401789245 0.577301435, 37.42412857 0.578085521, 37.429331925 0.581189037, 37.435958189 0.577021671, 37.438804011 0.577890688, 37.439738632 0.579754002, 37.447974732 0.577920368, 37.456176499 0.582933029, 37.461791849 0.582943578, 37.465793549 0.588669584, 37.470848127 0.5912485669999999, 37.47273644 0.588246428, 37.476909804 0.586095129, 37.490860438 0.587672603, 37.49191713 0.584019043, 37.490761252 0.576747208, 37.495884495 0.573121898, 37.503155457 0.574326698, 37.506993121 0.571795334, 37.509682537 0.567698951, 37.516736056 0.566606435, 37.523625541 0.569023068, 37.533715621 0.564403998, 37.539060122 0.5713695519999999, 37.544629695 0.576037848, 37.547612849 0.5759210930000001, 37.551393291 0.571770653, 37.555463656 0.570677303, 37.564413119 0.571357926, 37.568025711 0.569396153, 37.576521216 0.573142746, 37.581392684 0.570656678, 37.583860844 0.571923581, 37.582960559 0.5848298790000001, 37.584169843 0.587480262, 37.593519857 0.58730176, 37.598170068 0.589600268, 37.608725552 0.590407897, 37.612460217 0.594207593, 37.621814047 0.597710305, 37.628299165 0.598227507, 37.632365715 0.594710132, 37.634490545 0.595633206, 37.638579985 0.606695977, 37.642947904 0.6116445700000001, 37.64157077 0.613778763, 37.638305323 0.614872352, 37.639743494 0.619422225, 37.645541952 0.621431676, 37.64950932 0.628523819, 37.652381846 0.630134551, 37.658344339 0.629548211, 37.666610958 0.631739201, 37.672123309 0.637321335, 37.677746287 0.637838358, 37.683205232 0.643076783, 37.682694052 0.646359932, 37.684189445 0.650276801, 37.692353066 0.6620825970000001, 37.699696508 0.662654391, 37.710118475 0.666890235, 37.714204097 0.6589588119999999, 37.715924561 0.6577472170000001, 37.725785754 0.654113681, 37.729055016 0.654458224, 37.731473585 0.660681886, 37.736348868 0.6610268459999999, 37.744222565 0.670752386, 37.749273328 0.6741456139999999, 37.752084817 0.674263919, 37.758676748 0.670747079, 37.778532653 0.675111894, 37.785357286 0.674245318, 37.791548665 0.671017714, 37.806525473 0.6749832730000001, 37.813407327 0.674342758, 37.824943207 0.677683359, 37.830676814 0.6769339559999999, 37.833949891 0.6779659179999999, 37.838771768 0.681133026, 37.846302135 0.690117031, 37.843097725 0.69737069, 37.84609614 0.707746638, 37.851898414 0.713446719, 37.863728033 0.721554493, 37.875439393 0.727138592, 37.877220894 0.731345233, 37.875618689 0.733940905, 37.878899397 0.741829474, 37.881424778 0.741658245, 37.884690225 0.738538337, 37.891511042 0.7362876860000001, 37.89408983 0.733637958, 37.897290424 0.725859526, 37.9021123 0.726548196, 37.904748309 0.724938715, 37.904111241 0.720786607, 37.905084008 0.7185977609999999, 37.909787626 0.718770777, 37.911962047 0.716925998, 37.912816556 0.711851531, 37.914704869 0.709491098, 37.916829699 0.710242348, 37.920797066 0.7159963660000001, 37.928254951 0.717780173, 37.930208116 0.7193907859999999, 37.932451205 0.7240589039999999, 37.946073769 0.741330555, 37.956114257 0.742943073, 37.962149233 0.750479708, 37.967367845 0.750888022, 37.974142886 0.754453731, 37.974032258 0.758135361, 37.985125626 0.771037427, 37.991843446 0.776050506, 37.996260955 0.776558112, 38.002643075 0.785714121, 38.006026781 0.786411492, 38.010394699 0.791306386, 38.01023448 0.799601543, 38.012759862 0.801610339, 38.017120149 0.801321937, 38.017627513 0.794293326, 38.024970955 0.795036826, 38.033622863 0.789104722, 38.044060086 0.786447602, 38.052189369 0.776652566, 38.062115414 0.776582416, 38.074681283 0.780900267, 38.081574581 0.781037463, 38.07338426 0.785703438, 38.050384986 0.803139055, 38.039875326 0.996495764, 38.037540687 1.007811657, 38.033249085 1.083245146, 37.950804202 1.192047282, 37.947569295 1.264176954, 38.222179751 1.479037528, 38.342913591 1.575098349, 38.38692091 1.760497877, 38.962501847 2.09369155, 38.961681672 2.096867246, 38.982880358 2.072403819, 38.988076075 2.063754749, 38.987171967 2.051242449, 38.989178535 2.046130725, 38.994713768 2.038123898, 38.994656543 2.032360874, 38.991993827 2.023404037, 38.997658755 2.002722084, 39.001027198 1.998895085, 39.007367352 1.998560372, 39.01607266 1.985622646, 39.023080398 1.982537539, 39.025731664 1.979090427, 39.031537748 1.975308603, 39.035009188 1.966442235, 39.040372755 1.958281524, 39.045495994 1.953052031, 39.05087482 1.941715744, 39.060125643 1.936278009, 39.065336618 1.92263463, 39.073389602 1.916038879, 39.080820777 1.907136035, 39.086504789 1.90462058, 39.09393215 1.897092933))",Isiolo,Isiolo,1067826702,78.7594,4683.0912,208766927248,0.0,1.0,0.0,0.0,1.0,43.93939393939394,50.07718820218821,3.25,4.696591425118088,-2.25,-0.6923076923076923,-0.4790708401771243,0,0,0,0,,,0.0,0.0,0.0,0.0,,0,0,0,0,,,0.0,0.0,0.0,0.0,,0,0,0,0,,,0.0,0.0,0.0,0.0,,0,0,0,0,43.93939393939394,50.07718820218821,3.25,4.696591425118087,-2.25,-0.6923076923076923,-0.47907084017712437,0,0,0,0,-5.7,34.69568098972718,37.502003102222396,11.554166666666658,16.545200078940514,-17.25416666666666,-1.493328525063109,-1.0428502879592583,1.0,0.0,0.0,0.0,-0.7031093118561587,0.0,0.0,0.0,0.0,-1.5263443780554047,-1.733069889642329,-0.7031093118561587
64,26258568,2022-07-01,Kenya,Kenya_2022-07,54986000,1136187,284046.0,0.25,3.0,0.5,0.25,0.2,0.05,0.0,0.4,0.3,0.2,0.1,0.0,,,,,,Kitui,"POLYGON ((38.324812166 -0.066772822, 38.323572365 -0.069767263, 38.326811108 -0.06915213100000001, 38.332083127 -0.07100677900000001, 38.338644539 -0.065226012, 38.346586899 -0.06535276399999999, 38.363444388 -0.076489549, 38.368891886 -0.08151964, 38.378913299 -0.084803778, 38.381293719 -0.08937245100000001, 38.38279674 -0.08977958900000001, 38.386676365 -0.088947344, 38.391017579 -0.084414952, 38.393626884 -0.07632713300000001, 38.396697778 -0.076155286, 38.405406908 -0.078833268, 38.416816898 -0.07583891, 38.41923165 -0.072862528, 38.425602324 -0.073468742, 38.666978385 -0.483525421, 38.678460858 -0.505139663, 38.756991819 -0.636898084, 38.825688293 -0.756623457, 38.969570196 -1.060951037, 38.986893181 -1.36751855, 38.987900341 -1.527175588, 39.000306047 -1.673922101, 38.994004046 -1.686407306, 38.978546585 -1.692749385, 38.962886938 -1.692749154, 38.959835125 -1.705234238, 38.997052126 -1.848913748, 39.000306176 -1.945719078, 38.972237098 -2.002001606, 38.935004954 -2.095530425, 38.933776597 -2.096055137, 38.800187173 -2.35409497, 38.798600228 -2.356048871, 38.793877538 -2.35613875, 38.792542367 -2.357260407, 38.790818094 -2.365203551, 38.78830416 -2.36795346, 38.771454302 -2.368330614, 38.763157171 -2.37153205, 38.758800701 -2.376317153, 38.740455454 -2.37897362, 38.736720793 -2.38453685, 38.735149111 -2.392877879, 38.726520096 -2.398874517, 38.72454023 -2.402031369, 38.719741245 -2.403966438, 38.716647467 -2.409475552, 38.706118693 -2.414802058, 38.705382444 -2.418203504, 38.701018344 -2.421486708, 38.6880443 -2.427038501, 38.67860655 -2.428483906, 38.669493056 -2.43179286, 38.647336848 -2.432755282, 38.639100748 -2.429839933, 38.635553009 -2.431096524, 38.633328992 -2.426283056, 38.628056974 -2.425702563, 38.625020414 -2.426941036, 39.000955324 -2.942353366, 39.0547704 -3.019414821, 39.066596217 -3.041715155, 39.0633117 -3.045551437, 39.060114919 -3.044981433, 39.053149135 -3.037608544, 39.04579425 -3.035808416, 39.044111933 -3.033944871, 39.042944606 -3.025648905, 39.035166284 -3.028209292, 39.026003194 -3.025052211, 39.011659648 -3.02967545, 39.006036671 -3.03014605, 39.001535237 -3.028970042, 38.993665359 -3.029910762, 38.991021722 -3.031466779, 38.982724598 -3.043725621, 38.977895095 -3.045426347, 38.95679558 -3.045081881, 38.937530967 -3.04061172, 38.932316176 -3.046093895, 38.927841446 -3.046138717, 38.917278339 -3.049096514, 38.907718513 -3.047213902, 38.899558708 -3.043313977, 38.894218025 -3.043385739, 38.861979384 -3.063285453, 38.849344854 -3.065011694, 38.844465753 -3.059411044, 38.84029239 -3.059066564, 38.836069439 -3.064186614, 38.827867676 -3.065515205, 38.818460447 -3.071231251, 38.808286446 -3.073111256, 38.80006942 -3.070594747, 38.797906438 -3.064523738, 38.800263968 -3.062950079, 38.809171465 -3.062571736, 38.810262488 -3.059676884, 38.808622134 -3.05771345, 38.79258482 -3.054299622, 38.782910552 -3.053736775, 38.773983978 -3.050378488, 38.765972952 -3.049879291, 38.756672533 -3.051397171, 38.736812817 -3.048859215, 38.725605005 -3.042306414, 38.705462992 -3.036827835, 38.696109168 -3.039665955, 38.668921273 -3.042408016, 38.664274879 -3.043826957, 38.659281331 -3.032525764, 38.653166245 -3.029122179, 38.647306745 -3.020887722, 38.64217587 -3.017167784, 38.62915986 -3.017036676, 38.610311056 -3.012190085, 38.60689683 -3.008660624, 38.610364455 -3.00117997, 38.608590584 -3.000817609, 38.601617179 -3.003710082, 38.594277553 -3.004023818, 38.582493707 -2.993480016, 38.559357099 -2.991869426, 38.54979727 -2.986519096, 38.543060376 -2.984426454, 38.53676218 -2.979520493, 38.529800218 -2.981498714, 38.520186986 -2.980173713, 38.513759094 -2.98520079, 38.511985227 -2.988972466, 38.501391598 -2.98849735, 38.499453677 -2.96856643, 38.500910915 -2.961148952, 38.498740306 -2.957981615, 38.494555499 -2.958667247, 38.492457373 -2.957788757, 38.493857391 -2.953130245, 38.489092733 -2.946587212, 38.487990257 -2.939123249, 38.485796761 -2.938136049, 38.477888735 -2.939534729, 38.476717598 -2.938584242, 38.473600918 -2.92593539, 38.466383354 -2.911502618, 38.462198542 -2.906316776, 38.461530952 -2.899676235, 38.458059505 -2.897186899, 38.454397321 -2.896985933, 38.451082281 -2.895129779, 38.451349312 -2.891475156, 38.455587523 -2.88672772, 38.455488337 -2.884293928, 38.454031092 -2.88216743, 38.44611925 -2.882570565, 38.443876161 -2.881275834, 38.446664756 -2.873723184, 38.446348128 -2.871280571, 38.439210681 -2.866536481, 38.439721855 -2.85897382, 38.432656892 -2.857106702, 38.428403414 -2.851830508, 38.43227922 -2.844459277, 38.432180033 -2.840813476, 38.427228447 -2.829412154, 38.42665241 -2.821242774, 38.41965611 -2.816716102, 38.41894656 -2.813241708, 38.422524814 -2.807372377, 38.424092679 -2.797756404, 38.431844298 -2.793824997, 38.433251948 -2.791048389, 38.427304707 -2.779719063, 38.420029918 -2.760527652, 38.414517563 -2.752998132, 38.411816694 -2.740277044, 38.405716863 -2.731200329, 38.398556517 -2.711167615, 38.391583099 -2.696988018, 38.387230431 -2.681561365, 38.382790028 -2.673697612, 38.38238947 -2.664994699, 38.373726113 -2.658711996, 38.36776743 -2.652005422, 38.368015386 -2.644533113, 38.363574986 -2.640993639, 38.36202618 -2.630987173, 38.350318617 -2.601335626, 38.347453714 -2.590496441, 38.339911903 -2.587860016, 38.335738529 -2.571782062, 38.332072526 -2.565221384, 38.337962536 -2.561253027, 38.33895056 -2.557589821, 38.333701427 -2.553262923, 38.325598844 -2.551376971, 38.323039129 -2.549358229, 38.324191187 -2.543505586, 38.319952969 -2.538012212, 38.322196054 -2.533255002, 38.321906129 -2.530631207, 38.31836983 -2.526368436, 38.31734365 -2.517004925, 38.312746844 -2.513293328, 38.313952309 -2.50781187, 38.313185537 -2.504690302, 38.302168465 -2.499953365, 38.297632692 -2.490687361, 38.289156259 -2.484775363, 38.283533263 -2.455624681, 38.274202305 -2.425721144, 38.251046621 -2.422433666, 38.245492304 -2.414478844, 38.236428397 -2.411298398, 38.232766209 -2.404122656, 38.223645081 -2.40224481, 38.212280841 -2.358309473, 38.199501344 -2.356936315, 38.197544362 -2.351380716, 38.187542016 -2.341812903, 38.175136369 -2.341208575, 38.15979334 -2.334441928, 38.153758365 -2.331308444, 38.149417147 -2.325045762, 38.14715117 -2.32397703, 38.128210814 -2.324182539, 38.118803574 -2.316089449, 38.116385 -2.30403849, 38.111048129 -2.303094441, 38.110369098 -2.301818542, 38.112287927 -2.296654388, 38.111795819 -2.29209481, 38.113184395 -2.28931844, 38.112322255 -2.287237474, 38.104700333 -2.285124806, 38.102121544 -2.282907002, 38.099203237 -2.274501369, 38.092390049 -2.275365561, 38.088498978 -2.273752809, 38.086225367 -2.265709539, 38.083715244 -2.262641373, 38.077069907 -2.26368627, 38.077176716 -2.256413497, 38.073014794 -2.25246684, 38.072587533 -2.241747087, 38.069585297 -2.227371043, 38.068768935 -2.225950198, 38.065213564 -2.225649581, 38.063805911 -2.223215312, 38.064835899 -2.221035887, 38.07122183 -2.217303781, 38.070691576 -2.215874353, 38.062951396 -2.212802853, 38.060628196 -2.208956797, 38.055855905 -2.195583689, 38.055226463 -2.188735501, 38.048710824 -2.18244445, 38.051804603 -2.176765597, 38.049504291 -2.171318468, 38.044587045 -2.168782643, 38.038548256 -2.169077305, 38.028992243 -2.164819542, 38.026321899 -2.161877965, 38.024086435 -2.152097973, 38.02177468 -2.148984511, 38.010303655 -2.154241883, 37.989932759 -2.159764358, 37.984515781 -2.163514821, 37.97548621 -2.16554406, 37.969607644 -2.169945347, 37.966082791 -2.168839187, 37.966166711 -2.158536389, 37.963835876 -2.145744014, 37.958449411 -2.139562148, 37.955176333 -2.138049283, 37.954592671 -2.135561373, 37.955531099 -2.122590437, 37.958220511 -2.115328628, 37.957083705 -2.109448093, 37.960291928 -2.104601721, 37.958685904 -2.097029521, 37.961299015 -2.079491615, 37.959940949 -2.067224665, 37.955656953 -2.060329037, 37.956252053 -2.051935083, 37.952269422 -2.04004647, 37.948775087 -2.038027012, 37.945036609 -2.040141117, 37.940115547 -2.036347749, 37.939745513 -2.03471926, 37.94317881 -2.03265927, 37.943113957 -2.029239944, 37.944853492 -2.02558651, 37.943800613 -2.023686249, 37.939642508 -2.021946908, 37.942274698 -2.013961087, 37.937098047 -2.010484309, 37.938749841 -2.004569443, 37.934359034 -2.00264892, 37.929094642 -1.997697538, 37.931188952 -1.993465634, 37.926103854 -1.989165553, 37.917574003 -1.961001108, 37.914678587 -1.957172932, 37.917429037 -1.950073948, 37.915601756 -1.942962927, 37.909852886 -1.935985052, 37.910062697 -1.932683493, 37.91236682 -1.930604552, 37.912813148 -1.928433828, 37.911127015 -1.923294945, 37.913919428 -1.919524697, 37.91345021 -1.916159367, 37.91875656 -1.912264197, 37.91946992 -1.906005086, 37.917345089 -1.904384584, 37.908151482 -1.906513473, 37.906347093 -1.905146387, 37.907697518 -1.894808184, 37.90217753 -1.875890438, 37.899640702 -1.871302729, 37.902234747 -1.865397636, 37.898290268 -1.862563933, 37.892655844 -1.861040698, 37.888707553 -1.862268444, 37.887658489 -1.860567125, 37.885583248 -1.853139513, 37.888020886 -1.846501587, 37.893903268 -1.844289142, 37.893376828 -1.841348993, 37.888768577 -1.836045498, 37.882844231 -1.835064855, 37.880387515 -1.83272952, 37.879853447 -1.834456944, 37.877858317 -1.829715826, 37.869210218 -1.819606609, 37.848888902 -1.799657682, 37.839657138 -1.780964029, 37.8412746 -1.776985064, 37.840423905 -1.774687037, 37.843048468 -1.769686541, 37.84707687 -1.769119274, 37.851135792 -1.771799211, 37.853531469 -1.769539326, 37.852840994 -1.767413183, 37.855599076 -1.766040016, 37.854603418 -1.762737861, 37.8568198 -1.757067708, 37.854626302 -1.75243506, 37.855179443 -1.748265497, 37.854042637 -1.74204155, 37.851749955 -1.73754455, 37.851906359 -1.734179816, 37.849651825 -1.728633631, 37.84572642 -1.725275335, 37.8461613 -1.714430181, 37.843658806 -1.71247485, 37.835468484 -1.711909019, 37.838737743 -1.703580262, 37.837272866 -1.69698525, 37.838592776 -1.692780046, 37.833625939 -1.691872471, 37.831722364 -1.687158649, 37.832824833 -1.683912039, 37.832054248 -1.683359793, 37.826240531 -1.685129178, 37.820964697 -1.682982296, 37.820880769 -1.677754013, 37.823650294 -1.672509398, 37.821926013 -1.666909335, 37.816097036 -1.665033392, 37.811488786 -1.66143062, 37.809253326 -1.656761855, 37.804835816 -1.65537534, 37.807288715 -1.652138623, 37.806472352 -1.650736015, 37.80226847 -1.650905398, 37.801688624 -1.649647735, 37.804965514 -1.646040668, 37.802051022 -1.637292097, 37.798350689 -1.633979335, 37.796904887 -1.629256811, 37.793711921 -1.628739371, 37.792163119 -1.621737415, 37.788954892 -1.618225948, 37.788119455 -1.615222385, 37.785410964 -1.614171532, 37.783713386 -1.60711534, 37.776591197 -1.596528134, 37.777182486 -1.593534583, 37.773428745 -1.589326282, 37.773428744 -1.58593437, 37.767492953 -1.584474548, 37.761362607 -1.57902575, 37.757898788 -1.571624717, 37.753740682 -1.568953957, 37.750696487 -1.556388531, 37.744695845 -1.55614072, 37.738374761 -1.550348033, 37.731119054 -1.539851417, 37.725328221 -1.527393031, 37.722039884 -1.525455461, 37.714444661 -1.51182011, 37.704808538 -1.509797315, 37.702946928 -1.510574133, 37.695908664 -1.500837526, 37.699784475 -1.497565645, 37.701817748 -1.493975981, 37.712861522 -1.490961447, 37.718282319 -1.495242936, 37.726682454 -1.496179475, 37.731744662 -1.498914006, 37.738016152 -1.498555812, 37.763407292 -1.490312154, 37.773318078 -1.489965044, 37.779990117 -1.482117489, 37.780802661 -1.474963195, 37.782309496 -1.472829303, 37.789950489 -1.467524014, 37.799624755 -1.457823637, 37.805427026 -1.453041748, 37.811473444 -1.45034941, 37.820651792 -1.449350285, 37.817783081 -1.44743119, 37.81921362 -1.444302229, 37.816764535 -1.443993386, 37.813937785 -1.441260166, 37.814662591 -1.436955074, 37.812804794 -1.431997251, 37.813731783 -1.429347468, 37.811118661 -1.427166137, 37.81111103 -1.422516799, 37.808707721 -1.421086418, 37.809451601 -1.418056631, 37.806243371 -1.40673933, 37.805636818 -1.396409231, 37.804019354 -1.395965217, 37.800292319 -1.398821692, 37.799392032 -1.398314621, 37.800021469 -1.394497885, 37.79845741 -1.390200541, 37.793727086 -1.38468952, 37.792376656 -1.384670806, 37.791014779 -1.378193679, 37.786131867 -1.377214346, 37.784628844 -1.373360301, 37.782290387 -1.374996302, 37.776289742 -1.362944978, 37.773302773 -1.362943429, 37.768728856 -1.359603489, 37.766611656 -1.359665711, 37.76602418 -1.357159801, 37.756880165 -1.359226468, 37.754110637 -1.357144667, 37.752790726 -1.359414326, 37.748895841 -1.360371134, 37.745870723 -1.358795688, 37.745802056 -1.353169519, 37.740301149 -1.350218047, 37.738763792 -1.344365043, 37.736219337 -1.343233135, 37.734964276 -1.344598197, 37.733587142 -1.34384677, 37.732686853 -1.337107763, 37.724908522 -1.324811486, 37.726274211 -1.322153001, 37.72509163 -1.319891091, 37.725877472 -1.316119769, 37.721879587 -1.313386072, 37.720384194 -1.308130133, 37.71806481 -1.306329045, 37.717763441 -1.301553118, 37.714600992 -1.301325331, 37.715157947 -1.293628325, 37.712266347 -1.29170029, 37.70932897 -1.291798272, 37.707650465 -1.281187698, 37.705941446 -1.280734625, 37.704259129 -1.27798412, 37.703751763 -1.274338672, 37.702485257 -1.272927005, 37.699856877 -1.27307946, 37.697995266 -1.270708722, 37.698826886 -1.267661054, 37.694931998 -1.259292485, 37.693902006 -1.252227947, 37.692597353 -1.251024281, 37.689389127 -1.250950379, 37.690377153 -1.248762013, 37.687992918 -1.247277396, 37.689400569 -1.244229967, 37.687687734 -1.240810162, 37.685089871 -1.237091407, 37.676163295 -1.233152495, 37.6745382 -1.229895515, 37.667221459 -1.222954469, 37.666984942 -1.219055962, 37.663715679 -1.217154985, 37.660496007 -1.210885263, 37.65753574 -1.20848699, 37.655536796 -1.202661163, 37.650299109 -1.199339102, 37.640327279 -1.172842108, 37.626693265 -1.151300078, 37.621077915 -1.146304708, 37.612704482 -1.143080748, 37.606089662 -1.143963891, 37.602812767 -1.134375086, 37.59911625 -1.133079876, 37.597628484 -1.12064294, 37.597491143 -1.088860202, 37.734445387 -1.08322267, 37.794638736 -1.127343033, 37.797892738 -1.123970548, 37.798728173 -1.120714521, 37.802195803 -1.119856648, 37.803069385 -1.113697184, 37.80535062 -1.111273996, 37.808585546 -1.101904276, 37.808745765 -1.094966684, 37.819469094 -1.082578735, 37.819175356 -1.079684119, 37.820895819 -1.079096827, 37.821368851 -1.076681865, 37.821132334 -1.07331689, 37.826850681 -1.072523146, 37.828540627 -1.073554928, 37.832454585 -1.070345387, 37.832534695 -1.068518193, 37.835571255 -1.065570532, 37.836811056 -1.060957906, 37.840900493 -1.054862808, 37.844505455 -1.053389751, 37.846767616 -1.050414555, 37.846485322 -1.047565234, 37.848613966 -1.0443458, 37.846973609 -1.03170873, 37.849304436 -1.029059185, 37.849384543 -1.016350357, 37.851539888 -1.005767911, 37.849483724 -1.005124954, 37.848167625 -0.997227814, 37.8494265 -0.996314693, 37.852218916 -0.996912652, 37.851482663 -0.99408115, 37.852611836 -0.992118666, 37.856361759 -0.989107829, 37.860397791 -0.988050894, 37.862083921 -0.985374053, 37.867004981 -0.985411897, 37.86428886 -0.981340493, 37.869652433 -0.98001262, 37.870190316 -0.978429842, 37.868572851 -0.975570866, 37.86409049 -0.97631109, 37.8655134 -0.971653168, 37.859718756 -0.968756645, 37.851017254 -0.968636078, 37.849739305 -0.967260766, 37.847957805 -0.968047059, 37.846794298 -0.967051692, 37.846779039 -0.965902917, 37.852592755 -0.963363092, 37.852550792 -0.961581134, 37.854389515 -0.964955703, 37.856026053 -0.965010534, 37.855926868 -0.961925974, 37.85137584 -0.955176537, 37.853115377 -0.953078583, 37.852711011 -0.9518572749999999, 37.848278241 -0.949115054, 37.850509884 -0.945750854, 37.848327832 -0.945207428, 37.848262981 -0.943063642, 37.852188385 -0.944231787, 37.853893588 -0.94128353, 37.852512639 -0.937746314, 37.8513148 -0.93936503, 37.850277181 -0.93839684, 37.852798746 -0.935693059, 37.848674974 -0.930915702, 37.843956097 -0.930235735, 37.846149591 -0.926564003, 37.842289039 -0.92582098, 37.844715235 -0.922465957, 37.839767472 -0.922690469, 37.840232872 -0.912785845, 37.835033334 -0.915398321, 37.834770114 -0.910848334, 37.838088968 -0.909953927, 37.838520037 -0.907638435, 37.833167908 -0.907935241, 37.830264863 -0.903565364, 37.826087684 -0.902442336, 37.821986801 -0.903010914, 37.820254893 -0.901897719, 37.820472334 -0.898994221, 37.824458774 -0.897150278, 37.825885499 -0.89389437, 37.824054407 -0.89260935, 37.823081638 -0.887190883, 37.821635838 -0.885598391, 37.823409708 -0.884812038, 37.82429855 -0.881194183, 37.827766179 -0.8782826379999999, 37.8257062 -0.875785429, 37.82926157 -0.874113192, 37.828090433 -0.868821254, 37.832584238 -0.8673753749999999, 37.833579894 -0.865593714, 37.830657776 -0.8632862690000001, 37.830940068 -0.8609526, 37.834892175 -0.859009067, 37.833133563 -0.856023561, 37.838252991 -0.853691381, 37.839752197 -0.850797299, 37.83875654 -0.8474230270000001, 37.843597489 -0.846990276, 37.846214424 -0.844214141, 37.844348999 -0.842974357, 37.842464499 -0.837772652, 37.85058234 -0.834672475, 37.847854774 -0.830257481, 37.849571423 -0.826893042, 37.849365424 -0.824369311, 37.8459512 -0.820352142, 37.847339776 -0.813297078, 37.856827122 -0.812458514, 37.861114929 -0.814485961, 37.867157532 -0.812117723, 37.871941261 -0.813991464, 37.879326664 -0.808403374, 37.885064085 -0.808404982, 37.885636301 -0.8045064750000001, 37.881581194 -0.800027829, 37.881428603 -0.7971150930000001, 37.885830851 -0.788622493, 37.885560002 -0.78491369, 37.894589573 -0.782310988, 37.892296891 -0.7705691569999999, 37.904958128 -0.760242328, 37.905763044 -0.756759942, 37.913873253 -0.742451704, 37.913186593 -0.73843525, 37.916513075 -0.731552307, 37.914372986 -0.726685252, 37.912496114 -0.710239726, 37.910508616 -0.709814128, 37.908784338 -0.71379381, 37.905991922 -0.711576956, 37.901631635 -0.712380951, 37.900216353 -0.711005698, 37.899564026 -0.7058766440000001, 37.904576637 -0.687135233, 37.902627286 -0.685253326, 37.90358098 -0.687442587, 37.897919854 -0.686889506, 37.895470768 -0.683116872, 37.896733458 -0.6797521949999999, 37.895890392 -0.676305628, 37.897805408 -0.67194606, 37.895470765 -0.66834537, 37.893403155 -0.654649873, 37.894208072 -0.647693922, 37.907830632 -0.641491601, 37.923707723 -0.626723314, 37.918923995 -0.6230135570000001, 37.90208939 -0.603887614, 37.902894307 -0.600025282, 37.88372506 -0.585258967, 37.888470637 -0.563333343, 37.888508784 -0.557480872, 37.886059697 -0.5481452999999999, 37.88303458 -0.542789769, 37.882920136 -0.53747095, 37.8931361 -0.512606364, 37.898839187 -0.504457234, 37.912000158 -0.476264058, 37.914525538 -0.468114272, 37.918847677 -0.464596155, 37.928758461 -0.452205015, 37.934038109 -0.442752984, 37.936563489 -0.435598149, 37.934911691 -0.432115315, 37.939210942 -0.430379128, 37.940527039 -0.428543023, 37.945867724 -0.430759967, 37.947271562 -0.430416436, 37.948133701 -0.428028442, 37.953363757 -0.428906607, 37.957720229 -0.423389262, 37.960928455 -0.421426746, 37.962210219 -0.416994466, 37.966349249 -0.414263149, 37.966417914 -0.402964912, 37.971060495 -0.400197448, 37.971136789 -0.384294837, 37.975661111 -0.380559451, 37.975035487 -0.37085314, 37.968874626 -0.366817971, 37.973753722 -0.361517656, 37.979262257 -0.35833413, 37.979678067 -0.356443581, 37.973227282 -0.349088582, 37.972918285 -0.346953705, 37.977675309 -0.339156687, 37.981360381 -0.329496058, 37.986781176 -0.327280364, 37.98694521 -0.321020621, 37.980563091 -0.314208422, 37.983065584 -0.311096892, 37.986239475 -0.300205925, 37.993296808 -0.291658163, 37.994654868 -0.284530088, 37.99427339 -0.278107459, 37.998816786 -0.26789497, 38.007258883 -0.268004215, 38.009219677 -0.269469821, 38.011138509 -0.268619637, 38.02263624 -0.270954439, 38.024932735 -0.26948916, 38.028232515 -0.27090059, 38.032959022 -0.276156741, 38.047630646 -0.278962198, 38.069622823 -0.277652264, 38.073689372 -0.276313753, 38.079453497 -0.277643979, 38.089677094 -0.277074864, 38.103971055 -0.282910767, 38.107782015 -0.278695517, 38.115411565 -0.279899243, 38.117643208 -0.276190439, 38.126337079 -0.270699972, 38.12969408 -0.264376874, 38.137666959 -0.25942006, 38.140390708 -0.247940476, 38.144716662 -0.242956231, 38.148020257 -0.24162663, 38.152754392 -0.243779952, 38.155317921 -0.241572811, 38.160975232 -0.240098608, 38.163382354 -0.237620051, 38.164652674 -0.234571503, 38.164381825 -0.226303099, 38.183566325 -0.191529799, 38.185797967 -0.174721664, 38.185050271 -0.16838009, 38.187251396 -0.155118128, 38.189570778 -0.153924101, 38.194480394 -0.153996648, 38.196414484 -0.149464464, 38.204398808 -0.148424396, 38.206569414 -0.146850394, 38.207992325 -0.131127696, 38.209518234 -0.129110379, 38.212688312 -0.128287238, 38.214527033 -0.117512943, 38.221878104 -0.107471534, 38.229854797 -0.102830871, 38.234817819 -0.09699598, 38.244156387 -0.09344089699999999, 38.250862761 -0.088212123, 38.25960241 -0.09138764100000001, 38.262139235 -0.09459018700000001, 38.272603162 -0.09717772700000001, 38.276875709 -0.089225847, 38.280206007 -0.08688283400000001, 38.288072073 -0.087624808, 38.290071014 -0.08009804199999999, 38.300729494 -0.071802438, 38.304269605 -0.06230349, 38.309415736 -0.056314657, 38.313154215 -0.056043298, 38.32170694 -0.062584157, 38.324812166 -0.066772822))",Kitui,Kitui,643232112,-79.69480000000001,2827.1692000000016,125185569537,0.0,0.0,0.0,0.0,0.0,39.99999999999999,48.333333333333336,0.16666666666666666,0.38069349381344064,-0.16666666666666666,-1.0,-0.4377975178854564,0,0,0,0,,,0.0,0.0,0.0,0.0,,0,0,0,0,,,0.0,0.0,0.0,0.0,,0,0,0,0,,,0.0,0.0,0.0,0.0,,0,0,0,0,39.99999999999999,48.333333333333336,0.16666666666666666,0.38069349381344064,-0.16666666666666666,-1.0,-0.4377975178854564,0,0,0,0,-2.11,35.06844684806494,40.233753493592914,13.019166666666672,22.546245164427994,-15.129166666666672,-1.1620687447993343,-0.671028215843962,0.0,0.0,0.0,0.0,-0.5002593769461329,0.0,0.0,0.0,0.0,-1.0940605742755998,-1.2966499398166385,-0.5002593769461329
65,26258568,2022-07-01,Kenya,Kenya_2022-07,54986000,841353,378609.0,0.45,3.0,0.3,0.25,0.3,0.15,0.0,0.25,0.25,0.35,0.15,0.0,,,,,,Garissa,"POLYGON ((39.598397398 0.708115053, 39.602776756 0.698732927, 39.611745285 0.687106587, 39.628625654 0.6702864039999999, 39.635198508 0.66707394, 39.638185475 0.662161168, 39.647718591 0.652606561, 39.658533468 0.623067528, 39.664263256 0.612608801, 39.674654697 0.6030270760000001, 39.675120098 0.598232252, 39.677527219 0.5928762990000001, 39.692271315 0.575522944, 39.698870872 0.570817875, 39.701941763 0.564457674, 39.712306501 0.5537814089999999, 39.715442243 0.547719801, 39.719470643 0.543295505, 39.724509958 0.540589934, 39.73093022 0.530176563, 39.733535709 0.5235450659999999, 39.764542183 0.508415539, 39.77246928 0.498888648, 39.780796929 0.492012317, 39.796712162 0.486220663, 39.800198863 0.480548149, 39.809873128 0.482862866, 39.820188274 0.480437173, 39.826597093 0.477514422, 39.832170476 0.478201244, 39.850920085 0.473784307, 39.864081051 0.465062036, 39.871046826 0.458846364, 39.876612579 0.456475563, 39.8859397 0.461277955, 39.899981879 0.461701346, 39.907157467 0.459637898, 39.939827179 0.428723051, 39.958695044 0.416644207, 39.97161568 0.410120406, 40.008329052 0.396646431, 40.022775597 0.39434697, 40.049314972 0.392525433, 40.057963061 0.389846772, 40.085871937 0.371733678, 40.122280126 0.34431189, 40.151241879 0.329926048, 40.174202995 0.313542052, 40.220956845 0.261264024, 40.237432847 0.246979981, 40.252833083 0.238611733, 40.271178324 0.231328729, 40.294913839 0.219133865, 40.309276457 0.207790213, 40.321052659 0.201294963, 40.338879091 0.196617297, 40.358548058 0.194779582, 40.368134581 0.195656123, 40.378861721 0.193792021, 40.392259202 0.18546983, 40.403776 0.180358699, 40.408922128 0.179951278, 40.422529422 0.186561762, 40.435511092 0.185511517, 40.450163633 0.182236223, 40.464419437 0.18190944, 40.473037008 0.183093528, 40.480998438 0.185616216, 40.490829107 0.192425702, 40.498431948 0.194270046, 40.501495211 0.192406659, 40.501270139 0.189530621, 40.504928506 0.188951465, 40.507736178 0.190723873, 40.510952031 0.196005382, 40.513832185 0.204280519, 40.520939106 0.209317417, 40.523876481 0.216959401, 40.526859634 0.220920414, 40.535450501 0.22544154, 40.546490452 0.223920953, 40.560944624 0.216358653, 40.56368363 0.213817012, 40.570889735 0.21276717, 40.577130703 0.214530072, 40.586621856 0.212096275, 40.595342426 0.22196216, 40.598546835 0.222820971, 40.603921849 0.221825558, 40.614294215 0.228760947, 40.622301422 0.227882781, 40.631170767 0.229066482, 40.644324102 0.226849268, 40.650912214 0.229941398, 40.660998472 0.238133631, 40.669593154 0.243115519, 40.680774252 0.254074739, 40.684623358 0.261191369, 40.685554162 0.267684413, 40.700408886 0.282431986, 40.705810604 0.292306454, 40.715420017 0.315907858, 40.736378376 0.3240251, 40.739762079 0.32654752, 40.746018306 0.336186393, 40.753125227 0.341918413, 40.769048087 0.349412068, 40.794580357 0.356370162, 40.811063987 0.359432402, 40.821142615 0.36355384, 40.848624234 0.371532811, 40.866374369 0.378961949, 40.885795374 0.388750593, 40.891925713 0.393161893, 40.922779592 0.423843989, 40.949524959 0.436658875, 40.959611217 0.443772257, 40.978620226 0.449879453, 40.994493493 0.460472092, 40.992486895 -0.118882529, 40.993593271 -0.832570842, 41.10793728 -0.986906804, 41.119442638 -1.012747888, 41.220694345 -1.138025753, 41.562314927 -1.590002546, 41.563352577 -1.661719074, 40.899036827 -1.71762199, 40.500122377 -1.905535448, 40.213343106 -2.039033969, 40.210203545 -2.033066661, 40.208513595 -2.022892127, 40.195020733 -2.003409637, 40.197332477 -1.98845608, 40.19684037 -1.984431347, 40.194089915 -1.977785085, 40.187940496 -1.968861897, 40.18530067 -1.961925983, 40.189134502 -1.933412655, 40.186815111 -1.916517716, 40.187249973 -1.872222761, 40.185388359 -1.862111401, 40.18066185 -1.852372776, 40.172723303 -1.842256293, 40.176179476 -1.818383476, 40.172742356 -1.799471937, 40.171597915 -1.780070373, 40.174306399 -1.76995603, 40.18321007 -1.751633563, 40.184865676 -1.739918863, 40.182511958 -1.733498243, 40.174127081 -1.719519373, 40.172334135 -1.713143452, 40.171857281 -1.69698885, 40.173802807 -1.679665865, 40.174180461 -1.659973931, 40.173127578 -1.646171352, 40.168332398 -1.622918487, 40.160134444 -1.604922987, 40.150952281 -1.594118847, 40.14033195 -1.584889438, 40.129082178 -1.567473959, 40.120838441 -1.536045274, 40.119388821 -1.522143044, 40.115558786 -1.513850293, 40.113418698 -1.512675474, 40.107044209 -1.502466252, 40.100334017 -1.488168642, 40.093269058 -1.487955042, 40.084991 -1.484702716, 40.052576883 -1.504655234, 40.046316839 -1.501211832, 40.045199109 -1.496101558, 40.050276572 -1.496379526, 40.051997033 -1.494053965, 40.049132137 -1.488564521, 40.050146864 -1.483516586, 40.047358264 -1.480460459, 40.045832353 -1.476354432, 40.049143573 -1.469206697, 40.043406154 -1.466052471, 40.047079779 -1.46203441, 40.048201316 -1.446086256, 40.044012693 -1.441302944, 40.046080299 -1.438859614, 40.045092272 -1.437702197, 40.038378271 -1.435425749, 40.035883402 -1.414169332, 40.026415128 -1.39464368, 40.022936055 -1.392519446, 40.023737156 -1.391062602, 40.028520881 -1.389296676, 40.028684915 -1.387496422, 40.024606921 -1.38184463, 40.023287007 -1.373161144, 40.018564319 -1.375967434, 40.016126678 -1.374186372, 40.018220986 -1.366930763, 40.01483728 -1.360808137, 40.020994319 -1.347209619, 40.025758968 -1.341961072, 40.018278197 -1.337197071, 40.018228601 -1.328106045, 40.013334245 -1.321350833, 40.012838323 -1.315733488, 40.011201784 -1.312323936, 40.011362004 -1.310813215, 40.018327778 -1.305907482, 40.013196906 -1.298175319, 40.01336094 -1.296664598, 40.019807905 -1.292564289, 40.020429712 -1.29082721, 40.01881606 -1.282026313, 40.026006906 -1.276821987, 40.026289198 -1.275257031, 40.022794865 -1.271160659, 40.022844456 -1.269251934, 40.017812771 -1.268765487, 40.015432352 -1.266694892, 40.021612281 -1.257203356, 40.022157791 -1.25204707, 40.018915234 -1.249804948, 40.010835545 -1.251418182, 40.009443153 -1.25032418, 40.014150581 -1.245491873, 40.009771219 -1.238618773, 40.014612162 -1.226938635, 40.011827377 -1.224868279, 40.005182043 -1.224454662, 40.003316618 -1.221560644, 40.005368964 -1.216856, 40.003385282 -1.214088689, 39.997216794 -1.215637794, 39.993909386 -1.213974619, 39.995126295 -1.204693113, 39.986703274 -1.197794148, 39.983525565 -1.187962303, 39.976884043 -1.17890966, 39.976353786 -1.168018498, 39.969811447 -1.155663938, 39.967484435 -1.153358045, 39.958855417 -1.149823933, 39.957710983 -1.142117157, 39.954243354 -1.14191023, 39.950329398 -1.143847444, 39.947487391 -1.14253662, 39.946259034 -1.140049425, 39.946262843 -1.12168595, 39.943409391 -1.116024024, 39.939869274 -1.088289882, 39.93473459 -1.089250384, 39.932464799 -1.086546249, 39.93057267 -1.079834661, 39.927425481 -1.075222158, 39.930977033 -1.070851746, 39.931080031 -1.068762078, 39.922195423 -1.061636515, 39.921955092 -1.060071559, 39.925396016 -1.056171623, 39.926590039 -1.052742759, 39.921810127 -1.046050125, 39.912750039 -1.038173612, 39.910121656 -1.024985018, 39.912730959 -1.017548344, 39.911857376 -1.016282218, 39.904231644 -1.016040009, 39.899341104 -1.01027903, 39.89797923 -1.011165867, 39.898734554 -1.006461699, 39.904224011 -1.002118046, 39.900767826 -0.997704425, 39.901416336 -0.993705853, 39.898093668 -0.991074309, 39.898307295 -0.989454998, 39.900405419 -0.986252075, 39.905494327 -0.987055829, 39.906516685 -0.9858252240000001, 39.902606542 -0.981827904, 39.897033158 -0.979287429, 39.892318099 -0.980727049, 39.891616178 -0.969681822, 39.894534478 -0.962932565, 39.892112097 -0.963023693, 39.888819949 -0.967746635, 39.884932696 -0.9706876800000001, 39.882147911 -0.969566678, 39.883582265 -0.964165736, 39.882079243 -0.958684096, 39.884226959 -0.9550741109999999, 39.890551852 -0.952973772, 39.891608543 -0.949490673, 39.89047937 -0.946605236, 39.886859149 -0.943177685, 39.886008454 -0.939369413, 39.874220805 -0.938413504, 39.873423516 -0.934252405, 39.877554914 -0.927258672, 39.872561375 -0.924654544, 39.87162294 -0.9185938380000001, 39.866534031 -0.912633558, 39.865145453 -0.90779416, 39.868960224 -0.903116334, 39.863959056 -0.89970708, 39.863589023 -0.89785265, 39.864786861 -0.896567809, 39.869292108 -0.896919563, 39.872538479 -0.893580694, 39.872969548 -0.890857664, 39.871252899 -0.887176279, 39.864722006 -0.881406299, 39.869795652 -0.871390884, 39.871683962 -0.860317822, 39.870745528 -0.858933988, 39.866057172 -0.857668578, 39.863356311 -0.853996371, 39.861464184 -0.854593854, 39.859713205 -0.862835416, 39.856669017 -0.864202087, 39.854448818 -0.861859599, 39.856344759 -0.856223358, 39.851973028 -0.852623863, 39.850656931 -0.848761415, 39.853292939 -0.846942505, 39.859682684 -0.8506229360000001, 39.860991151 -0.848985267, 39.85753115 -0.839650299, 39.859163871 -0.831182617, 39.858507729 -0.829518189, 39.849760453 -0.8218126650000001, 39.85549024 -0.813407442, 39.854261883 -0.812032667, 39.850565368 -0.811961029, 39.841356506 -0.813980313, 39.839079086 -0.8115835300000001, 39.842188123 -0.796728776, 39.848184945 -0.7915078209999999, 39.844766909 -0.79027823, 39.837843095 -0.79041531, 39.840124329 -0.788017572, 39.836027263 -0.787891759, 39.825765523 -0.784139571, 39.82285485 -0.781688613, 39.823251586 -0.776532086, 39.828184085 -0.764671358, 39.82985877 -0.764824767, 39.831342717 -0.763123804, 39.829740511 -0.759496535, 39.830091469 -0.755326077, 39.835569483 -0.754972235, 39.837236539 -0.754085339, 39.837610386 -0.7518236659999999, 39.835435965 -0.748784523, 39.82973288 -0.749138424, 39.823057026 -0.746335294, 39.821599782 -0.744553456, 39.820241722 -0.737334676, 39.821546374 -0.735642773, 39.824853782 -0.737107662, 39.826631464 -0.7218099650000001, 39.824170935 -0.718942706, 39.826368243 -0.714174825, 39.824849963 -0.713098582, 39.819776315 -0.713334715, 39.819291838 -0.7114260489999999, 39.822381803 -0.704269788, 39.82092456 -0.7033020760000001, 39.817785002 -0.705944171, 39.815820394 -0.705971646, 39.811887362 -0.7003545370000001, 39.810315673 -0.6899514289999999, 39.814077038 -0.681230091, 39.813310268 -0.679737548, 39.805474725 -0.680869637, 39.805188615 -0.6714975949999999, 39.802850159 -0.669218282, 39.798199951 -0.670892664, 39.794099069 -0.6704862579999999, 39.796372673 -0.663103996, 39.795804271 -0.659060306, 39.78476813 -0.643809694, 39.783341404 -0.640064716, 39.783459661 -0.635722374, 39.789776924 -0.628647108, 39.790848874 -0.62197968, 39.789620517 -0.62054149, 39.777462835 -0.61705136, 39.773033883 -0.613695744, 39.769856176 -0.6087025190000001, 39.768238712 -0.608775111, 39.764713862 -0.612701809, 39.763203212 -0.612141159, 39.760498537 -0.608007296, 39.755211261 -0.604832683, 39.75320469 -0.601331942, 39.752971988 -0.596591596, 39.751118008 -0.595859122, 39.744266677 -0.601613609, 39.736244209 -0.601316211, 39.727783041 -0.598413371, 39.718135481 -0.602114724, 39.713206793 -0.599980357, 39.710181678 -0.597881927, 39.713622602 -0.5915307319999999, 39.712440022 -0.5895768300000001, 39.706023574 -0.592897761, 39.705886241 -0.5863661, 39.699202758 -0.582630718, 39.701567916 -0.572941428, 39.700579888 -0.558656917, 39.696597264 -0.558476451, 39.690154113 -0.564402823, 39.687708844 -0.562810868, 39.687743176 -0.556451091, 39.68506139 -0.553999714, 39.676951182 -0.556126634, 39.675841082 -0.545605458, 39.681818831 -0.543858782, 39.683497331 -0.539434729, 39.66278311 -0.525351308, 39.656027146 -0.518222403, 39.654112129 -0.514469021, 39.654081609 -0.502961596, 39.645303815 -0.497579635, 39.643354466 -0.493961126, 39.644144121 -0.473877248, 39.643049281 -0.469489699, 39.643949567 -0.467806914, 39.642072698 -0.465283034, 39.634263857 -0.463420111, 39.633149943 -0.462162716, 39.633523791 -0.45983766, 39.630456713 -0.459068949, 39.627996184 -0.46089662, 39.626603792 -0.459983023, 39.625291508 -0.443056594, 39.627446854 -0.435221913, 39.626752565 -0.430363828, 39.628286102 -0.415137975, 39.625333467 -0.414360175, 39.619756269 -0.415826198, 39.617372035 -0.414234153, 39.618833093 -0.411266705, 39.618833093 -0.406752329, 39.617162222 -0.402093366, 39.612683678 -0.399144454, 39.614255364 -0.395996033, 39.611550689 -0.391581397, 39.611829167 -0.386370424, 39.607770248 -0.380173621, 39.610436774 -0.376844227, 39.610783918 -0.371913669, 39.609383896 -0.368973548, 39.610299441 -0.363925371, 39.609597522 -0.362242705, 39.604764204 -0.361329317, 39.605607269 -0.358389046, 39.601754348 -0.35298834, 39.601411017 -0.347876898, 39.598816972 -0.34675527, 39.59489157 -0.349487658, 39.59362888 -0.348365911, 39.592228858 -0.342087486, 39.582981847 -0.336017629, 39.576088551 -0.333964405, 39.572521737 -0.325795282, 39.569321142 -0.323470404, 39.570396908 -0.317146564, 39.565613182 -0.313220493, 39.56353413 -0.303884207, 39.557316048 -0.295688027, 39.553749235 -0.296258184, 39.551250559 -0.299469959, 39.548713735 -0.299388665, 39.543209016 -0.2931013, 39.539970274 -0.292278205, 39.537013825 -0.295779513, 39.534610518 -0.301886293, 39.530666042 -0.304365355, 39.526622383 -0.303958441, 39.526027278 -0.302520013, 39.531436625 -0.288107955, 39.529369018 -0.284263117, 39.524261036 -0.281956357, 39.523421786 -0.274972157, 39.519210275 -0.270276986, 39.515490871 -0.259167473, 39.512423793 -0.253884147, 39.510508776 -0.252816694, 39.504576804 -0.253414028, 39.502562603 -0.249451511, 39.491267059 -0.245842195, 39.489172748 -0.244132381, 39.487334027 -0.240341763, 39.484072396 -0.237899177, 39.485480047 -0.23082437, 39.48289363 -0.227214695, 39.476194888 -0.222157638, 39.471975748 -0.221171642, 39.465147303 -0.214838937, 39.461050237 -0.214839056, 39.45669758 -0.212758371, 39.448831517 -0.201992611, 39.439325101 -0.193669558, 39.437066755 -0.193181082, 39.425858951 -0.195642175, 39.420140605 -0.195316615, 39.41534925 -0.199197943, 39.411187332 -0.193760731, 39.402684202 -0.196067954, 39.397297742 -0.194349126, 39.393322747 -0.185844935, 39.386345526 -0.18136675, 39.38029148 -0.172717822, 39.374977501 -0.169406665, 39.367202992 -0.170320575, 39.36545964 -0.155962796, 39.363914657 -0.155818059, 39.358856268 -0.169244123, 39.35300059 -0.171117001, 39.349117151 -0.169606189, 39.347362354 -0.150028153, 39.338302267 -0.149340706, 39.339526809 -0.146264653, 39.32324917 -0.144808285, 39.269960598 -0.147423623, 39.267641216 -0.1464737, 39.240438065 -0.146663987, 39.239045673 -0.145994508, 39.239198263 -0.144483622, 39.237294691 -0.144393165, 39.216408806 -0.147451339, 39.183029536 -0.146917852, 39.178779878 -0.14361562, 39.168327398 -0.142086705, 39.145999527 -0.144755815, 39.143950994 -0.142294961, 39.144580431 -0.124598428, 39.143523738 -0.122761831, 39.133570994 -0.12457134, 39.131198204 -0.119287722, 39.130545878 -0.113461259, 39.123580101 -0.109914744, 39.117838866 -0.102767381, 39.11245622 -0.100822232, 39.109915581 -0.091838251, 39.098970994 -0.083433321, 39.096888128 -0.078312542, 39.087263453 -0.069717602, 39.081846474 -0.061014084, 39.079210466 -0.053595279, 39.07508288 -0.050872039, 39.059644491 -0.055649045, 39.045766343 -0.056128563, 39.037530247 -0.047976922, 39.032139971 -0.045561284, 39.029446741 -0.046348405, 39.017334834 -0.058535171, 39.011036642 -0.057639487, 39.008846962 -0.053332954, 39.001583632 -0.053902936, 38.990776378 -0.056834271, 38.98786952 -0.06687681199999999, 38.981006743 -0.082772978, 38.933623436 -0.101609469, 38.914915784 -0.09658816200000001, 38.900991859 -0.09072546200000001, 38.878339731 -0.086753624, 38.85776284 -0.08068281099999999, 38.822224405 -0.082772594, 38.808300479 -0.07273004600000001, 38.79562017 -0.07566131099999999, 38.776916333 -0.06980764, 38.771289541 -0.073779367, 38.760482286 -0.064931092, 38.764617501 -0.058344707, 38.765243124 -0.056580493, 38.76420169 -0.054653425, 38.752761182 -0.048908373, 38.754557941 -0.040313492, 38.751151348 -0.036377927, 38.751307753 -0.028778238, 38.749133332 -0.0205, 38.742785548 -0.015632574, 38.741778447 -0.005843454, 38.737639417 0.001837654, 38.73927977 0.004135654, 38.739516286 0.007302189, 38.738108635 0.022022049, 38.735278072 0.026292341, 38.732462769 0.036886649, 38.732508546 0.042396418, 38.730379903 0.047906176, 38.73144041 0.05730626, 38.728823475 0.065493993, 38.730833861 0.073772225, 38.728396221 0.083398466, 38.732512362 0.093884248, 38.730601161 0.103184794, 38.731219154 0.110386394, 38.730223498 0.116267087, 38.733504204 0.125974815, 38.733153246 0.136596261, 38.736052474 0.145770203, 38.753325772 0.165077234, 38.756476776 0.170125638, 38.757384693 0.175499722, 38.755809191 0.188428227, 38.707292907 0.373479241, 38.688673003 0.451402136, 38.678727889 0.475087236, 38.677503349 0.491308802, 38.675046635 0.496221306, 38.665784363 0.49942352, 38.661698741 0.506977735, 38.680341543 0.505766376, 38.696058413 0.50818271, 38.701891202 0.5048807870000001, 38.705278722 0.504528078, 38.710070079 0.510209979, 38.72263213 0.509360091, 38.723509528 0.510481988, 38.721491514 0.519610519, 38.72374986 0.522270496, 38.735728251 0.516580309, 38.738017115 0.516598486, 38.745417778 0.521212903, 38.75221952 0.521493675, 38.755092045 0.519521473, 38.756236476 0.514337405, 38.765342341 0.509063221, 38.766975065 0.509805172, 38.76883286 0.514184113, 38.77576812 0.515677135, 38.784069069 0.522444816, 38.793407638 0.537698845, 38.801475886 0.541182305, 38.803200165 0.546122195, 38.808411147 0.54946077, 38.8104902 0.557512937, 38.815704996 0.562461945, 38.816059771 0.565574222, 38.821610268 0.570812823, 38.825192342 0.577191262, 38.83274941 0.582312273, 38.838273203 0.583126637, 38.841935388 0.598633846, 38.843304893 0.600461399, 38.858014662 0.605754532, 38.891378676 0.604162987, 38.894529679 0.605809656, 38.902834442 0.605601713, 38.9241514 0.608216749, 38.934199515 0.610885844, 38.939624124 0.614631482, 38.946479272 0.6133196990000001, 38.953345866 0.615074958, 38.962924763 0.612749868, 38.980098875 0.614052766, 38.992477817 0.619544544, 39.012928821 0.62471055, 39.013825293 0.62647475, 39.012402383 0.631486994, 39.013596408 0.636833947, 39.016304898 0.639077683, 39.022229242 0.639855751, 39.025128471 0.642977027, 39.023423269 0.653245753, 39.026993899 0.662121165, 39.028706732 0.663659245, 39.034718816 0.663894423, 39.040662235 0.668571837, 39.047803492 0.674714917, 39.049520142 0.6814280069999999, 39.051351233 0.682975086, 39.057817275 0.684693989, 39.061143758 0.682079246, 39.067487726 0.681237762, 39.072698707 0.677564476, 39.086931627 0.674687197, 39.090330592 0.6781341829999999, 39.096361749 0.678070708, 39.098108916 0.6814362819999999, 39.097902919 0.6848290339999999, 39.100649556 0.687479832, 39.118903249 0.689605558, 39.125651584 0.6872439930000001, 39.132773766 0.686863808, 39.136653392 0.689894552, 39.141612598 0.690563911, 39.148318973 0.704758921, 39.154456944 0.705934874, 39.156734364 0.708784675, 39.164043471 0.711960067, 39.167160142 0.716691657, 39.173778775 0.718690855, 39.176372822 0.720871177, 39.176895449 0.738947594, 39.180580523 0.750193213, 39.183487381 0.753251075, 39.189293469 0.767093198, 39.20538419 0.794514669, 39.214806683 0.801661521, 39.225274425 0.815068985, 39.236348718 0.841866333, 39.241307928 0.859300032, 39.243871457 0.862231187, 39.248163078 0.864954101, 39.272539482 0.869530311, 39.27805946 0.871728393, 39.280825172 0.875193259, 39.285021427 0.891785535, 39.311347186 0.920915301, 39.337180837 0.935352222, 39.349460595 0.945266688, 39.362488049 0.952638766, 39.371605358 0.954990017, 39.401391113 0.968159199, 39.455625752 0.986879635, 39.460958806 0.99062438, 39.465788311 0.996124265, 39.463217152 0.988235638, 39.481859946 0.973504464, 39.487383736 0.966691245, 39.492674824 0.957109756, 39.49510483 0.939757288, 39.506335517 0.9162606639999999, 39.513636991 0.904154786, 39.546489799 0.815870228, 39.552368358 0.785806597, 39.559246392 0.772850476, 39.563209938 0.757479333, 39.56853536 0.7469208939999999, 39.57800744 0.737239518, 39.584206444 0.72204902, 39.598397398 0.708115053))",Garissa,Garissa,1714713402,-111.93959999999987,7930.9711,335591695687,0.0,12.0,0.0,0.0,12.0,59.375,54.58060374274144,4.5,5.72497705836806,7.5,1.6666666666666667,1.3100489178445585,0,0,1,0,,,0.0,0.0,0.0,0.0,,0,0,0,0,,,0.0,0.0,0.0,0.0,,0,0,0,0,,,0.0,0.0,0.0,0.0,,0,0,0,0,59.375,54.580603742741424,4.5,5.72497705836806,7.5,1.6666666666666667,1.3100489178445585,0,0,1,0,-14.280000000000001,33.479132494988164,35.36078631697321,34.39750000000004,58.429166293315184,-48.677500000000045,-1.4151464495966273,-0.8331027650752084,0.0,0.0,0.0,0.0,-0.5641960770873828,0.0,0.0,0.0,0.0,-1.265584316128044,-1.5797988150280844,-0.5641960770873828
66,26258568,2022-07-01,Kenya,Kenya_2022-07,54986000,459785,206904.0,0.45,3.0,0.1,0.45,0.35,0.1,0.0,0.1,0.35,0.35,0.2,0.0,,,,,,Marsabit,"POLYGON ((36.641506825 4.445211417, 36.648533641 4.444113345, 36.668858772 4.445615233, 36.700784635 4.445281917, 36.706007066 4.447512844, 36.765052176 4.449195395, 36.790126706 4.453547094, 36.822991004 4.454268928, 36.838917689 4.448575477, 36.864556786 4.43650867, 36.906015763 4.42669185, 36.917002311 4.419454059, 36.941542753 4.408239767, 36.94351499 4.406355463, 36.943545503 4.400930944, 36.950511285 4.401619431, 36.966418898 4.399158664, 36.971561213 4.396198226, 36.983490007 4.385860301, 36.988800173 4.383885402, 36.99576214 4.384862351, 37.003578609 4.378346436, 37.007198833 4.379468335, 37.010288805 4.382668116, 37.015591353 4.39118132, 37.026829672 4.380551119, 37.031548551 4.381277752, 37.03325375 4.375694935, 37.039380276 4.372057921, 37.038647836 4.369226225, 37.051591354 4.353355548, 37.060784967 4.356543879, 37.072622212 4.35144786, 37.078538923 4.345549876, 37.098661831 4.313131478, 37.11209746 4.301989197, 37.117296997 4.299497451, 37.123164124 4.300633174, 37.132815501 4.295457534, 37.174118049 4.266369065, 37.189895953 4.257897799, 37.22620878 4.23527661, 37.241929463 4.227264499, 37.31157959 4.180315197, 37.336791426 4.164697215, 37.373764205 4.138901995, 37.39081243 4.13106916, 37.40290526 4.122620309, 37.413247112 4.118137455, 37.451764877 4.094880701, 37.58511026 4.000499138, 37.603550874 3.98981363, 37.619073182 3.977358733, 37.63694158 3.966779552, 37.682787517 3.933018254, 37.710181401 3.915487608, 37.725413787 3.903707619, 37.77649741 3.87036304, 37.783676814 3.867126299, 37.809499012 3.85105394, 37.837388814 3.83109378, 37.843980744 3.828769153, 37.877970367 3.804392422, 37.913138758 3.782746782, 37.921340518 3.776000104, 37.973763129 3.746683986, 37.999158078 3.737523272, 38.006997427 3.723212935, 38.012624213 3.715675255, 38.028562327 3.698650986, 38.041395218 3.686018969, 38.048807323 3.682607722, 38.070471416 3.667967431, 38.095721393 3.64794792, 38.130332808 3.606949601, 38.137710585 3.609851376, 38.147506926 3.608684647, 38.173485549 3.615837044, 38.189309237 3.617651477, 38.233709399 3.615238846, 38.245279609 3.612760925, 38.297591614 3.611029867, 38.331051 3.608522364, 38.346867057 3.608732855, 38.366577996 3.60738088, 38.374535614 3.605133732, 38.445005942 3.601090671, 38.466799754 3.606567848, 38.498351766 3.618645068, 38.520778831 3.625053427, 38.522655714 3.639176132, 38.516658895 3.646012204, 38.516727564 3.649857089, 38.519542871 3.653296457, 38.522575615 3.651289618, 38.524757667 3.65243059, 38.530254756 3.651049544, 38.536617801 3.652011713, 38.539478881 3.6513256, 38.542160663 3.646378598, 38.551251264 3.63936277, 38.551976065 3.632759141, 38.556599566 3.626727187, 38.559990886 3.611512376, 38.565777899 3.611442758, 38.567662395 3.608919551, 38.575272866 3.604834115, 38.603464049 3.604792607, 38.612192258 3.610296735, 38.614652787 3.609492615, 38.61504189 3.605240784, 38.617212495 3.602771931, 38.651232647 3.596868923, 38.665602898 3.591799135, 38.669062905 3.599779747, 38.67648265 3.608376854, 38.67336599 3.620272446, 38.682601562 3.623532532, 38.684604318 3.6231263, 38.689353709 3.619907205, 38.690654542 3.614389003, 38.692596261 3.612661806, 38.696296583 3.603534731, 38.703083057 3.593069762, 38.707710374 3.588529704, 38.715221647 3.569922485, 38.730446406 3.564101028, 38.844840011 3.531006497, 38.905582641 3.510658925, 38.959802029 3.514154983, 38.958669045 3.519094592, 38.959657076 3.523916669, 38.965974346 3.528440505, 38.968839242 3.528558033, 38.971414212 3.526486351, 38.976575603 3.527572249, 38.979604532 3.525726807, 38.981542434 3.522279807, 38.989900601 3.519511521, 39.000669707 3.518181727, 39.002416878 3.523429105, 39.006319392 3.523040036, 39.009016435 3.52102247, 39.014467739 3.512273971, 39.019518496 3.508256959, 39.022955612 3.512463728, 39.023524021 3.521338811, 39.028803669 3.52233388, 39.033446248 3.521130442, 39.036086074 3.523383063, 39.043540143 3.52461319, 39.047156547 3.522948215, 39.054786089 3.515818913, 39.056964326 3.516859042, 39.060691365 3.52187994, 39.070594521 3.524837736, 39.07571395 3.52773236, 39.080470982 3.536959792, 39.0855103 3.539483469, 39.089645515 3.539057925, 39.09532952 3.530363065, 39.101009715 3.526228045, 39.102901839 3.522889517, 39.106689907 3.519903577, 39.122406771 3.515097696, 39.129692985 3.509985243, 39.140076799 3.509314142, 39.150800126 3.506915133, 39.150060054 3.501088923, 39.151494407 3.498844881, 39.162335992 3.496165276, 39.164918592 3.493631579, 39.173524718 3.489676548, 39.180406568 3.488128146, 39.189867208 3.488904361, 39.192686315 3.477206166, 39.228186602 3.478609344, 39.234381791 3.475106794, 39.240405318 3.474200638, 39.257899871 3.474295504, 39.263465622 3.470439887, 39.268283681 3.469759972, 39.28060922 3.475320356, 39.291965803 3.477126211, 39.295692837 3.476555006, 39.298504323 3.474319545, 39.302174136 3.474788947, 39.304928403 3.475882715, 39.307793304 3.482060797, 39.316220146 3.489394867, 39.319600042 3.496549905, 39.325028468 3.499967812, 39.322014778 3.479631508, 39.316986896 3.468595829, 39.307716986 3.457471231, 39.302044409 3.448281469, 39.298206739 3.439443819, 39.297005077 3.430750159, 39.302368638 3.418535116, 39.308674452 3.41058096, 39.310024877 3.405875935, 39.31818464 3.362610979, 39.322254967 3.321790085, 39.327629957 3.291327346, 39.331311205 3.281175403, 39.339844841 3.266453129, 39.341202895 3.261106099, 39.346688458 3.164935402, 39.34482303 3.160475932, 39.345967443 3.136971801, 39.344792435 3.066867553, 39.343033822 3.064153871, 39.330590024 3.055825688, 39.283866654 3.028300064, 39.263434707 3.005352852, 39.244189159 2.986973819, 39.233561198 2.984578644, 39.207468136 2.973039968, 39.202341077 2.968761683, 39.196351875 2.959380969, 39.188462921 2.95786238, 39.162984046 2.956952674, 39.150174034 2.954511728, 39.147240471 2.952304642, 39.13935151 2.940797897, 39.12685812 2.934556888, 39.119075969 2.918318184, 39.111972835 2.885188273, 39.066947057 2.882713023, 39.070094188 2.806020186, 39.065970394 2.773188513, 39.064356719 2.738510925, 39.061423155 2.733770386, 39.051844251 2.725682747, 39.049948305 2.720733847, 39.048040906 2.703888181, 39.036672869 2.688834081, 39.031961613 2.674005978, 39.015554242 2.63337561, 38.991818683 2.581028713, 38.984242534 2.569819015, 38.975930137 2.563332217, 38.956066606 2.558156614, 38.945495864 2.553424663, 38.918677999 2.549324716, 38.912860466 2.545569716, 38.900935482 2.544284283, 38.895568093 2.541397766, 38.889292789 2.539958801, 38.892569678 2.537443941, 38.895056906 2.529980181, 38.897994263 2.500975274, 38.904178002 2.486002697, 38.904311514 2.478276463, 38.919051773 2.434932401, 38.93550487 2.397767372, 38.935096682 2.387281685, 38.938976292 2.361732596, 38.938331592 2.357344647, 38.933734783 2.346867785, 38.932796343 2.337404349, 38.933048113 2.330030945, 38.938110308 2.311927733, 38.937816567 2.307205074, 38.93058756 2.290295528, 38.928230023 2.279257715, 38.93192271 2.255328065, 38.934192496 2.246706171, 38.937061203 2.241259974, 38.938217069 2.22369936, 38.940784403 2.208337248, 38.940227429 2.178888458, 38.93785081 2.153501966, 38.943607297 2.140718364, 38.950847725 2.117512491, 38.957493053 2.102024029, 38.961681672 2.096867246, 38.962501847 2.09369155, 38.38692091 1.760497877, 38.342913591 1.575098349, 38.222179751 1.479037528, 37.947569295 1.264176954, 37.952955798 1.385302212, 37.853420715 1.456217418, 37.85110896 1.452444301, 37.850220114 1.444366199, 37.846725778 1.438792465, 37.843971505 1.423079086, 37.832550068 1.4227296, 37.827606118 1.418349046, 37.818278994 1.420668896, 37.811095771 1.416033973, 37.801215503 1.416444974, 37.794554904 1.411412285, 37.788107935 1.412847083, 37.783873536 1.416779572, 37.781985222 1.416290142, 37.779127953 1.409866521, 37.773863563 1.408534119, 37.764696659 1.412011627, 37.760397408 1.411448534, 37.756979368 1.408868716, 37.748918749 1.410854332, 37.72518703 1.402583256, 37.721391329 1.403006294, 37.717458296 1.405789944, 37.711778096 1.405316489, 37.685177666 1.396962094, 37.679997201 1.398225484, 37.675655988 1.401289252, 37.67324505 1.401152174, 37.666588265 1.395658185, 37.661770204 1.395429206, 37.660351107 1.39386365, 37.657364138 1.394178574, 37.654739574 1.397722593, 37.650604358 1.397964449, 37.644050573 1.393510589, 37.641170416 1.389438759, 37.633464568 1.385210423, 37.630923927 1.381545896, 37.623065489 1.380709123, 37.622783194 1.37540883, 37.621303061 1.374060335, 37.61733188 1.375170435, 37.608054346 1.37282246, 37.604567643 1.376646239, 37.599204073 1.389097508, 37.595736439 1.38104575, 37.590166865 1.375796595, 37.587763553 1.364995994, 37.579569415 1.363399329, 37.581469175 1.36797692, 37.579363422 1.376721701, 37.572843972 1.379530623, 37.568743091 1.387152671, 37.562345714 1.389328409, 37.556863884 1.395936553, 37.501889194 1.498616563, 37.471065829 1.551584234, 37.458614408 1.566877447, 37.453922237 1.575239722, 37.443412535 1.5860122, 37.351274327 1.739896853, 37.306527019 1.762438089, 37.267765136 1.875965476, 37.249732693 1.878379977, 37.244998557 1.880238051, 37.24284321 1.881773095, 37.237147755 1.892175702, 37.23081523 1.898318499, 37.222678316 1.902831491, 37.216578492 1.909146054, 37.207648105 1.914245862, 37.191378093 1.92711458, 37.18689955 1.93473282, 37.179052566 1.954735706, 37.173734769 1.955968701, 37.154248899 1.964628032, 37.132558085 1.967741518, 37.120427101 1.973578216, 37.113270582 1.974320471, 37.10152489 1.979171752, 37.085891939 1.98069083, 37.014998145 1.980254121, 37.009169168 1.981612395, 37.003519486 1.984923862, 36.994158025 1.98223617, 36.985815116 1.993410474, 36.984457059 2.000741563, 36.981946937 2.000910112, 36.970056284 2.007975036, 36.947781815 2.024140085, 36.942532684 2.025381186, 36.921467487 2.017524321, 36.915890285 2.017833526, 36.913803603 2.019150913, 36.913040652 2.026898126, 36.919060386 2.061543043, 36.91616498 2.079829585, 36.917568828 2.098700439, 36.916550284 2.101221734, 36.913387835 2.101344034, 36.909676059 2.10347269, 36.912899555 2.123186756, 36.912476117 2.127851486, 36.900764769 2.15439828, 36.893501456 2.192848992, 36.862491177 2.255910242, 36.841376402 2.274737963, 36.755711928 2.508838776, 36.753739694 2.516980543, 36.744012014 2.515019965, 36.739525837 2.515572574, 36.728386689 2.512380195, 36.723900512 2.512878449, 36.711918298 2.508509099, 36.705028812 2.508506005, 36.703033685 2.511006562, 36.698925173 2.512771186, 36.695827574 2.512602879, 36.694126202 2.541970405, 36.694915871 2.558134977, 36.703453353 2.57851728, 36.69962333 2.596463403, 36.699753051 2.625897444, 36.692543143 2.65452213, 36.696270187 2.666344283, 36.696140488 2.671135128, 36.694667991 2.681211735, 36.688701685 2.688450216, 36.693382422 2.69792391, 36.690052125 2.701623849, 36.687221567 2.710468416, 36.692329555 2.714410562, 36.699585259 2.71324932, 36.704353731 2.716901336, 36.7061772 2.725646487, 36.703468722 2.745221586, 36.705460039 2.750333076, 36.70689822 2.765233427, 36.70591783 2.777109939, 36.701210399 2.780725724, 36.703434422 2.79311479, 36.69981421 2.808403018, 36.695576001 2.819070617, 36.696373293 2.823528898, 36.699001674 2.824203085, 36.701607165 2.822861379, 36.705025206 2.824757356, 36.70814952 2.842292005, 36.701187565 2.858278504, 36.678878771 2.882984184, 36.667602295 2.887833208, 36.666255681 2.889538947, 36.657447363 2.891021313, 36.619631482 2.885129809, 36.57702425 2.892153046, 36.567731457 2.895188098, 36.524803774 2.889102066, 36.517582418 2.910977714, 36.466704769 2.944594737, 36.457534054 2.954895209, 36.449751911 2.956739224, 36.446631427 2.961820442, 36.447028167 2.965924703, 36.440974124 2.975237728, 36.43361542 2.97570857, 36.41880266 2.998151137, 36.414167707 2.999866415, 36.404821516 3.014620879, 36.3978977 3.019674447, 36.39505188 3.024529903, 36.400121721 3.027506538, 36.401666704 3.026227054, 36.403562649 3.027026878, 36.405706556 3.030701306, 36.405489115 3.032951308, 36.403223142 3.038901726, 36.397455205 3.045684156, 36.397859581 3.057850087, 36.395914054 3.070028179, 36.394384332 3.074760144, 36.386400013 3.084871806, 36.391958141 3.082960325, 36.393178871 3.085783196, 36.378545417 3.122765192, 36.36945481 3.131002569, 36.364281981 3.141228899, 36.355645333 3.148717229, 36.342900182 3.172190634, 36.338673414 3.17717745, 36.334263534 3.179099896, 36.329464549 3.184717752, 36.322754358 3.186137179, 36.313377635 3.183130271, 36.308994454 3.179467764, 36.304687571 3.179890209, 36.303203624 3.181684633, 36.313373822 3.185696865, 36.303077737 3.182154277, 36.299640631 3.19254677, 36.298057512 3.2090444, 36.299129479 3.227898355, 36.297370871 3.232113951, 36.29182419 3.237449068, 36.291614379 3.240683654, 36.288932594 3.244553335, 36.286914586 3.254488342, 36.279433815 3.262998924, 36.270442391 3.267773093, 36.268863078 3.274013166, 36.252211587 3.285922837, 36.245318295 3.297027907, 36.235922503 3.301348166, 36.230219419 3.309681856, 36.220884664 3.314625765, 36.214525438 3.323165194, 36.224211158 3.325334132, 36.228487527 3.330677824, 36.235861494 3.335018096, 36.252688474 3.334929874, 36.256049297 3.340677652, 36.254588243 3.347550435, 36.254199147 3.361339387, 36.257624823 3.368813406, 36.256919105 3.388194942, 36.253848215 3.394087194, 36.254206807 3.397205919, 36.248206168 3.402999239, 36.237662129 3.407839685, 36.236304072 3.411594935, 36.237032701 3.419784152, 36.231882755 3.423329614, 36.230868028 3.426850757, 36.233031012 3.434682613, 36.232756351 3.437040372, 36.229391722 3.44184696, 36.230520902 3.449278308, 36.22812141 3.452117872, 36.229239143 3.457018861, 36.222651027 3.460686385, 36.218893477 3.46716343, 36.218965961 3.47044379, 36.220869536 3.472112099, 36.221247204 3.478050122, 36.217989388 3.481637064, 36.217485839 3.484002929, 36.220957291 3.489462246, 36.221491362 3.492635564, 36.217867333 3.502799915, 36.218473888 3.509145122, 36.212301585 3.515578542, 36.21153482 3.522552407, 36.209997468 3.52533094, 36.206152174 3.526159615, 36.204557599 3.528413911, 36.206060622 3.530252913, 36.206842658 3.537800363, 36.208704274 3.542694678, 36.20789555 3.552966544, 36.210577344 3.560619364, 36.210844385 3.567939621, 36.208803484 3.573255904, 36.210031847 3.577976427, 36.20901712 3.5821391, 36.213343089 3.596529054, 36.212351255 3.605182912, 36.221274032 3.621105287, 36.221136705 3.627511764, 36.218699069 3.633811441, 36.220610275 3.637549524, 36.217329576 3.647253291, 36.218893647 3.661372905, 36.217531775 3.664956271, 36.225199481 3.670157876, 36.230177761 3.666676303, 36.238577903 3.670036996, 36.241442799 3.668636165, 36.245425429 3.672534212, 36.246131166 3.675645071, 36.244376373 3.681016186, 36.245021073 3.683430922, 36.24755027 3.683999261, 36.248965548 3.679720249, 36.256446329 3.683086903, 36.257556431 3.686307424, 36.252318752 3.695797589, 36.251841912 3.703576764, 36.248164466 3.703077323, 36.250712741 3.707449784, 36.257228385 3.712892173, 36.266257963 3.715152419, 36.269260195 3.718306426, 36.273258088 3.725204954, 36.274791636 3.733559621, 36.280078927 3.745522682, 36.274146957 3.753863291, 36.27573391 3.760718195, 36.275234178 3.76423171, 36.263034528 3.77064559, 36.252681221 3.767639873, 36.257892214 3.77637669, 36.256591379 3.779960057, 36.257579408 3.782547631, 36.252295942 3.782458475, 36.252421832 3.785052487, 36.24803103 3.790785733, 36.245055527 3.815716957, 36.2393143 3.82797016, 36.236563857 3.840205481, 36.2416833 3.853560075, 36.24094705 3.855581932, 36.236712651 3.858541175, 36.237414572 3.860847678, 36.227602979 3.87462306, 36.227023143 3.885058233, 36.224814392 3.890725918, 36.213564628 3.903935821, 36.212431643 3.90722119, 36.20682774 3.911521663, 36.206263155 3.914004821, 36.195528385 3.925824146, 36.191168107 3.9387041, 36.187627998 3.942243127, 36.179021864 3.944590406, 36.181673135 3.946478995, 36.189886349 3.945919466, 36.196958947 3.947904364, 36.211661119 3.970544568, 36.211397904 3.975622216, 36.205107343 3.981076777, 36.209013685 3.992123201, 36.207430558 3.997665966, 36.205015806 3.998931864, 36.213137491 4.02463168, 36.216109219 4.041693375, 36.21861553 4.044683842, 36.218272206 4.05057419, 36.220286412 4.054566408, 36.219679869 4.061332633, 36.216696724 4.071578523, 36.217936529 4.074600937, 36.225989529 4.080204246, 36.22412411 4.087363352, 36.224967181 4.092535167, 36.231730789 4.10128772, 36.236396277 4.117207963, 36.242969146 4.125345448, 36.246562676 4.135921753, 36.245799746 4.161167196, 36.241531025 4.174679624, 36.237704807 4.177783576, 36.233199555 4.177333961, 36.22121353 4.181123079, 36.207198056 4.196118356, 36.209841698 4.197889654, 36.210551249 4.200584987, 36.209090195 4.205703403, 36.211524025 4.20817893, 36.215022183 4.215637461, 36.215335 4.220364426, 36.218959042 4.224190718, 36.22175528 4.231267335, 36.222491538 4.236673735, 36.220149278 4.249207776, 36.22024847 4.256599559, 36.222770045 4.264027576, 36.222388574 4.270739924, 36.217799411 4.283211508, 36.214030417 4.288221695, 36.199568612 4.301840462, 36.188799516 4.319683171, 36.18710576 4.324700508, 36.187399505 4.330927477, 36.19570047 4.341024599, 36.197031838 4.351149859, 36.213301871 4.360056887, 36.218451833 4.372672454, 36.217933027 4.376664676, 36.210520936 4.394935548, 36.214633277 4.405676827, 36.215617508 4.423545273, 36.21696413 4.428239816, 36.216304179 4.433333917, 36.182097064 4.423481419, 36.181208233 4.434474454, 36.173578689 4.443400104, 36.172640258 4.446775828, 36.173513846 4.450438583, 36.195700588 4.450234489, 36.213424039 4.448476519, 36.228854818 4.454300101, 36.235530676 4.453719832, 36.25040067 4.448136999, 36.338792863 4.448959376, 36.362387255 4.44736351, 36.407195623 4.447830245, 36.429702802 4.445360412, 36.456276537 4.446437944, 36.49804834 4.445397526, 36.50609752 4.446608582, 36.520612742 4.444190251, 36.530336607 4.444096788, 36.556368648 4.449145564, 36.597034168 4.452289518, 36.603736735 4.456433354, 36.625267333 4.455969883, 36.633224954 4.453275018, 36.641506825 4.445211417))",Marsabit,Marsabit,1068804966,317.6822000000002,4658.451700000004,206807086572,0.0,4.0,0.0,0.0,4.0,46.391752577319586,48.61626187994832,4.833333333333333,6.474028381020651,-0.833333333333333,-0.17241379310344823,-0.12871944395182824,0,0,0,0,,,0.0,8.788225421601363e-09,0.0,0.0,0.0,0,0,0,0,,,0.0,0.0,0.0,0.0,,0,0,0,0,,,0.0,0.0,0.0,0.0,,0,0,0,0,46.391752577319586,48.61626187994832,4.833333333333333,6.474028381020651,-0.833333333333333,-0.17241379310344823,-0.12871944395182824,0,0,0,0,0.0,35.77531357934926,37.1811276713943,6.175833333333304,9.13255784883507,-6.175833333333304,-1.0,-0.6762435492397215,0.0,0.0,0.0,0.0,-0.466186002874985,0.0,0.0,0.0,0.0,-1.0,-1.3381148426479126,-0.466186002874985
67,26258568,2022-07-01,Kenya,Kenya_2022-07,54986000,1117840,55892.0,0.05,2.0,0.65,0.3,0.05,0.0,0.0,0.5,0.4,0.1,0.0,0.0,,,,,,Kajiado,"POLYGON ((36.66973394 -1.326282273, 36.675425587 -1.33062682, 36.679446361 -1.328750276, 36.68318103 -1.337585747, 36.685157084 -1.336900593, 36.686816513 -1.343917096, 36.689582227 -1.347110781, 36.689731004 -1.349687377, 36.694213368 -1.353786732, 36.69714693 -1.352297941, 36.702964464 -1.352276364, 36.706245173 -1.356256998, 36.71346273 -1.360440388, 36.719028491 -1.367216703, 36.728752358 -1.375108954, 36.741577638 -1.381720535, 36.744877419 -1.381461515, 36.749783222 -1.385109346, 36.753914625 -1.384589043, 36.758812798 -1.38574181, 36.761246624 -1.38474972, 36.764817255 -1.385765529, 36.767235824 -1.388760272, 36.772439179 -1.389063511, 36.780980462 -1.386485959, 36.783936914 -1.389255178, 36.78773643 -1.387287925, 36.790288516 -1.38841137, 36.793122894 -1.385484806, 36.795594869 -1.385541425, 36.796285344 -1.388245205, 36.801011851 -1.387435964, 36.803411346 -1.388767173, 36.805631545 -1.386753194, 36.806699683 -1.389384978, 36.809221249 -1.388013121, 36.809705725 -1.385617826, 36.812395143 -1.386614802, 36.815870402 -1.381971183, 36.820043767 -1.381333112, 36.822515743 -1.385159623, 36.829092418 -1.387697119, 36.832941527 -1.38739328, 36.836783007 -1.388825211, 36.837652775 -1.386855097, 36.840372711 -1.388258897, 36.844095932 -1.38657176, 36.845335734 -1.387567306, 36.845572252 -1.391798615, 36.847578824 -1.392632289, 36.850066059 -1.396404564, 36.857764278 -1.398816543, 36.864077734 -1.404174515, 36.87019282 -1.403836585, 36.871249514 -1.407779434, 36.87575095 -1.406246658, 36.879443653 -1.407569999, 36.881293819 -1.406116015, 36.895759452 -1.412051142, 36.895171977 -1.413569493, 36.891231313 -1.412996388, 36.878772278 -1.478062337, 36.884837775 -1.487045851, 36.8895948 -1.486128259, 36.898586224 -1.477339868, 36.906601067 -1.47236571, 36.909401111 -1.468634438, 36.919384378 -1.464376306, 36.924011699 -1.458793045, 36.932518649 -1.458611026, 36.937237526 -1.4555866, 36.943932458 -1.455249147, 36.951520048 -1.457914184, 36.949269332 -1.462532413, 36.978830036 -1.477658813, 36.971993963 -1.4928695, 36.975625633 -1.500666751, 36.969682215 -1.509693656, 36.96452464 -1.513413963, 36.965440188 -1.520422001, 36.964574238 -1.529236613, 36.963303918 -1.532408962, 36.959801954 -1.53202586, 36.958859705 -1.533616326, 36.957429166 -1.538895152, 36.957684758 -1.543578938, 36.964215658 -1.553377172, 36.968373765 -1.555994174, 36.974851255 -1.557284376, 36.976255091 -1.553795674, 36.979459503 -1.555290541, 36.998045102 -1.582849468, 36.991632466 -1.58741823, 37.000597193 -1.598891917, 37.007147162 -1.594910923, 37.082328805 -1.695287355, 37.085258556 -1.701411773, 37.112614328 -1.73571828, 37.119038412 -1.739422966, 37.124871204 -1.740613399, 37.125142054 -1.742657176, 37.133668079 -1.74543271, 37.134488255 -1.742223528, 37.142327617 -1.737990309, 37.147637785 -1.738818498, 37.149518471 -1.741623476, 37.148210009 -1.754670467, 37.150044919 -1.761418054, 37.159394936 -1.765749723, 37.159318641 -1.767449613, 37.153703295 -1.77536523, 37.153184487 -1.778719476, 37.154714212 -1.780023149, 37.161073443 -1.779477932, 37.161538847 -1.78137736, 37.151956137 -1.797192143, 37.153558344 -1.800096413, 37.153218831 -1.803821485, 37.147679779 -1.808599321, 37.143277531 -1.815928242, 37.14689394 -1.820887255, 37.14462415 -1.823688063, 37.144593634 -1.828950795, 37.145589292 -1.830986347, 37.149056923 -1.831867103, 37.149888545 -1.833450416, 37.149518513 -1.835267597, 37.144807265 -1.837016837, 37.142812139 -1.839808944, 37.143918425 -1.84189885, 37.148839486 -1.841931151, 37.151471682 -1.844547199, 37.156186746 -1.846351504, 37.158132284 -1.852791916, 37.163461529 -1.858855898, 37.163194499 -1.868956182, 37.164823411 -1.873542462, 37.161271857 -1.878430793, 37.161962334 -1.883612828, 37.160733977 -1.886713181, 37.155854879 -1.885894171, 37.154088639 -1.888378983, 37.160218986 -1.894642979, 37.159692549 -1.898259342, 37.170808813 -1.91375216, 37.172021914 -1.919106674, 37.17627539 -1.922095335, 37.183996498 -1.92487063, 37.184789972 -1.926562413, 37.183401395 -1.929599234, 37.187776946 -1.935391324, 37.193434259 -1.937025055, 37.199591306 -1.93431877, 37.207793074 -1.935909947, 37.213080352 -1.93384483, 37.216090211 -1.934969347, 37.222949177 -1.934298376, 37.235969008 -1.937024796, 37.245189324 -1.944476842, 37.248622626 -1.952374931, 37.253738241 -1.954378774, 37.258941598 -1.959674402, 37.266296486 -1.960260736, 37.268734131 -1.96705469, 37.276077578 -1.976792725, 37.280914723 -1.995941957, 37.287785136 -1.998544652, 37.299076875 -2.005284485, 37.309227992 -2.0042732, 37.315877149 -2.009715084, 37.360563432 -2.013984035, 37.382422101 -2.024460377, 37.454158981 -2.076243727, 37.534589723 -2.108002683, 37.537183773 -2.112509098, 37.541761504 -2.114403636, 37.544954473 -2.117979111, 37.543459085 -2.124860438, 37.545774655 -2.12721413, 37.551870667 -2.129417629, 37.56455098 -2.128651891, 37.573584374 -2.139395958, 37.594302427 -2.15518855, 37.621139376 -2.163290215, 37.667603336 -2.157850687, 37.690347031 -2.166227941, 37.699727563 -2.16657981, 37.7062165 -2.174128882, 37.707959857 -2.183319797, 37.723562291 -2.189854723, 37.725507829 -2.193338654, 37.71656218 -2.192408435, 37.710534837 -2.194402151, 37.706327141 -2.197319893, 37.695722074 -2.211818483, 37.689439142 -2.217393636, 37.686970986 -2.223134949, 37.68018069 -2.229523513, 37.678456411 -2.229295845, 37.675900513 -2.23162713, 37.676240033 -2.240780616, 37.67913545 -2.244283618, 37.678933273 -2.255815591, 37.676751225 -2.262407027, 37.67915835 -2.264896604, 37.679120203 -2.266569912, 37.673516301 -2.270725411, 37.671883584 -2.282165363, 37.66872495 -2.282795687, 37.668614323 -2.285744179, 37.670773488 -2.28965341, 37.665936354 -2.291810666, 37.662476353 -2.29125568, 37.659584752 -2.289036922, 37.656239194 -2.289341357, 37.648376946 -2.294995897, 37.646900631 -2.300972985, 37.642204642 -2.298906325, 37.637325544 -2.299317801, 37.634594163 -2.295661033, 37.631744527 -2.296987951, 37.632919479 -2.30021799, 37.631790308 -2.303264941, 37.626853988 -2.302934526, 37.623008696 -2.306177679, 37.619548692 -2.299861356, 37.618114335 -2.298837919, 37.614402559 -2.299141877, 37.610328382 -2.303994687, 37.60722697 -2.305393601, 37.608832992 -2.30799999, 37.606940866 -2.311091287, 37.605559918 -2.312012453, 37.602309728 -2.311023346, 37.601230148 -2.312234403, 37.599669904 -2.311328258, 37.596949971 -2.313849068, 37.850689927 -2.606178994, 37.862855259 -2.627455664, 37.871434702 -2.648249821, 37.87882393 -2.661345191, 37.893171309 -2.676301244, 37.902124605 -2.703698992, 37.908789019 -2.705722261, 37.922464988 -2.707027951, 37.930937615 -2.723127358, 37.929900008 -2.740032553, 37.927279259 -2.742671607, 37.927489078 -2.752386754, 37.932047745 -2.766827398, 37.938433683 -2.773147055, 37.918902104 -2.870549086, 37.895353511 -2.887957075, 37.871644829 -3.079847906, 37.865350451 -3.081243247, 37.85561896 -3.081314297, 37.855748733 -3.1700029, 37.853234798 -3.172306768, 37.853765057 -3.179480126, 37.848275599 -3.183562437, 37.833459016 -3.187842148, 37.831395222 -3.186519286, 37.829434423 -3.180845683, 37.826855633 -3.179069868, 37.825253428 -3.179475143, 37.823128595 -3.175863673, 37.819176488 -3.175641967, 37.810459721 -3.16864932, 37.808571408 -3.169343533, 37.804447635 -3.168090523, 37.796039874 -3.172639378, 37.692209328 -3.18132235, 37.672071032 -3.058687727, 37.519602014 -2.959518592, 37.482240086 -2.936270164, 37.462162916 -2.926574819, 37.270107961 -2.819993938, 36.750817579 -2.527350212, 36.70007341 -2.501786705, 36.474337759 -2.373278266, 36.000794131 -2.107058725, 36.000858971 -2.084209803, 36.027299189 -2.084513269, 36.027093171 -2.043277262, 36.024060423 -2.042295783, 36.021817333 -2.039617394, 36.022969393 -2.035346034, 36.022019512 -2.032163911, 36.025643546 -2.02368675, 36.026856646 -2.024872536, 36.028271926 -2.021559294, 36.029610909 -2.013665253, 36.032357548 -2.013968493, 36.036572874 -2.007768976, 36.032594059 -2.002602676, 36.037232822 -1.991570376, 36.040795817 -1.977156771, 36.037160334 -1.975478815, 36.04208139 -1.963579345, 36.038812121 -1.952035686, 36.04230264 -1.947831553, 36.043725549 -1.943307373, 36.041547308 -1.93561466, 36.03746168 -1.930837066, 36.038434444 -1.922978188, 36.03490959 -1.921011415, 36.034310669 -1.919348, 36.03614939 -1.915800413, 36.043321169 -1.912686706, 36.043454685 -1.910265545, 36.037873665 -1.908503079, 36.03357441 -1.904646651, 36.026356847 -1.893168791, 36.02953074 -1.89092452, 36.037339589 -1.892193742, 36.037877468 -1.882201927, 36.03963608 -1.881084559, 36.039727634 -1.879404217, 36.045342985 -1.879549279, 36.047387703 -1.874673821, 36.047311404 -1.86556622, 36.049565934 -1.859471241, 36.047486877 -1.850794067, 36.048711417 -1.844552712, 36.042012666 -1.837042374, 36.043687352 -1.834190072, 36.041528187 -1.831566395, 36.039758127 -1.824497923, 36.03790033 -1.822796246, 36.032017946 -1.827728683, 36.029202641 -1.82731745, 36.030568329 -1.822738915, 36.028515974 -1.812038107, 36.023827612 -1.808822967, 36.018288557 -1.810123903, 36.016510871 -1.809976336, 36.016484167 -1.808241639, 36.01999376 -1.805365258, 36.021706593 -1.801067436, 36.025796033 -1.798932946, 36.02316002 -1.794989383, 36.028248931 -1.790416926, 36.029954134 -1.785775692, 36.029973207 -1.783182647, 36.023636861 -1.780850412, 36.02210332 -1.777992866, 36.031911108 -1.771151105, 36.033021207 -1.76865926, 36.031274037 -1.763208312, 36.033807047 -1.75999591, 36.033631566 -1.756128634, 36.036626164 -1.753206004, 36.036294276 -1.746347797, 36.041901996 -1.742281933, 36.042035511 -1.735704559, 36.04657891 -1.73690429, 36.048337522 -1.73594939, 36.049420917 -1.73172261, 36.04801326 -1.721763573, 36.039716118 -1.715028502, 36.039460527 -1.713130743, 36.042016427 -1.711653037, 36.046552197 -1.712391828, 36.048791469 -1.708889655, 36.054109269 -1.71198798, 36.0565698 -1.711892382, 36.059030328 -1.703890941, 36.064077276 -1.700700114, 36.064393902 -1.698848365, 36.061235263 -1.690711755, 36.057760001 -1.688221819, 36.055787759 -1.682770513, 36.058412322 -1.674426019, 36.052869449 -1.667704416, 36.053094519 -1.663548559, 36.047940751 -1.652210754, 36.052106485 -1.64741921, 36.051927187 -1.639287248, 36.055463483 -1.634332163, 36.056550693 -1.630566085, 36.057386127 -1.625245539, 36.055940325 -1.620536006, 36.061940969 -1.619523769, 36.063226547 -1.61731204, 36.062875586 -1.612938408, 36.067514353 -1.609114159, 36.068674043 -1.60246586, 36.070737836 -1.598682975, 36.073682842 -1.596446452, 36.075796229 -1.597036722, 36.079454599 -1.595551149, 36.079961961 -1.587239197, 36.085497199 -1.578329104, 36.083772914 -1.562613969, 36.072462093 -1.542078688, 36.068170464 -1.527092214, 36.059556692 -1.51055485, 36.059968685 -1.503571127, 36.051488432 -1.491669274, 36.201977503 -1.3313076, 36.230195396 -1.302729619, 36.348853982 -1.174822974, 36.336402517 -1.047446197, 36.427255244 -1.089486435, 36.494406761 -1.12216363, 36.537841814 -1.155382349, 36.513423456 -1.242665974, 36.491774609 -1.270303476, 36.660597544 -1.303412248, 36.666235786 -1.314409862, 36.664145291 -1.32014808, 36.67322446 -1.324875372, 36.66973394 -1.326282273))",Kajiado,Kajiado,498895974,-107.2606,2103.7095999999997,97287084709,0.0,0.0,0.0,0.0,0.0,50.0,48.33333333333334,0.3333333333333333,0.8968544062928814,-0.3333333333333333,-1.0,-0.3716693935988516,0,0,0,0,50.0,75.0,0.3333333333333333,0.816496580927726,-0.3333333333333333,-1.0,-0.408248290463863,0,0,0,0,,,0.0,0.0,0.0,0.0,,0,0,0,0,,,0.0,0.0,0.0,0.0,,0,0,0,0,50.0,51.11111111111111,0.6666666666666666,1.176459931750543,-0.6666666666666666,-1.0,-0.5666717995866491,0,0,0,0,-1.38,37.13477851083881,36.03598244463839,12.27916666666664,17.634394998312857,-13.65916666666664,-1.1123854767560233,-0.7745752926580957,0.0,0.0,0.0,0.0,-0.5026567043073678,0.0,0.0,0.0,0.0,-1.0654904807101782,-1.3423817125604443,-0.5026567043073678
68,26258568,2022-07-01,Kenya,Kenya_2022-07,54986000,764885,152977.0,0.2,3.0,0.3,0.5,0.2,0.0,0.0,0.3,0.5,0.15,0.05,0.0,,,,,,Meru,"POLYGON ((38.13339443 0.459244967, 38.177779321 0.328312718, 38.197108784 0.320950502, 38.197459736 0.225727683, 38.198722427 0.223728483, 38.203937224 0.223665442, 38.222740247 0.214737582, 38.229622101 0.214330846, 38.241997229 0.203502767, 38.246071409 0.202634494, 38.247673614 0.200445307, 38.258622017 0.193588509, 38.263260782 0.188920676, 38.266121863 0.181439263, 38.271279438 0.177694191, 38.28427256 0.173804665, 38.288472627 0.165074825, 38.297712011 0.158851062, 38.304620567 0.138568671, 38.3063334 0.130046759, 38.306264734 0.118059922, 38.30861082 0.111265928, 38.311132386 0.107864439, 38.318639862 0.106019087, 38.321443721 0.096800571, 38.329298342 0.093860545, 38.329237305 0.090350421, 38.326723369 0.08742828900000001, 38.327165883 0.08512138599999999, 38.324262839 0.078806735, 38.324293357 0.074663347, 38.3293136 0.07026672, 38.338766612 0.06854797999999999, 38.340418409 0.066865313, 38.339754638 0.061292517, 38.340830405 0.05932939, 38.344496403 0.058497138, 38.34920765 0.059745647, 38.347960218 0.052788683, 38.344412478 0.044863696, 38.344919843 0.042900558, 38.354643703 0.038883889, 38.357207231 0.036278442, 38.35579195 0.029837135, 38.35620776 0.022699243, 38.362242734 0.015706119, 38.365962139 0.014186274, 38.370959493 0.006225117, 38.375075635 0.004126267, 38.377963419 -0.004287253, 38.393626884 -0.010068179, 38.3924176 -0.012194181, 38.393733697 -0.014953466, 38.400104371 -0.017260424, 38.400676587 -0.018988371, 38.398887458 -0.023647485, 38.400836807 -0.026750559, 38.403934404 -0.026813901, 38.405425981 -0.028143793, 38.404617249 -0.03089403, 38.40620801 -0.044581919, 38.409015684 -0.046952213, 38.408206952 -0.050860448, 38.410327967 -0.052868867, 38.408199322 -0.057066587, 38.411235883 -0.060178736, 38.408817316 -0.06563396000000001, 38.41306316 -0.067425284, 38.417656149 -0.06731677599999999, 38.425602324 -0.073468742, 38.41923165 -0.072862528, 38.416816898 -0.07583891, 38.405406908 -0.078833268, 38.396697778 -0.076155286, 38.393626884 -0.07632713300000001, 38.391017579 -0.084414952, 38.386676365 -0.088947344, 38.38279674 -0.08977958900000001, 38.381293719 -0.08937245100000001, 38.378913299 -0.084803778, 38.368891886 -0.08151964, 38.351134111 -0.067659741, 38.345472985 -0.064927553, 38.338644539 -0.065226012, 38.332083127 -0.07100677900000001, 38.326811108 -0.06915213100000001, 38.323572365 -0.069767263, 38.324812166 -0.066772822, 38.318872562 -0.060250074, 38.313154215 -0.056043298, 38.304750267 -0.054387663, 38.300611236 -0.052306888, 38.302861953 -0.049828127, 38.302648326 -0.045621425, 38.298646627 -0.043169745, 38.297803562 -0.039062559, 38.294480893 -0.03852878, 38.29242473 -0.036393758, 38.289826868 -0.029337361, 38.287064971 -0.02661431, 38.282883978 -0.024180745, 38.279832159 -0.024542597, 38.276139457 -0.022145228, 38.269772598 -0.021801429, 38.266388893 -0.019250276, 38.254078615 -0.01688003, 38.250179916 -0.017404718, 38.248280158 -0.023701111, 38.245880665 -0.023547309, 38.242798327 -0.019159722, 38.238716518 -0.017205655, 38.237755194 -0.012836178, 38.232280993 -0.012257188, 38.23080849 -0.010990673, 38.229412282 -0.000740971, 38.221988731 0.001357813, 38.22327431 0.006867133, 38.220027937 0.010521909, 38.212573867 0.010874697, 38.208350911 0.015144616, 38.192305969 0.011444554, 38.182921623 0.015470174, 38.180144467 0.019251558, 38.175898623 0.021938314, 38.162585059 0.023892245, 38.159960494 0.02584624, 38.158472732 0.029229566, 38.154734253 0.030839783, 38.137998836 0.0450152, 38.128973079 0.048452672, 38.124921789 0.047168046, 38.122964809 0.048497822, 38.121526639 0.046254326, 38.120378392 0.046353819, 38.117765271 0.047873557, 38.115632812 0.052658994, 38.111997332 0.05171813, 38.110200573 0.047927729, 38.107316603 0.047050208, 38.105687694 0.044218715, 38.101022225 0.046706364, 38.096276645 0.045376506, 38.094697328 0.040989081, 38.089310866 0.039179776, 38.082787601 0.025547123, 38.081238802 0.027428712, 38.074612539 0.030431976, 38.074055581 0.029536403, 38.075680675 0.028152358, 38.073342218 0.02795332, 38.074215802 0.025583238, 38.072636485 0.024380089, 38.073136221 0.023249324, 38.070961799 0.024009183, 38.070122548 0.021584812, 38.068199902 0.024190086, 38.066532845 0.022787923, 38.063351323 0.024958967, 38.061485898 0.021973735, 38.058968147 0.021566644, 38.053989866 0.023800994, 38.054695599 0.02488653, 38.051922258 0.026731911, 38.050491717 0.02249833, 38.046745608 0.025691568, 38.04493359 0.024533656, 38.045318883 0.022027896, 38.043197868 0.025745814, 38.040424526 0.027175067, 38.039924791 0.030087894, 38.038341659 0.030250708, 38.035827723 0.034429957, 38.033886002 0.03515362, 38.033714338 0.036899503, 38.034935066 0.037369913, 38.03393178 0.041178283, 38.030441261 0.043756356, 38.027019408 0.0498081, 38.024738173 0.047863169, 38.024040069 0.049645226, 38.020999693 0.04995274, 38.019420376 0.056049723, 38.017337509 0.057343263, 38.015021941 0.056239611, 38.011298721 0.060310236, 38.008609305 0.060337324, 38.00580163 0.062128366, 38.005652854 0.060056842, 38.001304011 0.059595413, 38.0002168 0.062282042, 37.99521563 0.062933247, 37.987334305 0.061494788, 37.980391415 0.062227368, 37.977938515 0.064823484, 37.978075846 0.062543922, 37.965052205 0.062136591, 37.960451586 0.050268356, 37.957640097 0.050774876, 37.95707551 0.049843149, 37.953871099 0.050729584, 37.954267836 0.054194137, 37.951151165 0.055216258, 37.949655773 0.057839514, 37.950239434 0.061620677, 37.947790348 0.062543297, 37.931699627 0.054103263, 37.910558144 0.014301831, 37.897988461 -0.005779588, 37.890576353 -0.043798358, 37.88970277 -0.059999063, 37.869415797 -0.09505021399999999, 37.864509997 -0.111232543, 37.858021065 -0.125279995, 37.832519294 -0.144527599, 37.807067116 -0.160274258, 37.798342726 -0.168966326, 37.798831017 -0.170938228, 37.788359459 -0.170168727, 37.785906559 -0.166649954, 37.778746226 -0.161774121, 37.77417994 -0.161963796, 37.770586422 -0.159313325, 37.766687721 -0.160154302, 37.756979119 -0.175874274, 37.753126197 -0.186266918, 37.749311422 -0.188509849, 37.749414421 -0.190128953, 37.747129371 -0.191684555, 37.744974023 -0.190589924, 37.742238829 -0.193348493, 37.737462731 -0.194777282, 37.73273241 -0.201452211, 37.724046167 -0.203893712, 37.72331373 -0.205566992, 37.709313505 -0.204516645, 37.697377074 -0.205962882, 37.694866952 -0.207418923, 37.688057578 -0.206622408, 37.684082583 -0.210348602, 37.677174025 -0.209099818, 37.671604453 -0.20994957, 37.667728641 -0.20863773, 37.667816382 -0.217863509, 37.660598827 -0.216515194, 37.658649477 -0.218875729, 37.65460963 -0.215058453, 37.651191591 -0.216143533, 37.64366504 -0.215292649, 37.641746208 -0.214207108, 37.639629007 -0.209973978, 37.63388777 -0.210823685, 37.632247417 -0.209285934, 37.628898044 -0.209095693, 37.627917647 -0.207395206, 37.623549729 -0.20776566, 37.621619453 -0.202890408, 37.617186684 -0.201352433, 37.613524499 -0.19625997, 37.606013207 -0.197281398, 37.602122136 -0.196539417, 37.597708441 -0.192722231, 37.594366698 -0.192758125, 37.591452209 -0.189538019, 37.589987335 -0.185594467, 37.579576814 -0.183694293, 37.577036173 -0.182084158, 37.573404507 -0.184299777, 37.570253503 -0.183738769, 37.564092641 -0.186768187, 37.550164896 -0.182425723, 37.533925397 -0.184007176, 37.525918184 -0.186918796, 37.500858925 -0.186075587, 37.309170271 -0.152805919, 37.167966349 -0.060649571, 37.161542267 -0.054111526, 37.151131744 -0.051497913, 37.146241201 -0.043992448, 37.137280293 -0.042002881, 37.133679145 -0.03449752, 37.134236102 -0.02947894, 37.126667587 -0.02810437, 37.124374907 -0.023329918, 37.118149193 -0.020210208, 37.116199842 -0.01339221, 37.111454261 -0.011927313, 37.109585021 -0.003888628, 37.107433488 -0.002622696, 37.101829582 0.006184541, 37.101169626 0.009656794999999999, 37.099296571 0.010904622, 37.098213175 0.010280693, 37.097705809 0.01270403, 37.093829997 0.015597531, 37.094009292 0.018210756, 37.088104019 0.019992009, 37.092693194 0.02618604, 37.102676462 0.029341986, 37.104221447 0.0329047, 37.109710909 0.036322833, 37.123409769 0.036540161, 37.125950409 0.034975873, 37.138615465 0.040067089, 37.15017042 0.04229185, 37.152966651 0.049209514, 37.179193234 0.051814589, 37.188680581 0.054581968, 37.198396815 0.059619135, 37.199865503 0.061780423, 37.202314589 0.059103828, 37.202375626 0.063498656, 37.203943499 0.065614745, 37.208536488 0.065397885, 37.215277197 0.070371747, 37.220057111 0.070435235, 37.233027348 0.078692014, 37.235564175 0.101842254, 37.241305412 0.103316593, 37.24814912 0.107205508, 37.252932848 0.094436933, 37.26072262 0.105542314, 37.262233271 0.109883112, 37.282035772 0.127590958, 37.28121941 0.134807408, 37.28318402 0.148915016, 37.290554167 0.15803124, 37.303150556 0.167835284, 37.30657241 0.172963166, 37.313240638 0.1745102, 37.315117507 0.178154848, 37.324375968 0.180217625, 37.333767945 0.177568762, 37.337021949 0.180526289, 37.341191498 0.180770855, 37.341180054 0.186169824, 37.337147837 0.190790665, 37.345097829 0.190845719, 37.349263564 0.192709092, 37.348855384 0.204040638, 37.35180802 0.208635076, 37.352254349 0.21209881, 37.355805905 0.216512468, 37.355699092 0.223765409, 37.358907318 0.229680285, 37.357472963 0.235232886, 37.364484521 0.236038609, 37.36382838 0.241374269, 37.366990829 0.24428671, 37.367025162 0.247985549, 37.363523198 0.253347999, 37.366395724 0.254940046, 37.36503385 0.25762583, 37.36638428 0.259299052, 37.373041064 0.260864487, 37.374116831 0.267475543, 37.388620608 0.273175056, 37.400816445 0.281967268, 37.399969566 0.292557414, 37.429118265 0.294451777, 37.470134729 0.277744114, 37.537003926 0.262485817, 37.540685184 0.268536966, 37.544416035 0.270717109, 37.547116896 0.274805504, 37.548619918 0.280910681, 37.546678198 0.286436552, 37.549615575 0.294730663, 37.550489159 0.301984408, 37.550206866 0.304173134, 37.548143073 0.305728498, 37.547578487 0.310919898, 37.555753551 0.326368939, 37.581777948 0.325965687, 37.604933637 0.35390788, 37.599470883 0.400269726, 37.585791099 0.400321609, 37.582968166 0.412920164, 37.581224817 0.438280756, 37.582445546 0.446339689, 37.580847156 0.451178202, 37.582930024 0.463162646, 37.586554061 0.467993172, 37.587255981 0.478358391, 37.827449496 0.560382907, 38.06309579 0.666627222, 38.13339443 0.459244967))",Meru,Meru,1063324824,24.002,4612.3403,209885074196,0.0,1.0,0.0,0.0,1.0,51.72413793103448,54.45402298850575,1.9166666666666667,2.083405795841254,-0.9166666666666667,-0.4782608695652174,-0.4399846964506153,0,0,0,0,,,0.0,0.0,0.0,0.0,,0,0,0,0,,,0.0,0.0,0.0,0.0,,0,0,0,0,,,0.0,0.0,0.0,0.0,,0,0,0,0,51.72413793103448,54.45402298850575,1.9166666666666667,2.083405795841254,-0.9166666666666667,-0.4782608695652174,-0.4399846964506153,0,0,0,0,-0.49,35.25780682643432,36.630744587288866,5.871666666666658,9.337907626475,-6.361666666666658,-1.083451603746807,-0.6812732489053489,0.0,0.0,0.0,0.0,-0.4893064424890815,0.0,0.0,0.0,0.0,-1.0458700440528634,-1.4123551088643895,-0.4893064424890815
69,24749629,2022-02-01,Kenya,Kenya_2022-02,54986000,666783,233374.0,0.35,3.0,0.3,0.35,0.3,0.05,0.0,0.25,0.35,0.35,0.05,0.0,,,,,,Baringo,"POLYGON ((35.781147003 1.656727553, 35.785461425 1.655861974, 36.09728241 1.169178247, 36.173236847 1.171178698, 36.317268371 0.991512477, 36.342216492 0.994311512, 36.342639923 0.989670337, 36.346916199 0.987321138, 36.346363067 0.982756377, 36.347793579 0.974696457, 36.351501465 0.966674685, 36.353984832 0.967075765, 36.355815887 0.965108514, 36.359062195 0.96560514, 36.363819122 0.964229941, 36.365406036 0.959015847, 36.369853973 0.955883503, 36.375297546 0.9572013619999999, 36.378677369 0.955367803, 36.384216308 0.955100417, 36.384292602 0.951452434, 36.389221191 0.948816717, 36.388362884 0.945760846, 36.390636444 0.94186455, 36.388076782 0.941387057, 36.388648987 0.9318755869999999, 36.386966705 0.927960157, 36.393863678 0.920759737, 36.392887116 0.912967146, 36.395221711 0.911594153, 36.393917084 0.909981609, 36.396110535 0.908958972, 36.395542144 0.906216621, 36.402954101 0.90221417, 36.40354538 0.900761664, 36.406513214 0.901624262, 36.410102845 0.901256919, 36.410850525 0.900107324, 36.416160584 0.901540935, 36.417388916 0.903254092, 36.419124603 0.902504623, 36.424648285 0.898257792, 36.423522949 0.893714965, 36.425918579 0.891434312, 36.426296234 0.889263034, 36.429080964 0.887501717, 36.429714203 0.885039389, 36.445671082 0.871863127, 36.45627594 0.872518122, 36.462535858 0.86948961, 36.464469909 0.865724146, 36.470581054 0.864040673, 36.471572876 0.860870004, 36.478900909 0.857098579, 36.481716156 0.853333115, 36.484214783 0.853452027, 36.488300324 0.850947678, 36.489925384 0.848835885, 36.475437164 0.839109719, 36.468959809 0.822359562, 36.404731751 0.7188789840000001, 36.347431183 0.661962747, 36.289100647 0.646683216, 36.277927399 0.632990181, 36.294124604 0.566389322, 36.265571594 0.500095307, 36.229549408 0.421760946, 36.227432251 0.398581952, 36.257568359 0.379271805, 36.258140564 0.376426667, 36.259841919 0.376178413, 36.258811951 0.37361905, 36.2607193 0.364260346, 36.260089874 0.345695764, 36.261352539 0.343098194, 36.249202728 0.331352055, 36.244525909 0.329080075, 36.24773407 0.343040884, 36.230983734 0.335993201, 36.225673675 0.320885509, 36.240016938 0.315404058, 36.249893189 0.2997998, 36.259841919 0.291434347, 36.265037537 0.278045564, 36.279552459 0.274378568, 36.281768799 0.267349959, 36.278980255 0.256807029, 36.291755676 0.254515141, 36.29643631 0.238261551, 36.296360016 0.230010569, 36.291240692 0.217500493, 36.292331695 0.213623315, 36.288585663 0.207798004, 36.28383255 0.203004047, 36.271911622 0.195860878, 36.270195007 0.193091408, 36.26738739 0.192365631, 36.26499939 0.186845884, 36.259155273 0.184382051, 36.25447464 0.183847368, 36.236064911 0.211044893, 36.202613831 0.236003712, 36.216621399 0.25237602, 36.210529327 0.268534034, 36.201053619 0.28562808, 36.196453094 0.301556975, 36.186214447 0.316970199, 36.155269623 0.307757587, 36.152694702 0.305036962, 36.151138306 0.308967531, 36.146469117 0.313551396, 36.144634247 0.316702813, 36.144958496 0.319319427, 36.14225769 0.322432637, 36.138980866 0.324361682, 36.134395599 0.323845982, 36.125907898 0.328105211, 36.123790741 0.327111959, 36.123588562 0.328754544, 36.11951065 0.330970079, 36.103775025 0.317753285, 36.085647583 0.305262267, 36.055335999 0.302989453, 35.983951569 0.300946027, 35.986179352 0.305548757, 35.986103058 0.314945638, 35.989597321 0.324609965, 35.988929749 0.328238845, 35.99143219 0.330129713, 35.990989685 0.333032787, 35.993816376 0.3465361, 35.993740082 0.352514207, 35.991489411 0.357785643, 35.992858887 0.365396201, 35.989635467 0.375070602, 35.993324279 0.375947237, 35.996395111 0.382805824, 35.998535156 0.396099031, 35.997341156 0.400950283, 35.992717743 0.406890214, 35.991840362 0.409844905, 35.980239869 0.409583211, 35.977642059 0.406718343, 35.956192017 0.393692523, 35.934436798 0.391572445, 35.924343109 0.393749804, 35.925518036 0.388917655, 35.928153992 0.387714386, 35.924640655 0.38041839, 35.926551819 0.377820909, 35.923358917 0.376082838, 35.923149109 0.367984712, 35.921718597 0.366437644, 35.921298981 0.362904281, 35.922290802 0.358759701, 35.921127319 0.351425528, 35.922557831 0.344866306, 35.92483902 0.34115541, 35.921985627 0.336986393, 35.923664093 0.335000008, 35.921508789 0.333529383, 35.921680451 0.331695825, 35.919788361 0.331237465, 35.919872284 0.328238845, 35.918228149 0.328553409, 35.916999817 0.326672763, 35.922004699 0.325163901, 35.922462463 0.318899244, 35.919273376 0.317600459, 35.91474533 0.308929324, 35.919101715 0.307821601, 35.917324066 0.305425376, 35.918212891 0.302296519, 35.92079544 0.301246136, 35.91853714 0.294449151, 35.910068512 0.286812216, 35.909206391 0.28228572, 35.906669616 0.283058345, 35.905540466 0.280815035, 35.902885437 0.281299472, 35.897754669 0.27628848, 35.898136139 0.273859859, 35.89427185 0.273576349, 35.892974854 0.271342904, 35.890068054 0.273237347, 35.888313293 0.272468597, 35.888256073 0.274684161, 35.885379791 0.275390804, 35.883480072 0.273671836, 35.882354736 0.275047034, 35.877502441 0.27306071, 35.874828339 0.275047034, 35.871582032 0.275373131, 35.861995697 0.270023882, 35.85867691 0.270313292, 35.852481842 0.266356766, 35.852935791 0.265162468, 35.845111847 0.2627711, 35.842063904 0.263624578, 35.834274292 0.257872581, 35.833057403 0.259557396, 35.829864502 0.25989005, 35.824157715 0.257685662, 35.819728851 0.25911808, 35.816959381 0.258526027, 35.81300354 0.262212217, 35.779319764 0.2622886, 35.777477264 0.253732145, 35.777496338 0.244468852, 35.783859253 0.24399139, 35.784030914 0.234575361, 35.781776428 0.229590401, 35.776657105 0.228998333, 35.777709961 0.224872872, 35.75725174 0.221434966, 35.75522995 0.218340904, 35.751159668 0.216755644, 35.740432739 0.223574102, 35.722362518 0.213071227, 35.722686767 0.22116597, 35.720417023 0.227483839, 35.720844269 0.236110166, 35.719627381 0.23973471, 35.718109131 0.240524575, 35.71831131 0.242104038, 35.716854095 0.242407783, 35.71478653 0.251925081, 35.713085174 0.252147823, 35.709098816 0.257291228, 35.710556031 0.258526444, 35.708106995 0.260389418, 35.709827423 0.260308415, 35.709056854 0.26314336, 35.711021424 0.266140283, 35.709278107 0.268914491, 35.710819244 0.268954992, 35.713592529 0.271749437, 35.711303711 0.27361238, 35.713348389 0.277216822, 35.714523315 0.277318061, 35.712680817 0.281853974, 35.714546204 0.282987952, 35.715171814 0.287139118, 35.713977813 0.289447576, 35.715049743 0.291391522, 35.713573456 0.297000646, 35.715110778 0.298094124, 35.713996887 0.299855858, 35.71559906 0.299977332, 35.715496063 0.303197026, 35.713409424 0.304270267, 35.71503067 0.30524224, 35.712600708 0.30655846, 35.714424133 0.311155111, 35.712924957 0.310466617, 35.711708068 0.312491595, 35.713531494 0.313666076, 35.712440491 0.313888818, 35.713371276 0.31482029, 35.712135315 0.315529019, 35.712356568 0.317898244, 35.71786499 0.323021382, 35.716487884 0.324033856, 35.717582703 0.328245759, 35.716732025 0.331181944, 35.718151092 0.330513716, 35.719161988 0.331546456, 35.719791412 0.338228822, 35.723129272 0.33992979, 35.718574524 0.345619917, 35.722583771 0.351168305, 35.720355988 0.353294492, 35.720844269 0.356757164, 35.719768524 0.357789904, 35.718006134 0.356736928, 35.714424133 0.359106123, 35.712863922 0.357607662, 35.710273742 0.358215153, 35.706668854 0.366355478, 35.705371856 0.366294742, 35.70419693 0.363682539, 35.70029068 0.365950495, 35.698406219 0.369008183, 35.699539184 0.369656176, 35.698951721 0.370729387, 35.696422577 0.369858653, 35.698223114 0.366618723, 35.697353363 0.365525246, 35.683986664 0.374151588, 35.683582306 0.372612595, 35.681556701 0.373301089, 35.680465698 0.371579886, 35.679737091 0.375042558, 35.675907135 0.378059745, 35.673763276 0.376176537, 35.673923492 0.378525496, 35.672588348 0.380165696, 35.669914246 0.380327702, 35.667404175 0.383142382, 35.666248321 0.386139333, 35.667545319 0.388427526, 35.664367676 0.387536556, 35.663578033 0.389743745, 35.661186218 0.387394786, 35.660133362 0.387799799, 35.661026001 0.389925986, 35.659183503 0.395676881, 35.65454483 0.400192529, 35.661003113 0.4136585, 35.658878327 0.416311205, 35.660034179 0.417971671, 35.657764434 0.420057386, 35.657966614 0.422791064, 35.655235291 0.424735039, 35.653656006 0.429412693, 35.654930115 0.436358303, 35.652763367 0.442716658, 35.65298462 0.446867823, 35.651405334 0.449824273, 35.645431519 0.453003436, 35.647377014 0.455190391, 35.645610809 0.460196108, 35.647956848 0.462059051, 35.644004821 0.465590596, 35.643310547 0.469737709, 35.640132904 0.47121188, 35.639225006 0.476849347, 35.631954193 0.484365999, 35.632923126 0.48780033, 35.631450654 0.489096314, 35.633750915 0.491202265, 35.633136749 0.496224165, 35.629928589 0.494944394, 35.630981446 0.503594995, 35.628601074 0.502315223, 35.624599457 0.5035787819999999, 35.62317276 0.506186962, 35.621246338 0.505668581, 35.613647461 0.510010063, 35.613548279 0.515258789, 35.611766815 0.517721117, 35.614051819 0.519632697, 35.611865998 0.52499479, 35.608562469 0.5295306440000001, 35.603588104 0.531085849, 35.603488922 0.533612966, 35.60213089 0.534503997, 35.60226059 0.5376790769999999, 35.604431152 0.540060461, 35.603733062 0.541777611, 35.605644226 0.543510973, 35.602630615 0.550395846, 35.601787567 0.556551695, 35.60382843 0.557993472, 35.60415268 0.561881423, 35.608283996 0.566384912, 35.608089447 0.5682317019999999, 35.610374451 0.569689632, 35.61013031 0.572135806, 35.612903595 0.575699747, 35.613956451 0.580284238, 35.611152649 0.589015841, 35.612854004 0.592514992, 35.604980469 0.5974234940000001, 35.603717804 0.5995618109999999, 35.601222992 0.60006404, 35.60079956 0.602218568, 35.597446442 0.6041301489999999, 35.598564148 0.607532084, 35.595794677 0.612764537, 35.597770691 0.616490483, 35.596023559 0.61984384, 35.596897125 0.6255785230000001, 35.600364685 0.628688812, 35.599845886 0.632414758, 35.601593018 0.6362540719999999, 35.605289459 0.63801986, 35.604770661 0.639461637, 35.606712341 0.638651609, 35.606018066 0.6405631899999999, 35.608074188 0.640595615, 35.606796265 0.642085969, 35.608867645 0.644775092, 35.608188629 0.645844281, 35.609565735 0.646395087, 35.607070923 0.647059262, 35.608917237 0.64786923, 35.606811524 0.6496512290000001, 35.608997345 0.651708543, 35.607379913 0.652615726, 35.60830307 0.653587699, 35.607700348 0.655936658, 35.606925964 0.655418277, 35.604885101 0.657329857, 35.606777191 0.661719978, 35.604915619 0.662481308, 35.605140686 0.668005406, 35.603847504 0.669398606, 35.606048584 0.6724279520000001, 35.605175018 0.674517691, 35.606876373 0.674404323, 35.606227874 0.672832906, 35.608818054 0.672346949, 35.612998963 0.676153839, 35.615333557 0.6767694359999999, 35.615219116 0.679328978, 35.616401673 0.67895639, 35.616142273 0.677822411, 35.618312835 0.678972602, 35.618846893 0.676526427, 35.620822906 0.677676618, 35.619998932 0.678729593, 35.622898102 0.678697229, 35.623188019 0.680252373, 35.624420166 0.678697229, 35.626235962 0.679507196, 35.62657547 0.680527746, 35.624111176 0.680835545, 35.623722077 0.68671602, 35.625164032 0.688627601, 35.626121521 0.687785208, 35.627548218 0.689048767, 35.629863739 0.68671602, 35.627513886 0.690377175, 35.632472992 0.692142903, 35.633022309 0.693746686, 35.630607605 0.695334256, 35.633052826 0.699789166, 35.633720398 0.698687613, 35.63634491 0.701538741, 35.635696411 0.702705086, 35.633087158 0.701311946, 35.633995056 0.703385472, 35.6328125 0.705248475, 35.634204864 0.705361843, 35.633247376 0.70775938, 35.634124756 0.708909571, 35.631660462 0.711857915, 35.634643554 0.711938918, 35.630706787 0.716863632, 35.629619599 0.716231823, 35.628826141 0.717349589, 35.62953949 0.718451202, 35.630428314 0.717495382, 35.631694793 0.719698548, 35.630622864 0.720670521, 35.630901337 0.722857475, 35.628437042 0.722987115, 35.628128052 0.724769055, 35.625198364 0.725773453, 35.628860474 0.726713002, 35.626087189 0.729029595, 35.626785278 0.730001569, 35.624130249 0.729126751, 35.622753144 0.730341732, 35.62266922 0.734197259, 35.624500275 0.735201657, 35.620353698 0.7358981959999999, 35.62002945 0.7388465400000001, 35.621002197 0.741600513, 35.622444153 0.74126029, 35.623886109 0.744775652, 35.624629975 0.743998051, 35.626087189 0.7471894019999999, 35.624938965 0.748080373, 35.626800537 0.748679757, 35.625682831 0.756034434, 35.627658844 0.75893414, 35.627109528 0.760165333, 35.628307342 0.760132909, 35.627902985 0.761882484, 35.629055023 0.76230371, 35.627010345 0.763243258, 35.628356934 0.76395607, 35.627998352 0.765576005, 35.629264832 0.76567322, 35.629264832 0.769836545, 35.631855011 0.771213472, 35.630916596 0.774745047, 35.632194519 0.774113238, 35.634803772 0.778389931, 35.633766174 0.779669702, 35.63552475 0.782441914, 35.634967804 0.784950793, 35.633605957 0.785598815, 35.634010315 0.7871377470000001, 35.635078431 0.786635577, 35.634140015 0.787963926, 35.637931824 0.78893596, 35.636440277 0.789697349, 35.637653351 0.791365862, 35.636989593 0.792953432, 35.634025574 0.793455661, 35.635097503 0.797440767, 35.636894226 0.798671961, 35.635112762 0.798704326, 35.635742188 0.801150501, 35.634204864 0.800745487, 35.634918213 0.802300692, 35.633945466 0.802219689, 35.634075165 0.80432564, 35.633022309 0.804682017, 35.633850098 0.807484568, 35.634399415 0.805443406, 35.635223389 0.80591321, 35.634399415 0.807419777, 35.635776519 0.808764339, 35.633880615 0.810692072, 35.637073517 0.81169647, 35.637023926 0.813478411, 35.642467499 0.818613708, 35.642662048 0.823473632, 35.636260986 0.826729774, 35.637218475 0.828268707, 35.638999939 0.827523529, 35.638515472 0.828997731, 35.639713287 0.829791486, 35.638141632 0.833517433, 35.639614106 0.835428953, 35.636665345 0.835445165, 35.636325836 0.8367249369999999, 35.639225006 0.83636856, 35.643520355 0.84119606, 35.641609192 0.841163635, 35.639064789 0.844095826, 35.635597229 0.845148802, 35.63608551 0.849636078, 35.631336212 0.8507214789999999, 35.625457764 0.854900956, 35.623035431 0.869098246, 35.62467575 0.870364666, 35.623519898 0.872115314, 35.624340058 0.874946177, 35.626449585 0.876116216, 35.626499176 0.880486667, 35.625465393 0.88200897, 35.624336243 0.881468773, 35.622127533 0.887803495, 35.624977112 0.889350354, 35.627456665 0.89308244, 35.627285004 0.894506514, 35.625564575 0.894752025, 35.627677918 0.897772074, 35.626106262 0.901651442, 35.627109528 0.9029527899999999, 35.625907898 0.909803092, 35.627601624 0.910466015, 35.629936219 0.909189284, 35.633079529 0.9113745090000001, 35.634624482 0.91385436, 35.634037017 0.9183967119999999, 35.636955262 0.918273926, 35.636096954 0.922546208, 35.634746552 0.923675657, 35.635509491 0.924657762, 35.634403229 0.928512573, 35.635997772 0.930133105, 35.633861542 0.933398664, 35.634181976 0.936246813, 35.631507874 0.938333869, 35.631946564 0.947271168, 35.629592895 0.953728676, 35.634868621 0.959916055, 35.636688232 0.960456193, 35.63666153 0.964040995, 35.634822846 0.966152549, 35.637741089 0.966177106, 35.638305664 0.968877912, 35.634822846 0.9726099969999999, 35.636219024 0.9758755569999999, 35.635238647 0.979509473, 35.638946533 0.97987777, 35.639659882 0.982406735, 35.638134003 0.98424822, 35.637424469 0.9892324810000001, 35.63553238 0.988864183, 35.633003235 0.994241297, 35.637447357 1.000797033, 35.63646698 1.00494647, 35.639411926 1.004578233, 35.639167785 1.006984353, 35.640663147 1.007279039, 35.64282608 1.015185117, 35.644420624 1.015946269, 35.641670227 1.020597339, 35.643512726 1.022796631, 35.642433166 1.025399208, 35.644348145 1.025743008, 35.647762299 1.029966116, 35.650165558 1.029204964, 35.651592255 1.030359029, 35.654514312 1.028591156, 35.65542221 1.032691479, 35.65758133 1.033010721, 35.660182953 1.036349893, 35.662223816 1.034950376, 35.664283752 1.035269618, 35.664283752 1.038093209, 35.666275025 1.038756132, 35.66720581 1.040867687, 35.665710449 1.044231534, 35.669589997 1.043789506, 35.671478272 1.045360923, 35.671527862 1.046932339, 35.667942047 1.048577428, 35.669635772 1.052063942, 35.672164917 1.053365231, 35.671257019 1.056336164, 35.675308227 1.060485721, 35.67432785 1.063088298, 35.675579071 1.064831614, 35.673984528 1.066280246, 35.674179077 1.069545746, 35.673294068 1.070331454, 35.671699524 1.06925118, 35.672290802 1.074235439, 35.67634201 1.07654345, 35.677864074 1.083050012, 35.676879882 1.086585641, 35.67855072 1.087616921, 35.679653168 1.086561084, 35.67975235 1.089286446, 35.682086944 1.089556575, 35.682895661 1.088255286, 35.683952332 1.089212894, 35.684810638 1.093239546, 35.683681488 1.096333265, 35.686481476 1.0951792, 35.686016082 1.098592162, 35.691318512 1.100188136, 35.692790985 1.10470581, 35.695270538 1.103551865, 35.698879242 1.105196952, 35.697185517 1.112341881, 35.69757843 1.115312815, 35.700206757 1.118136406, 35.702243805 1.123783588, 35.700721741 1.129111648, 35.705459595 1.133948684, 35.705314636 1.147060037, 35.709781647 1.150080085, 35.708995819 1.15140593, 35.70703125 1.150448322, 35.70369339 1.152805447, 35.705879212 1.155727267, 35.702835083 1.158059835, 35.705360412 1.159729481, 35.705387115 1.162503957, 35.703838349 1.163903474, 35.705436706 1.169992685, 35.704257965 1.176057219, 35.706222534 1.176253676, 35.706638336 1.178267002, 35.703445435 1.17939651, 35.704479217 1.182514787, 35.702907562 1.18506825, 35.70381546 1.187425375, 35.702709198 1.189733386, 35.704330444 1.191476583, 35.702316284 1.196853757, 35.703128815 1.199480891, 35.699886322 1.202648282, 35.697872162 1.201003194, 35.696548462 1.204391599, 35.698341369 1.205300093, 35.697284698 1.206797838, 35.698020935 1.211020947, 35.696769714 1.214998483, 35.704231262 1.227054119, 35.703716278 1.232308507, 35.700893403 1.233020544, 35.699642181 1.235966921, 35.701778412 1.237120867, 35.699615478 1.239674449, 35.702907562 1.242227912, 35.702537537 1.245272517, 35.701065063 1.245665431, 35.70381546 1.2474823, 35.70079422 1.247801542, 35.700401306 1.251975537, 35.701824188 1.25341332, 35.699741364 1.258580327, 35.701828003 1.260495424, 35.70381546 1.260078073, 35.703079224 1.262336969, 35.705879212 1.264890432, 35.707130432 1.27220738, 35.706172943 1.273508668, 35.702392578 1.272010923, 35.702835083 1.2746135, 35.701358795 1.277658105, 35.697185517 1.278934836, 35.698513031 1.281463861, 35.698043823 1.284852147, 35.695270538 1.284410238, 35.694778442 1.288559675, 35.69745636 1.296171189, 35.694511414 1.295753717, 35.694190979 1.296784997, 35.696498871 1.300369739, 35.696426392 1.302800536, 35.698734283 1.304936648, 35.697700501 1.30594337, 35.695121765 1.304470181, 35.694683075 1.305869699, 35.697357177 1.307121873, 35.698215485 1.313996792, 35.696861267 1.320459008, 35.698131561 1.321564436, 35.697052002 1.324104786, 35.70022583 1.328079939, 35.699310303 1.329561711, 35.696369171 1.329326511, 35.698249817 1.331302285, 35.694957733 1.335230351, 35.696041107 1.339205503, 35.691524506 1.339958191, 35.688819885 1.341769337, 35.689384461 1.342874885, 35.69166565 1.342475057, 35.692417145 1.343956828, 35.691028595 1.345579863, 35.689052582 1.344968319, 35.687713623 1.347367406, 35.690982819 1.353083133, 35.688606262 1.35524714, 35.687782288 1.358634234, 35.691875458 1.36369133, 35.690887451 1.367807507, 35.6927948 1.369148254, 35.693359375 1.367666363, 35.694721222 1.367995739, 35.694862365 1.370606542, 35.693309784 1.372935176, 35.695735932 1.375075698, 35.69549942 1.377498389, 35.69890976 1.380109191, 35.70274353 1.385895491, 35.702365875 1.387588978, 35.699401855 1.387753725, 35.699073792 1.390129328, 35.702861786 1.395939111, 35.702178955 1.398691177, 35.703472137 1.401631355, 35.711868286 1.402336955, 35.710269928 1.40513599, 35.706718445 1.406217932, 35.707164765 1.409769655, 35.709800721 1.410616517, 35.711585998 1.413015604, 35.706741333 1.416661501, 35.706459046 1.420001507, 35.708248138 1.421459794, 35.70570755 1.428563237, 35.709022522 1.431644559, 35.708576203 1.435690283, 35.706436157 1.438018918, 35.707141876 1.439712405, 35.712200165 1.44251144, 35.71276474 1.447850823, 35.720336914 1.451496601, 35.720550537 1.457141757, 35.723255158 1.458459019, 35.72315979 1.462387085, 35.719348907 1.468714357, 35.719539643 1.47257185, 35.72473526 1.4755826, 35.726898193 1.480804324, 35.73021698 1.482027411, 35.728923798 1.48739028, 35.731651306 1.488166451, 35.735225677 1.491553545, 35.739059448 1.497951388, 35.741577148 1.498821735, 35.742542266 1.504844666, 35.751647949 1.50579989, 35.752578736 1.507068276, 35.750972748 1.510206342, 35.753864289 1.51172185, 35.756141662 1.517070532, 35.761287689 1.518764615, 35.760829925 1.522634387, 35.764053345 1.527475596, 35.762329102 1.529510975, 35.763454438 1.532699108, 35.769348145 1.534645677, 35.768268585 1.5431391, 35.770645141 1.55026567, 35.773895263 1.552768349, 35.774208069 1.558330059, 35.77602005 1.561768293, 35.77545929 1.571833133, 35.779842377 1.57166779, 35.779689789 1.578150153, 35.78130722 1.579996824, 35.784122467 1.580047727, 35.779148102 1.589087129, 35.782398224 1.593275547, 35.780479431 1.596400022, 35.781772613 1.601152301, 35.77910614 1.604805469, 35.783321381 1.605646014, 35.786697388 1.609466672, 35.78446579 1.610485435, 35.78414917 1.613467693, 35.780647278 1.616843462, 35.780208588 1.623157382, 35.780895233 1.625032783, 35.787117004 1.624570847, 35.790390015 1.626150131, 35.790523529 1.627283335, 35.785522461 1.633222222, 35.781208039 1.633534789, 35.780208588 1.639223575, 35.777519226 1.641286611, 35.777458191 1.645037413, 35.781715393 1.649061203, 35.779335022 1.651601314, 35.781147003 1.656727553))",Baringo,Baringo,1748754165,145.28869999999998,7239.682200000002,342908236418,0.0,12.0,0.0,0.0,12.0,80.0,51.42857142857144,1.75,3.9761517336107346,10.25,5.857142857142857,2.5778694292161726,0,0,1,1,,,0.0,0.0,0.0,0.0,,0,0,0,0,,,0.0,0.0,0.0,0.0,,0,0,0,0,,,0.0,0.0,0.0,0.0,,0,0,0,0,80.0,51.42857142857144,1.75,3.9761517336107346,10.25,5.857142857142857,2.5778694292161726,0,0,1,1,-3.96,38.99394503959011,63.12984757464614,25.143333333333306,15.24247326135722,-29.103333333333307,-1.157497017101949,-1.909357676691236,1.0,0.0,0.0,0.0,-0.6409106111133159,0.0,0.0,0.0,0.0,-1.2196841143453858,0.27855988616889726,-0.6409106111133159
70,24749629,2022-02-01,Kenya,Kenya_2022-02,54986000,272357,13618.0,0.05,2.0,0.75,0.2,0.05,0.0,0.0,0.65,0.25,0.1,0.0,0.0,,,,,,Embu,"POLYGON ((37.559579774 -0.366037944, 37.56253241 -0.368453295, 37.565210382 -0.368254739, 37.56847583 -0.365876548, 37.57043281 -0.366546176, 37.579767566 -0.373575257, 37.584448295 -0.372336902, 37.586584569 -0.376533914, 37.601889449 -0.387209041, 37.609976772 -0.387997241, 37.612269452 -0.386984619, 37.61579049 -0.390991986, 37.627177594 -0.393218853, 37.631617993 -0.39207091, 37.633063793 -0.394232845, 37.637469858 -0.39455918, 37.637759782 -0.401614128, 37.639228471 -0.404400156, 37.646178992 -0.411718562, 37.65632248 -0.417979288, 37.661323651 -0.424935627, 37.667518846 -0.425895444, 37.669800082 -0.42790382, 37.675392542 -0.429532847, 37.684097859 -0.430990585, 37.688519184 -0.434120919, 37.694229904 -0.441502588, 37.699879586 -0.441322687, 37.705384307 -0.445520503, 37.71508528 -0.446779478, 37.717435182 -0.448407998, 37.718301136 -0.4514925, 37.727487115 -0.454298106, 37.733232166 -0.453032782, 37.73434608 -0.451088296, 37.738786478 -0.44852931, 37.748449304 -0.448784215, 37.757009659 -0.450603751, 37.75852794 -0.452322594, 37.769152089 -0.452595766, 37.779894495 -0.44885284, 37.785059701 -0.450463779, 37.788267926 -0.446484393, 37.790961157 -0.446322015, 37.799822879 -0.441013862, 37.801863784 -0.440914689, 37.808329827 -0.433100536, 37.812674855 -0.432983631, 37.815711416 -0.430216227, 37.817393731 -0.424092757, 37.819262971 -0.423269899, 37.82003737 -0.421108173, 37.8231693 -0.419896549, 37.826179157 -0.416378343, 37.828452763 -0.417147531, 37.829879489 -0.415248221, 37.829562862 -0.412290308, 37.832263723 -0.408681571, 37.833907891 -0.407487826, 37.841300925 -0.408149199, 37.842430098 -0.406313153, 37.845760397 -0.40697393, 37.850559383 -0.396183359, 37.852592658 -0.394953438, 37.85458397 -0.391018901, 37.856819428 -0.392267506, 37.867424502 -0.384589268, 37.865677335 -0.382807071, 37.866501325 -0.372033932, 37.872013675 -0.367303804, 37.871140091 -0.364436243, 37.87351288 -0.359741905, 37.87392869 -0.351211964, 37.880787656 -0.35075147, 37.885044944 -0.348137802, 37.88587275 -0.345840309, 37.888176874 -0.346392377, 37.895512688 -0.355511217, 37.893105565 -0.363100234, 37.889908784 -0.367740248, 37.890713702 -0.370164568, 37.896458753 -0.372336217, 37.897145413 -0.374480122, 37.895711058 -0.377365503, 37.896947045 -0.381752816, 37.89262872 -0.384701133, 37.890698445 -0.390010656, 37.890721334 -0.396650136, 37.900487158 -0.39926565, 37.902833245 -0.401482148, 37.901799442 -0.408410983, 37.909173402 -0.412301623, 37.909776137 -0.417430589, 37.915998035 -0.416662592, 37.923024851 -0.418174179, 37.921262425 -0.422190247, 37.923417774 -0.428115489, 37.927907764 -0.430721289, 37.932573234 -0.428849453, 37.936120975 -0.431364692, 37.934911691 -0.432115315, 37.936563489 -0.435598149, 37.929983004 -0.45047747, 37.918847677 -0.464596155, 37.914525538 -0.468114272, 37.912000158 -0.476264058, 37.898839187 -0.504457234, 37.8931361 -0.512606364, 37.882805693 -0.538312134, 37.88303458 -0.542789769, 37.886059697 -0.5481452999999999, 37.888508784 -0.557480872, 37.888470637 -0.563333343, 37.88372506 -0.585258967, 37.902894307 -0.600025282, 37.90208939 -0.603887614, 37.918923995 -0.6230135570000001, 37.923707723 -0.626723314, 37.907830632 -0.641491601, 37.894208072 -0.647693922, 37.893403155 -0.654649873, 37.895470765 -0.66834537, 37.897805408 -0.67194606, 37.895890392 -0.676305628, 37.896733458 -0.6797521949999999, 37.895470768 -0.683116872, 37.897919854 -0.686889506, 37.90358098 -0.687442587, 37.902627286 -0.685253326, 37.904576637 -0.687135233, 37.899564026 -0.7058766440000001, 37.900216353 -0.711005698, 37.901631635 -0.712380951, 37.905991922 -0.711576956, 37.908784338 -0.71379381, 37.910508616 -0.709814128, 37.912496114 -0.710239726, 37.914372986 -0.726685252, 37.916513075 -0.731552307, 37.913186593 -0.73843525, 37.913873253 -0.742451704, 37.905763044 -0.756759942, 37.904958128 -0.760242328, 37.892296891 -0.7705691569999999, 37.894589573 -0.782310988, 37.885560002 -0.78491369, 37.885830851 -0.788622493, 37.881428603 -0.7971150930000001, 37.881581194 -0.800027829, 37.885636301 -0.8045064750000001, 37.885560006 -0.807337738, 37.884182873 -0.8089383959999999, 37.879326664 -0.808403374, 37.871941261 -0.813991464, 37.867924302 -0.812154138, 37.861114929 -0.814485961, 37.856827122 -0.812458514, 37.8447381 -0.813839014, 37.840454107 -0.812073923, 37.835899267 -0.816324008, 37.833831658 -0.815364579, 37.830199991 -0.808407557, 37.821590043 -0.8070301600000001, 37.815753438 -0.809950108, 37.813056393 -0.814987618, 37.809077583 -0.817736218, 37.808657956 -0.807795238, 37.807242674 -0.805841038, 37.805522211 -0.805650619, 37.798899763 -0.813916026, 37.79752263 -0.8175066439999999, 37.791975947 -0.820227591, 37.789374272 -0.824776565, 37.785357313 -0.824359252, 37.781645538 -0.827759153, 37.770281322 -0.822753591, 37.76634066 -0.825737311, 37.759226104 -0.825807461, 37.757925265 -0.820262344, 37.75562877 -0.818235552, 37.756700721 -0.815060997, 37.750806891 -0.806068302, 37.747861881 -0.788935894, 37.744955021 -0.782313998, 37.739408338 -0.778983711, 37.732942294 -0.777344613, 37.725328003 -0.78311305, 37.716908795 -0.782775839, 37.71622595 -0.781699237, 37.712853688 -0.782277113, 37.699501976 -0.787021575, 37.699883455 -0.791996446, 37.694146033 -0.793713145, 37.693531855 -0.7974214120000001, 37.691006475 -0.799799424, 37.68928601 -0.796967803, 37.683010705 -0.79749943, 37.68167172 -0.80086369, 37.68281997 -0.812577212, 37.680714215 -0.819577267, 37.682053202 -0.825158441, 37.6737904 -0.829488151, 37.671722793 -0.833241118, 37.671379464 -0.8396175850000001, 37.66621426 -0.8449794349999999, 37.665256752 -0.848569934, 37.657413574 -0.850068619, 37.653549207 -0.847236224, 37.650184575 -0.847388858, 37.646587241 -0.844900291, 37.640578971 -0.84819047, 37.636027943 -0.841459568, 37.629943376 -0.841421247, 37.627837623 -0.853775581, 37.625544943 -0.854697284, 37.61957482 -0.853817839, 37.617854356 -0.854314659, 37.616053783 -0.857371089, 37.604262313 -0.858415986, 37.603312435 -0.864828272, 37.596083436 -0.863568345, 37.588392849 -0.867318989, 37.588125816 -0.86953483, 37.591299709 -0.871028328, 37.592447957 -0.873443707, 37.589159621 -0.875622181, 37.588583591 -0.8805150430000001, 37.586020062 -0.881165271, 37.576227534 -0.879406916, 37.565321092 -0.883499839, 37.562223493 -0.877836836, 37.560617473 -0.877573944, 37.554571055 -0.88281737, 37.551740493 -0.887058098, 37.550325211 -0.887401211, 37.547761681 -0.885030591, 37.546151846 -0.885527351, 37.54382102 -0.889587374, 37.53830867 -0.8914935389999999, 37.533257909 -0.898157215, 37.536359324 -0.909554324, 37.533475355 -0.91459988, 37.530198463 -0.9164797609999999, 37.519333983 -0.9187363120000001, 37.516808601 -0.916564634, 37.517418964 -0.91112024, 37.51619442 -0.905005832, 37.508656424 -0.90392649, 37.503414922 -0.901753681, 37.496147775 -0.905305025, 37.491554785 -0.901558854, 37.485779215 -0.899910399, 37.483902344 -0.895586531, 37.478622695 -0.894851793, 37.47690223 -0.890347101, 37.47230924 -0.8865195769999999, 37.474109813 -0.883580974, 37.474910914 -0.876689689, 37.471546283 -0.877529443, 37.467529323 -0.874208632, 37.462974482 -0.876540097, 37.460830578 -0.873021118, 37.457694832 -0.871835033, 37.454444644 -0.872946084, 37.447745898 -0.871378744, 37.444991628 -0.8645675, 37.443652642 -0.863798193, 37.438910876 -0.864411232, 37.433860113 -0.86315208, 37.428385911 -0.86747279, 37.420542732 -0.86303801, 37.415301231 -0.862882039, 37.412165485 -0.86062883, 37.412852144 -0.857789401, 37.415915408 -0.854923748, 37.413733355 -0.851368651, 37.404894521 -0.852631085, 37.39881377 -0.8574850899999999, 37.394873106 -0.8557289380000001, 37.389368385 -0.856242089, 37.386377601 -0.853012226, 37.382436939 -0.858255891, 37.380907214 -0.858562768, 37.377348028 -0.855766728, 37.378534422 -0.852167885, 37.370843834 -0.850184065, 37.365026301 -0.845894945, 37.356038689 -0.844751594, 37.352162878 -0.847426828, 37.35110237 -0.8432934989999999, 37.347886514 -0.845516851, 37.344174737 -0.843028283, 37.337941395 -0.847583517, 37.334687391 -0.84463395, 37.331242649 -0.845093699, 37.327496539 -0.843789847, 37.324624012 -0.840614338, 37.327416427 -0.836907739, 37.326001145 -0.835948548, 37.320835939 -0.837176235, 37.316628239 -0.825960605, 37.313645085 -0.8241235770000001, 37.314026561 -0.819267427, 37.311119702 -0.8162456850000001, 37.306488564 -0.814525531, 37.307102741 -0.809172145, 37.305763755 -0.807679421, 37.307713104 -0.803619756, 37.30633597 -0.801864796, 37.30216642 -0.800099585, 37.300175106 -0.796011194, 37.294819161 -0.794173213, 37.286937833 -0.783724983, 37.281848922 -0.785450145, 37.276412867 -0.78558353, 37.267921176 -0.781447281, 37.277469554 -0.756437751, 37.286014652 -0.757589625, 37.293735758 -0.756887305, 37.29980888 -0.7557412100000001, 37.30592015 -0.751511328, 37.316571003 -0.7509004929999999, 37.318814093 -0.760134687, 37.326867085 -0.767580543, 37.348668529 -0.7750952330000001, 37.359231642 -0.772476677, 37.35975045 -0.764762682, 37.367589814 -0.765046075, 37.371751734 -0.767010109, 37.375555065 -0.7639819289999999, 37.378500071 -0.763702705, 37.390135135 -0.755088402, 37.397238247 -0.754322371, 37.407885284 -0.750274624, 37.421816844 -0.750270687, 37.445403598 -0.733267425, 37.464584289 -0.7362314720000001, 37.46437829 -0.731573729, 37.467990883 -0.731222271, 37.468288435 -0.7295492, 37.474262372 -0.726910381, 37.48094586 -0.730729263, 37.486080547 -0.7311198759999999, 37.493401102 -0.734387286, 37.497212062 -0.7326520520000001, 37.493706283 -0.728544828, 37.493275213 -0.724917973, 37.489799952 -0.7235692419999999, 37.490204318 -0.721688229, 37.48820156 -0.719489791, 37.485767734 -0.72101744, 37.484360082 -0.719497599, 37.484485969 -0.717164227, 37.480224865 -0.7170271499999999, 37.47911095 -0.7156611349999999, 37.478492954 -0.704979811, 37.480686449 -0.696569517, 37.480129491 -0.69296978, 37.475582278 -0.687641366, 37.474804063 -0.681617726, 37.477157779 -0.6787153, 37.477604107 -0.679393778, 37.477272221 -0.675115801, 37.479294052 -0.671688723, 37.476509265 -0.667319559, 37.47632997 -0.663132054, 37.473991512 -0.660363846, 37.474853651 -0.658555306, 37.472896671 -0.655452567, 37.473472701 -0.650216233, 37.479377972 -0.641617068, 37.478924013 -0.637899801, 37.4804957 -0.635729672, 37.481266283 -0.628277556, 37.487228777 -0.626036323, 37.487587365 -0.619370918, 37.489044609 -0.617698144, 37.484154065 -0.608715936, 37.483433072 -0.60667174, 37.484340989 -0.605948503, 37.482918078 -0.605758143, 37.481968198 -0.603822418, 37.479789962 -0.604427768, 37.477462948 -0.6013792650000001, 37.480102772 -0.598657723, 37.478443345 -0.5958988120000001, 37.480152363 -0.592055552, 37.483867954 -0.590880849, 37.485920303 -0.584242978, 37.479816661 -0.578181791, 37.477173021 -0.573387684, 37.476383362 -0.570837013, 37.477539239 -0.569444535, 37.472808916 -0.558644668, 37.463539012 -0.557773983, 37.461990212 -0.552546172, 37.452811862 -0.550979129, 37.448295167 -0.545741484, 37.446650997 -0.532564021, 37.438723893 -0.524494814, 37.433852424 -0.5217894239999999, 37.427783115 -0.5114597950000001, 37.4263335 -0.5060331, 37.427687745 -0.50275049, 37.426936234 -0.500507441, 37.430922674 -0.497279722, 37.431182078 -0.495262971, 37.426264832 -0.488750229, 37.424830476 -0.483956628, 37.429255613 -0.467253567, 37.427348225 -0.465480518, 37.428748247 -0.458969235, 37.427897552 -0.456310123, 37.428816912 -0.448550652, 37.426489899 -0.448468763, 37.424525289 -0.446759038, 37.423449522 -0.443665805, 37.425543834 -0.442074534, 37.424090404 -0.440853314, 37.425993977 -0.439985489, 37.42534928 -0.438339356, 37.427409258 -0.433908297, 37.426920966 -0.42972088, 37.425341649 -0.427577154, 37.426127493 -0.423806008, 37.308720128 -0.15250746, 37.500916154 -0.316438905, 37.553762241 -0.363504557, 37.559579774 -0.366037944))",Embu,Embu,460684853,-28.49470000000001,1987.9093000000007,91104909504,0.0,2.0,0.0,0.0,2.0,100.0,99.99999999999989,0.16666666666666666,0.4484272031464407,1.8333333333333333,11.0,4.088363329587368,0,0,1,1,50.0,50.0,0.08333333333333333,0.2041241452319315,-0.08333333333333333,-1.0,-0.408248290463863,0,0,0,0,,,0.0,0.0,0.0,0.0,,0,0,0,0,,,0.0,0.0,0.0,0.0,,0,0,0,0,75.0,54.16666666666665,0.25,0.48154341234307685,1.75,7.0,3.6341479400266574,0,0,1,1,,,,,,,,,,,,,,,,,,,,
71,24749629,2022-02-01,Kenya,Kenya_2022-02,54986000,841353,210339.0,0.25,3.0,0.45,0.3,0.2,0.05,0.0,0.4,0.3,0.2,0.1,0.0,,,,,,Garissa,"POLYGON ((39.598397398 0.708115053, 39.602776756 0.698732927, 39.611745285 0.687106587, 39.628625654 0.6702864039999999, 39.635198508 0.66707394, 39.638185475 0.662161168, 39.647718591 0.652606561, 39.658533468 0.623067528, 39.664263256 0.612608801, 39.674654697 0.6030270760000001, 39.675120098 0.598232252, 39.677527219 0.5928762990000001, 39.692271315 0.575522944, 39.698870872 0.570817875, 39.701941763 0.564457674, 39.712306501 0.5537814089999999, 39.715442243 0.547719801, 39.719470643 0.543295505, 39.724509958 0.540589934, 39.73093022 0.530176563, 39.733535709 0.5235450659999999, 39.764542183 0.508415539, 39.77246928 0.498888648, 39.780796929 0.492012317, 39.796712162 0.486220663, 39.800198863 0.480548149, 39.809873128 0.482862866, 39.820188274 0.480437173, 39.826597093 0.477514422, 39.832170476 0.478201244, 39.850920085 0.473784307, 39.864081051 0.465062036, 39.871046826 0.458846364, 39.876612579 0.456475563, 39.8859397 0.461277955, 39.899981879 0.461701346, 39.907157467 0.459637898, 39.939827179 0.428723051, 39.958695044 0.416644207, 39.97161568 0.410120406, 40.008329052 0.396646431, 40.022775597 0.39434697, 40.049314972 0.392525433, 40.057963061 0.389846772, 40.085871937 0.371733678, 40.122280126 0.34431189, 40.151241879 0.329926048, 40.174202995 0.313542052, 40.220956845 0.261264024, 40.237432847 0.246979981, 40.252833083 0.238611733, 40.271178324 0.231328729, 40.294913839 0.219133865, 40.309276457 0.207790213, 40.321052659 0.201294963, 40.338879091 0.196617297, 40.358548058 0.194779582, 40.368134581 0.195656123, 40.378861721 0.193792021, 40.392259202 0.18546983, 40.403776 0.180358699, 40.408922128 0.179951278, 40.422529422 0.186561762, 40.435511092 0.185511517, 40.450163633 0.182236223, 40.464419437 0.18190944, 40.473037008 0.183093528, 40.480998438 0.185616216, 40.490829107 0.192425702, 40.498431948 0.194270046, 40.501495211 0.192406659, 40.501270139 0.189530621, 40.504928506 0.188951465, 40.507736178 0.190723873, 40.510952031 0.196005382, 40.513832185 0.204280519, 40.520939106 0.209317417, 40.523876481 0.216959401, 40.526859634 0.220920414, 40.535450501 0.22544154, 40.546490452 0.223920953, 40.560944624 0.216358653, 40.56368363 0.213817012, 40.570889735 0.21276717, 40.577130703 0.214530072, 40.586621856 0.212096275, 40.595342426 0.22196216, 40.598546835 0.222820971, 40.603921849 0.221825558, 40.614294215 0.228760947, 40.622301422 0.227882781, 40.631170767 0.229066482, 40.644324102 0.226849268, 40.650912214 0.229941398, 40.660998472 0.238133631, 40.669593154 0.243115519, 40.680774252 0.254074739, 40.684623358 0.261191369, 40.685554162 0.267684413, 40.700408886 0.282431986, 40.705810604 0.292306454, 40.715420017 0.315907858, 40.736378376 0.3240251, 40.739762079 0.32654752, 40.746018306 0.336186393, 40.753125227 0.341918413, 40.769048087 0.349412068, 40.794580357 0.356370162, 40.811063987 0.359432402, 40.821142615 0.36355384, 40.848624234 0.371532811, 40.866374369 0.378961949, 40.885795374 0.388750593, 40.891925713 0.393161893, 40.922779592 0.423843989, 40.949524959 0.436658875, 40.959611217 0.443772257, 40.978620226 0.449879453, 40.994493493 0.460472092, 40.992486895 -0.118882529, 40.993593271 -0.832570842, 41.10793728 -0.986906804, 41.119442638 -1.012747888, 41.220694345 -1.138025753, 41.562314927 -1.590002546, 41.563352577 -1.661719074, 40.899036827 -1.71762199, 40.500122377 -1.905535448, 40.213343106 -2.039033969, 40.210203545 -2.033066661, 40.208513595 -2.022892127, 40.195020733 -2.003409637, 40.197332477 -1.98845608, 40.19684037 -1.984431347, 40.194089915 -1.977785085, 40.187940496 -1.968861897, 40.18530067 -1.961925983, 40.189134502 -1.933412655, 40.186815111 -1.916517716, 40.187249973 -1.872222761, 40.185388359 -1.862111401, 40.18066185 -1.852372776, 40.172723303 -1.842256293, 40.176179476 -1.818383476, 40.172742356 -1.799471937, 40.171597915 -1.780070373, 40.174306399 -1.76995603, 40.18321007 -1.751633563, 40.184865676 -1.739918863, 40.182511958 -1.733498243, 40.174127081 -1.719519373, 40.172334135 -1.713143452, 40.171857281 -1.69698885, 40.173802807 -1.679665865, 40.174180461 -1.659973931, 40.173127578 -1.646171352, 40.168332398 -1.622918487, 40.160134444 -1.604922987, 40.150952281 -1.594118847, 40.14033195 -1.584889438, 40.129082178 -1.567473959, 40.120838441 -1.536045274, 40.119388821 -1.522143044, 40.115558786 -1.513850293, 40.113418698 -1.512675474, 40.107044209 -1.502466252, 40.100334017 -1.488168642, 40.093269058 -1.487955042, 40.084991 -1.484702716, 40.052576883 -1.504655234, 40.046316839 -1.501211832, 40.045199109 -1.496101558, 40.050276572 -1.496379526, 40.051997033 -1.494053965, 40.049132137 -1.488564521, 40.050146864 -1.483516586, 40.047358264 -1.480460459, 40.045832353 -1.476354432, 40.049143573 -1.469206697, 40.043406154 -1.466052471, 40.047079779 -1.46203441, 40.048201316 -1.446086256, 40.044012693 -1.441302944, 40.046080299 -1.438859614, 40.045092272 -1.437702197, 40.038378271 -1.435425749, 40.035883402 -1.414169332, 40.026415128 -1.39464368, 40.022936055 -1.392519446, 40.023737156 -1.391062602, 40.028520881 -1.389296676, 40.028684915 -1.387496422, 40.024606921 -1.38184463, 40.023287007 -1.373161144, 40.018564319 -1.375967434, 40.016126678 -1.374186372, 40.018220986 -1.366930763, 40.01483728 -1.360808137, 40.020994319 -1.347209619, 40.025758968 -1.341961072, 40.018278197 -1.337197071, 40.018228601 -1.328106045, 40.013334245 -1.321350833, 40.012838323 -1.315733488, 40.011201784 -1.312323936, 40.011362004 -1.310813215, 40.018327778 -1.305907482, 40.013196906 -1.298175319, 40.01336094 -1.296664598, 40.019807905 -1.292564289, 40.020429712 -1.29082721, 40.01881606 -1.282026313, 40.026006906 -1.276821987, 40.026289198 -1.275257031, 40.022794865 -1.271160659, 40.022844456 -1.269251934, 40.017812771 -1.268765487, 40.015432352 -1.266694892, 40.021612281 -1.257203356, 40.022157791 -1.25204707, 40.018915234 -1.249804948, 40.010835545 -1.251418182, 40.009443153 -1.25032418, 40.014150581 -1.245491873, 40.009771219 -1.238618773, 40.014612162 -1.226938635, 40.011827377 -1.224868279, 40.005182043 -1.224454662, 40.003316618 -1.221560644, 40.005368964 -1.216856, 40.003385282 -1.214088689, 39.997216794 -1.215637794, 39.993909386 -1.213974619, 39.995126295 -1.204693113, 39.986703274 -1.197794148, 39.983525565 -1.187962303, 39.976884043 -1.17890966, 39.976353786 -1.168018498, 39.969811447 -1.155663938, 39.967484435 -1.153358045, 39.958855417 -1.149823933, 39.957710983 -1.142117157, 39.954243354 -1.14191023, 39.950329398 -1.143847444, 39.947487391 -1.14253662, 39.946259034 -1.140049425, 39.946262843 -1.12168595, 39.943409391 -1.116024024, 39.939869274 -1.088289882, 39.93473459 -1.089250384, 39.932464799 -1.086546249, 39.93057267 -1.079834661, 39.927425481 -1.075222158, 39.930977033 -1.070851746, 39.931080031 -1.068762078, 39.922195423 -1.061636515, 39.921955092 -1.060071559, 39.925396016 -1.056171623, 39.926590039 -1.052742759, 39.921810127 -1.046050125, 39.912750039 -1.038173612, 39.910121656 -1.024985018, 39.912730959 -1.017548344, 39.911857376 -1.016282218, 39.904231644 -1.016040009, 39.899341104 -1.01027903, 39.89797923 -1.011165867, 39.898734554 -1.006461699, 39.904224011 -1.002118046, 39.900767826 -0.997704425, 39.901416336 -0.993705853, 39.898093668 -0.991074309, 39.898307295 -0.989454998, 39.900405419 -0.986252075, 39.905494327 -0.987055829, 39.906516685 -0.9858252240000001, 39.902606542 -0.981827904, 39.897033158 -0.979287429, 39.892318099 -0.980727049, 39.891616178 -0.969681822, 39.894534478 -0.962932565, 39.892112097 -0.963023693, 39.888819949 -0.967746635, 39.884932696 -0.9706876800000001, 39.882147911 -0.969566678, 39.883582265 -0.964165736, 39.882079243 -0.958684096, 39.884226959 -0.9550741109999999, 39.890551852 -0.952973772, 39.891608543 -0.949490673, 39.89047937 -0.946605236, 39.886859149 -0.943177685, 39.886008454 -0.939369413, 39.874220805 -0.938413504, 39.873423516 -0.934252405, 39.877554914 -0.927258672, 39.872561375 -0.924654544, 39.87162294 -0.9185938380000001, 39.866534031 -0.912633558, 39.865145453 -0.90779416, 39.868960224 -0.903116334, 39.863959056 -0.89970708, 39.863589023 -0.89785265, 39.864786861 -0.896567809, 39.869292108 -0.896919563, 39.872538479 -0.893580694, 39.872969548 -0.890857664, 39.871252899 -0.887176279, 39.864722006 -0.881406299, 39.869795652 -0.871390884, 39.871683962 -0.860317822, 39.870745528 -0.858933988, 39.866057172 -0.857668578, 39.863356311 -0.853996371, 39.861464184 -0.854593854, 39.859713205 -0.862835416, 39.856669017 -0.864202087, 39.854448818 -0.861859599, 39.856344759 -0.856223358, 39.851973028 -0.852623863, 39.850656931 -0.848761415, 39.853292939 -0.846942505, 39.859682684 -0.8506229360000001, 39.860991151 -0.848985267, 39.85753115 -0.839650299, 39.859163871 -0.831182617, 39.858507729 -0.829518189, 39.849760453 -0.8218126650000001, 39.85549024 -0.813407442, 39.854261883 -0.812032667, 39.850565368 -0.811961029, 39.841356506 -0.813980313, 39.839079086 -0.8115835300000001, 39.842188123 -0.796728776, 39.848184945 -0.7915078209999999, 39.844766909 -0.79027823, 39.837843095 -0.79041531, 39.840124329 -0.788017572, 39.836027263 -0.787891759, 39.825765523 -0.784139571, 39.82285485 -0.781688613, 39.823251586 -0.776532086, 39.828184085 -0.764671358, 39.82985877 -0.764824767, 39.831342717 -0.763123804, 39.829740511 -0.759496535, 39.830091469 -0.755326077, 39.835569483 -0.754972235, 39.837236539 -0.754085339, 39.837610386 -0.7518236659999999, 39.835435965 -0.748784523, 39.82973288 -0.749138424, 39.823057026 -0.746335294, 39.821599782 -0.744553456, 39.820241722 -0.737334676, 39.821546374 -0.735642773, 39.824853782 -0.737107662, 39.826631464 -0.7218099650000001, 39.824170935 -0.718942706, 39.826368243 -0.714174825, 39.824849963 -0.713098582, 39.819776315 -0.713334715, 39.819291838 -0.7114260489999999, 39.822381803 -0.704269788, 39.82092456 -0.7033020760000001, 39.817785002 -0.705944171, 39.815820394 -0.705971646, 39.811887362 -0.7003545370000001, 39.810315673 -0.6899514289999999, 39.814077038 -0.681230091, 39.813310268 -0.679737548, 39.805474725 -0.680869637, 39.805188615 -0.6714975949999999, 39.802850159 -0.669218282, 39.798199951 -0.670892664, 39.794099069 -0.6704862579999999, 39.796372673 -0.663103996, 39.795804271 -0.659060306, 39.78476813 -0.643809694, 39.783341404 -0.640064716, 39.783459661 -0.635722374, 39.789776924 -0.628647108, 39.790848874 -0.62197968, 39.789620517 -0.62054149, 39.777462835 -0.61705136, 39.773033883 -0.613695744, 39.769856176 -0.6087025190000001, 39.768238712 -0.608775111, 39.764713862 -0.612701809, 39.763203212 -0.612141159, 39.760498537 -0.608007296, 39.755211261 -0.604832683, 39.75320469 -0.601331942, 39.752971988 -0.596591596, 39.751118008 -0.595859122, 39.744266677 -0.601613609, 39.736244209 -0.601316211, 39.727783041 -0.598413371, 39.718135481 -0.602114724, 39.713206793 -0.599980357, 39.710181678 -0.597881927, 39.713622602 -0.5915307319999999, 39.712440022 -0.5895768300000001, 39.706023574 -0.592897761, 39.705886241 -0.5863661, 39.699202758 -0.582630718, 39.701567916 -0.572941428, 39.700579888 -0.558656917, 39.696597264 -0.558476451, 39.690154113 -0.564402823, 39.687708844 -0.562810868, 39.687743176 -0.556451091, 39.68506139 -0.553999714, 39.676951182 -0.556126634, 39.675841082 -0.545605458, 39.681818831 -0.543858782, 39.683497331 -0.539434729, 39.66278311 -0.525351308, 39.656027146 -0.518222403, 39.654112129 -0.514469021, 39.654081609 -0.502961596, 39.645303815 -0.497579635, 39.643354466 -0.493961126, 39.644144121 -0.473877248, 39.643049281 -0.469489699, 39.643949567 -0.467806914, 39.642072698 -0.465283034, 39.634263857 -0.463420111, 39.633149943 -0.462162716, 39.633523791 -0.45983766, 39.630456713 -0.459068949, 39.627996184 -0.46089662, 39.626603792 -0.459983023, 39.625291508 -0.443056594, 39.627446854 -0.435221913, 39.626752565 -0.430363828, 39.628286102 -0.415137975, 39.625333467 -0.414360175, 39.619756269 -0.415826198, 39.617372035 -0.414234153, 39.618833093 -0.411266705, 39.618833093 -0.406752329, 39.617162222 -0.402093366, 39.612683678 -0.399144454, 39.614255364 -0.395996033, 39.611550689 -0.391581397, 39.611829167 -0.386370424, 39.607770248 -0.380173621, 39.610436774 -0.376844227, 39.610783918 -0.371913669, 39.609383896 -0.368973548, 39.610299441 -0.363925371, 39.609597522 -0.362242705, 39.604764204 -0.361329317, 39.605607269 -0.358389046, 39.601754348 -0.35298834, 39.601411017 -0.347876898, 39.598816972 -0.34675527, 39.59489157 -0.349487658, 39.59362888 -0.348365911, 39.592228858 -0.342087486, 39.582981847 -0.336017629, 39.576088551 -0.333964405, 39.572521737 -0.325795282, 39.569321142 -0.323470404, 39.570396908 -0.317146564, 39.565613182 -0.313220493, 39.56353413 -0.303884207, 39.557316048 -0.295688027, 39.553749235 -0.296258184, 39.551250559 -0.299469959, 39.548713735 -0.299388665, 39.543209016 -0.2931013, 39.539970274 -0.292278205, 39.537013825 -0.295779513, 39.534610518 -0.301886293, 39.530666042 -0.304365355, 39.526622383 -0.303958441, 39.526027278 -0.302520013, 39.531436625 -0.288107955, 39.529369018 -0.284263117, 39.524261036 -0.281956357, 39.523421786 -0.274972157, 39.519210275 -0.270276986, 39.515490871 -0.259167473, 39.512423793 -0.253884147, 39.510508776 -0.252816694, 39.504576804 -0.253414028, 39.502562603 -0.249451511, 39.491267059 -0.245842195, 39.489172748 -0.244132381, 39.487334027 -0.240341763, 39.484072396 -0.237899177, 39.485480047 -0.23082437, 39.48289363 -0.227214695, 39.476194888 -0.222157638, 39.471975748 -0.221171642, 39.465147303 -0.214838937, 39.461050237 -0.214839056, 39.45669758 -0.212758371, 39.448831517 -0.201992611, 39.439325101 -0.193669558, 39.437066755 -0.193181082, 39.425858951 -0.195642175, 39.420140605 -0.195316615, 39.41534925 -0.199197943, 39.411187332 -0.193760731, 39.402684202 -0.196067954, 39.397297742 -0.194349126, 39.393322747 -0.185844935, 39.386345526 -0.18136675, 39.38029148 -0.172717822, 39.374977501 -0.169406665, 39.367202992 -0.170320575, 39.36545964 -0.155962796, 39.363914657 -0.155818059, 39.358856268 -0.169244123, 39.35300059 -0.171117001, 39.349117151 -0.169606189, 39.347362354 -0.150028153, 39.338302267 -0.149340706, 39.339526809 -0.146264653, 39.32324917 -0.144808285, 39.269960598 -0.147423623, 39.267641216 -0.1464737, 39.240438065 -0.146663987, 39.239045673 -0.145994508, 39.239198263 -0.144483622, 39.237294691 -0.144393165, 39.216408806 -0.147451339, 39.183029536 -0.146917852, 39.178779878 -0.14361562, 39.168327398 -0.142086705, 39.145999527 -0.144755815, 39.143950994 -0.142294961, 39.144580431 -0.124598428, 39.143523738 -0.122761831, 39.133570994 -0.12457134, 39.131198204 -0.119287722, 39.130545878 -0.113461259, 39.123580101 -0.109914744, 39.117838866 -0.102767381, 39.11245622 -0.100822232, 39.109915581 -0.091838251, 39.098970994 -0.083433321, 39.096888128 -0.078312542, 39.087263453 -0.069717602, 39.081846474 -0.061014084, 39.079210466 -0.053595279, 39.07508288 -0.050872039, 39.059644491 -0.055649045, 39.045766343 -0.056128563, 39.037530247 -0.047976922, 39.032139971 -0.045561284, 39.029446741 -0.046348405, 39.017334834 -0.058535171, 39.011036642 -0.057639487, 39.008846962 -0.053332954, 39.001583632 -0.053902936, 38.990776378 -0.056834271, 38.98786952 -0.06687681199999999, 38.981006743 -0.082772978, 38.933623436 -0.101609469, 38.914915784 -0.09658816200000001, 38.900991859 -0.09072546200000001, 38.878339731 -0.086753624, 38.85776284 -0.08068281099999999, 38.822224405 -0.082772594, 38.808300479 -0.07273004600000001, 38.79562017 -0.07566131099999999, 38.776916333 -0.06980764, 38.771289541 -0.073779367, 38.760482286 -0.064931092, 38.764617501 -0.058344707, 38.765243124 -0.056580493, 38.76420169 -0.054653425, 38.752761182 -0.048908373, 38.754557941 -0.040313492, 38.751151348 -0.036377927, 38.751307753 -0.028778238, 38.749133332 -0.0205, 38.742785548 -0.015632574, 38.741778447 -0.005843454, 38.737639417 0.001837654, 38.73927977 0.004135654, 38.739516286 0.007302189, 38.738108635 0.022022049, 38.735278072 0.026292341, 38.732462769 0.036886649, 38.732508546 0.042396418, 38.730379903 0.047906176, 38.73144041 0.05730626, 38.728823475 0.065493993, 38.730833861 0.073772225, 38.728396221 0.083398466, 38.732512362 0.093884248, 38.730601161 0.103184794, 38.731219154 0.110386394, 38.730223498 0.116267087, 38.733504204 0.125974815, 38.733153246 0.136596261, 38.736052474 0.145770203, 38.753325772 0.165077234, 38.756476776 0.170125638, 38.757384693 0.175499722, 38.755809191 0.188428227, 38.707292907 0.373479241, 38.688673003 0.451402136, 38.678727889 0.475087236, 38.677503349 0.491308802, 38.675046635 0.496221306, 38.665784363 0.49942352, 38.661698741 0.506977735, 38.680341543 0.505766376, 38.696058413 0.50818271, 38.701891202 0.5048807870000001, 38.705278722 0.504528078, 38.710070079 0.510209979, 38.72263213 0.509360091, 38.723509528 0.510481988, 38.721491514 0.519610519, 38.72374986 0.522270496, 38.735728251 0.516580309, 38.738017115 0.516598486, 38.745417778 0.521212903, 38.75221952 0.521493675, 38.755092045 0.519521473, 38.756236476 0.514337405, 38.765342341 0.509063221, 38.766975065 0.509805172, 38.76883286 0.514184113, 38.77576812 0.515677135, 38.784069069 0.522444816, 38.793407638 0.537698845, 38.801475886 0.541182305, 38.803200165 0.546122195, 38.808411147 0.54946077, 38.8104902 0.557512937, 38.815704996 0.562461945, 38.816059771 0.565574222, 38.821610268 0.570812823, 38.825192342 0.577191262, 38.83274941 0.582312273, 38.838273203 0.583126637, 38.841935388 0.598633846, 38.843304893 0.600461399, 38.858014662 0.605754532, 38.891378676 0.604162987, 38.894529679 0.605809656, 38.902834442 0.605601713, 38.9241514 0.608216749, 38.934199515 0.610885844, 38.939624124 0.614631482, 38.946479272 0.6133196990000001, 38.953345866 0.615074958, 38.962924763 0.612749868, 38.980098875 0.614052766, 38.992477817 0.619544544, 39.012928821 0.62471055, 39.013825293 0.62647475, 39.012402383 0.631486994, 39.013596408 0.636833947, 39.016304898 0.639077683, 39.022229242 0.639855751, 39.025128471 0.642977027, 39.023423269 0.653245753, 39.026993899 0.662121165, 39.028706732 0.663659245, 39.034718816 0.663894423, 39.040662235 0.668571837, 39.047803492 0.674714917, 39.049520142 0.6814280069999999, 39.051351233 0.682975086, 39.057817275 0.684693989, 39.061143758 0.682079246, 39.067487726 0.681237762, 39.072698707 0.677564476, 39.086931627 0.674687197, 39.090330592 0.6781341829999999, 39.096361749 0.678070708, 39.098108916 0.6814362819999999, 39.097902919 0.6848290339999999, 39.100649556 0.687479832, 39.118903249 0.689605558, 39.125651584 0.6872439930000001, 39.132773766 0.686863808, 39.136653392 0.689894552, 39.141612598 0.690563911, 39.148318973 0.704758921, 39.154456944 0.705934874, 39.156734364 0.708784675, 39.164043471 0.711960067, 39.167160142 0.716691657, 39.173778775 0.718690855, 39.176372822 0.720871177, 39.176895449 0.738947594, 39.180580523 0.750193213, 39.183487381 0.753251075, 39.189293469 0.767093198, 39.20538419 0.794514669, 39.214806683 0.801661521, 39.225274425 0.815068985, 39.236348718 0.841866333, 39.241307928 0.859300032, 39.243871457 0.862231187, 39.248163078 0.864954101, 39.272539482 0.869530311, 39.27805946 0.871728393, 39.280825172 0.875193259, 39.285021427 0.891785535, 39.311347186 0.920915301, 39.337180837 0.935352222, 39.349460595 0.945266688, 39.362488049 0.952638766, 39.371605358 0.954990017, 39.401391113 0.968159199, 39.455625752 0.986879635, 39.460958806 0.99062438, 39.465788311 0.996124265, 39.463217152 0.988235638, 39.481859946 0.973504464, 39.487383736 0.966691245, 39.492674824 0.957109756, 39.49510483 0.939757288, 39.506335517 0.9162606639999999, 39.513636991 0.904154786, 39.546489799 0.815870228, 39.552368358 0.785806597, 39.559246392 0.772850476, 39.563209938 0.757479333, 39.56853536 0.7469208939999999, 39.57800744 0.737239518, 39.584206444 0.72204902, 39.598397398 0.708115053))",Garissa,Garissa,1714712417,-111.93959999999987,7930.9711,335591695687,0.0,8.0,0.0,0.0,8.0,59.09090909090909,54.02837902837904,2.8333333333333335,6.961071881479924,5.166666666666666,1.8235294117647056,0.7422228580073551,0,0,0,0,,,0.0,0.0,0.0,0.0,,0,0,0,0,,,0.0,0.0,0.0,0.0,,0,0,0,0,,,0.0,0.408248290463863,0.0,0.0,0.0,0,0,0,0,59.09090909090909,54.02837902837902,2.8333333333333335,6.95117548186709,5.166666666666666,1.8235294117647056,0.7432795618733101,0,0,0,0,-15.98,38.949386077004284,62.20363893106232,79.86250000000004,48.99917369903703,-95.84250000000004,-1.2000939114102362,-1.956002372380488,1.0,0.0,0.0,0.0,-0.7059935970505075,0.0,0.0,0.0,0.0,-1.3540466571093444,0.5337280054914121,-0.7059935970505075
72,24749629,2022-02-01,Kenya,Kenya_2022-02,54986000,1117840,111784.0,0.1,2.0,0.55,0.35,0.1,0.0,0.0,0.5,0.4,0.1,0.0,0.0,,,,,,Kajiado,"POLYGON ((36.66973394 -1.326282273, 36.675425587 -1.33062682, 36.679446361 -1.328750276, 36.68318103 -1.337585747, 36.685157084 -1.336900593, 36.686816513 -1.343917096, 36.689582227 -1.347110781, 36.689731004 -1.349687377, 36.694213368 -1.353786732, 36.69714693 -1.352297941, 36.702964464 -1.352276364, 36.706245173 -1.356256998, 36.71346273 -1.360440388, 36.719028491 -1.367216703, 36.728752358 -1.375108954, 36.741577638 -1.381720535, 36.744877419 -1.381461515, 36.749783222 -1.385109346, 36.753914625 -1.384589043, 36.758812798 -1.38574181, 36.761246624 -1.38474972, 36.764817255 -1.385765529, 36.767235824 -1.388760272, 36.772439179 -1.389063511, 36.780980462 -1.386485959, 36.783936914 -1.389255178, 36.78773643 -1.387287925, 36.790288516 -1.38841137, 36.793122894 -1.385484806, 36.795594869 -1.385541425, 36.796285344 -1.388245205, 36.801011851 -1.387435964, 36.803411346 -1.388767173, 36.805631545 -1.386753194, 36.806699683 -1.389384978, 36.809221249 -1.388013121, 36.809705725 -1.385617826, 36.812395143 -1.386614802, 36.815870402 -1.381971183, 36.820043767 -1.381333112, 36.822515743 -1.385159623, 36.829092418 -1.387697119, 36.832941527 -1.38739328, 36.836783007 -1.388825211, 36.837652775 -1.386855097, 36.840372711 -1.388258897, 36.844095932 -1.38657176, 36.845335734 -1.387567306, 36.845572252 -1.391798615, 36.847578824 -1.392632289, 36.850066059 -1.396404564, 36.857764278 -1.398816543, 36.864077734 -1.404174515, 36.87019282 -1.403836585, 36.871249514 -1.407779434, 36.87575095 -1.406246658, 36.879443653 -1.407569999, 36.881293819 -1.406116015, 36.895759452 -1.412051142, 36.895171977 -1.413569493, 36.891231313 -1.412996388, 36.878772278 -1.478062337, 36.884837775 -1.487045851, 36.8895948 -1.486128259, 36.898586224 -1.477339868, 36.906601067 -1.47236571, 36.909401111 -1.468634438, 36.919384378 -1.464376306, 36.924011699 -1.458793045, 36.932518649 -1.458611026, 36.937237526 -1.4555866, 36.943932458 -1.455249147, 36.951520048 -1.457914184, 36.949269332 -1.462532413, 36.978830036 -1.477658813, 36.971993963 -1.4928695, 36.975625633 -1.500666751, 36.969682215 -1.509693656, 36.96452464 -1.513413963, 36.965440188 -1.520422001, 36.964574238 -1.529236613, 36.963303918 -1.532408962, 36.959801954 -1.53202586, 36.958859705 -1.533616326, 36.957429166 -1.538895152, 36.957684758 -1.543578938, 36.964215658 -1.553377172, 36.968373765 -1.555994174, 36.974851255 -1.557284376, 36.976255091 -1.553795674, 36.979459503 -1.555290541, 36.998045102 -1.582849468, 36.991632466 -1.58741823, 37.000597193 -1.598891917, 37.007147162 -1.594910923, 37.082328805 -1.695287355, 37.085258556 -1.701411773, 37.112614328 -1.73571828, 37.119038412 -1.739422966, 37.124871204 -1.740613399, 37.125142054 -1.742657176, 37.133668079 -1.74543271, 37.134488255 -1.742223528, 37.142327617 -1.737990309, 37.147637785 -1.738818498, 37.149518471 -1.741623476, 37.148210009 -1.754670467, 37.150044919 -1.761418054, 37.159394936 -1.765749723, 37.159318641 -1.767449613, 37.153703295 -1.77536523, 37.153184487 -1.778719476, 37.154714212 -1.780023149, 37.161073443 -1.779477932, 37.161538847 -1.78137736, 37.151956137 -1.797192143, 37.153558344 -1.800096413, 37.153218831 -1.803821485, 37.147679779 -1.808599321, 37.143277531 -1.815928242, 37.14689394 -1.820887255, 37.14462415 -1.823688063, 37.144593634 -1.828950795, 37.145589292 -1.830986347, 37.149056923 -1.831867103, 37.149888545 -1.833450416, 37.149518513 -1.835267597, 37.144807265 -1.837016837, 37.142812139 -1.839808944, 37.143918425 -1.84189885, 37.148839486 -1.841931151, 37.151471682 -1.844547199, 37.156186746 -1.846351504, 37.158132284 -1.852791916, 37.163461529 -1.858855898, 37.163194499 -1.868956182, 37.164823411 -1.873542462, 37.161271857 -1.878430793, 37.161962334 -1.883612828, 37.160733977 -1.886713181, 37.155854879 -1.885894171, 37.154088639 -1.888378983, 37.160218986 -1.894642979, 37.159692549 -1.898259342, 37.170808813 -1.91375216, 37.172021914 -1.919106674, 37.17627539 -1.922095335, 37.183996498 -1.92487063, 37.184789972 -1.926562413, 37.183401395 -1.929599234, 37.187776946 -1.935391324, 37.193434259 -1.937025055, 37.199591306 -1.93431877, 37.207793074 -1.935909947, 37.213080352 -1.93384483, 37.216090211 -1.934969347, 37.222949177 -1.934298376, 37.235969008 -1.937024796, 37.245189324 -1.944476842, 37.248622626 -1.952374931, 37.253738241 -1.954378774, 37.258941598 -1.959674402, 37.266296486 -1.960260736, 37.268734131 -1.96705469, 37.276077578 -1.976792725, 37.280914723 -1.995941957, 37.287785136 -1.998544652, 37.299076875 -2.005284485, 37.309227992 -2.0042732, 37.315877149 -2.009715084, 37.360563432 -2.013984035, 37.382422101 -2.024460377, 37.454158981 -2.076243727, 37.534589723 -2.108002683, 37.537183773 -2.112509098, 37.541761504 -2.114403636, 37.544954473 -2.117979111, 37.543459085 -2.124860438, 37.545774655 -2.12721413, 37.551870667 -2.129417629, 37.56455098 -2.128651891, 37.573584374 -2.139395958, 37.594302427 -2.15518855, 37.621139376 -2.163290215, 37.667603336 -2.157850687, 37.690347031 -2.166227941, 37.699727563 -2.16657981, 37.7062165 -2.174128882, 37.707959857 -2.183319797, 37.723562291 -2.189854723, 37.725507829 -2.193338654, 37.71656218 -2.192408435, 37.710534837 -2.194402151, 37.706327141 -2.197319893, 37.695722074 -2.211818483, 37.689439142 -2.217393636, 37.686970986 -2.223134949, 37.68018069 -2.229523513, 37.678456411 -2.229295845, 37.675900513 -2.23162713, 37.676240033 -2.240780616, 37.67913545 -2.244283618, 37.678933273 -2.255815591, 37.676751225 -2.262407027, 37.67915835 -2.264896604, 37.679120203 -2.266569912, 37.673516301 -2.270725411, 37.671883584 -2.282165363, 37.66872495 -2.282795687, 37.668614323 -2.285744179, 37.670773488 -2.28965341, 37.665936354 -2.291810666, 37.662476353 -2.29125568, 37.659584752 -2.289036922, 37.656239194 -2.289341357, 37.648376946 -2.294995897, 37.646900631 -2.300972985, 37.642204642 -2.298906325, 37.637325544 -2.299317801, 37.634594163 -2.295661033, 37.631744527 -2.296987951, 37.632919479 -2.30021799, 37.631790308 -2.303264941, 37.626853988 -2.302934526, 37.623008696 -2.306177679, 37.619548692 -2.299861356, 37.618114335 -2.298837919, 37.614402559 -2.299141877, 37.610328382 -2.303994687, 37.60722697 -2.305393601, 37.608832992 -2.30799999, 37.606940866 -2.311091287, 37.605559918 -2.312012453, 37.602309728 -2.311023346, 37.601230148 -2.312234403, 37.599669904 -2.311328258, 37.596949971 -2.313849068, 37.850689927 -2.606178994, 37.862855259 -2.627455664, 37.871434702 -2.648249821, 37.87882393 -2.661345191, 37.893171309 -2.676301244, 37.902124605 -2.703698992, 37.908789019 -2.705722261, 37.922464988 -2.707027951, 37.930937615 -2.723127358, 37.929900008 -2.740032553, 37.927279259 -2.742671607, 37.927489078 -2.752386754, 37.932047745 -2.766827398, 37.938433683 -2.773147055, 37.918902104 -2.870549086, 37.895353511 -2.887957075, 37.871644829 -3.079847906, 37.865350451 -3.081243247, 37.85561896 -3.081314297, 37.855748733 -3.1700029, 37.853234798 -3.172306768, 37.853765057 -3.179480126, 37.848275599 -3.183562437, 37.833459016 -3.187842148, 37.831395222 -3.186519286, 37.829434423 -3.180845683, 37.826855633 -3.179069868, 37.825253428 -3.179475143, 37.823128595 -3.175863673, 37.819176488 -3.175641967, 37.810459721 -3.16864932, 37.808571408 -3.169343533, 37.804447635 -3.168090523, 37.796039874 -3.172639378, 37.692209328 -3.18132235, 37.672071032 -3.058687727, 37.519602014 -2.959518592, 37.482240086 -2.936270164, 37.462162916 -2.926574819, 37.270107961 -2.819993938, 36.750817579 -2.527350212, 36.70007341 -2.501786705, 36.474337759 -2.373278266, 36.000794131 -2.107058725, 36.000858971 -2.084209803, 36.027299189 -2.084513269, 36.027093171 -2.043277262, 36.024060423 -2.042295783, 36.021817333 -2.039617394, 36.022969393 -2.035346034, 36.022019512 -2.032163911, 36.025643546 -2.02368675, 36.026856646 -2.024872536, 36.028271926 -2.021559294, 36.029610909 -2.013665253, 36.032357548 -2.013968493, 36.036572874 -2.007768976, 36.032594059 -2.002602676, 36.037232822 -1.991570376, 36.040795817 -1.977156771, 36.037160334 -1.975478815, 36.04208139 -1.963579345, 36.038812121 -1.952035686, 36.04230264 -1.947831553, 36.043725549 -1.943307373, 36.041547308 -1.93561466, 36.03746168 -1.930837066, 36.038434444 -1.922978188, 36.03490959 -1.921011415, 36.034310669 -1.919348, 36.03614939 -1.915800413, 36.043321169 -1.912686706, 36.043454685 -1.910265545, 36.037873665 -1.908503079, 36.03357441 -1.904646651, 36.026356847 -1.893168791, 36.02953074 -1.89092452, 36.037339589 -1.892193742, 36.037877468 -1.882201927, 36.03963608 -1.881084559, 36.039727634 -1.879404217, 36.045342985 -1.879549279, 36.047387703 -1.874673821, 36.047311404 -1.86556622, 36.049565934 -1.859471241, 36.047486877 -1.850794067, 36.048711417 -1.844552712, 36.042012666 -1.837042374, 36.043687352 -1.834190072, 36.041528187 -1.831566395, 36.039758127 -1.824497923, 36.03790033 -1.822796246, 36.032017946 -1.827728683, 36.029202641 -1.82731745, 36.030568329 -1.822738915, 36.028515974 -1.812038107, 36.023827612 -1.808822967, 36.018288557 -1.810123903, 36.016510871 -1.809976336, 36.016484167 -1.808241639, 36.01999376 -1.805365258, 36.021706593 -1.801067436, 36.025796033 -1.798932946, 36.02316002 -1.794989383, 36.028248931 -1.790416926, 36.029954134 -1.785775692, 36.029973207 -1.783182647, 36.023636861 -1.780850412, 36.02210332 -1.777992866, 36.031911108 -1.771151105, 36.033021207 -1.76865926, 36.031274037 -1.763208312, 36.033807047 -1.75999591, 36.033631566 -1.756128634, 36.036626164 -1.753206004, 36.036294276 -1.746347797, 36.041901996 -1.742281933, 36.042035511 -1.735704559, 36.04657891 -1.73690429, 36.048337522 -1.73594939, 36.049420917 -1.73172261, 36.04801326 -1.721763573, 36.039716118 -1.715028502, 36.039460527 -1.713130743, 36.042016427 -1.711653037, 36.046552197 -1.712391828, 36.048791469 -1.708889655, 36.054109269 -1.71198798, 36.0565698 -1.711892382, 36.059030328 -1.703890941, 36.064077276 -1.700700114, 36.064393902 -1.698848365, 36.061235263 -1.690711755, 36.057760001 -1.688221819, 36.055787759 -1.682770513, 36.058412322 -1.674426019, 36.052869449 -1.667704416, 36.053094519 -1.663548559, 36.047940751 -1.652210754, 36.052106485 -1.64741921, 36.051927187 -1.639287248, 36.055463483 -1.634332163, 36.056550693 -1.630566085, 36.057386127 -1.625245539, 36.055940325 -1.620536006, 36.061940969 -1.619523769, 36.063226547 -1.61731204, 36.062875586 -1.612938408, 36.067514353 -1.609114159, 36.068674043 -1.60246586, 36.070737836 -1.598682975, 36.073682842 -1.596446452, 36.075796229 -1.597036722, 36.079454599 -1.595551149, 36.079961961 -1.587239197, 36.085497199 -1.578329104, 36.083772914 -1.562613969, 36.072462093 -1.542078688, 36.068170464 -1.527092214, 36.059556692 -1.51055485, 36.059968685 -1.503571127, 36.051488432 -1.491669274, 36.201977503 -1.3313076, 36.230195396 -1.302729619, 36.348853982 -1.174822974, 36.336402517 -1.047446197, 36.427255244 -1.089486435, 36.494406761 -1.12216363, 36.537841814 -1.155382349, 36.513423456 -1.242665974, 36.491774609 -1.270303476, 36.660597544 -1.303412248, 36.666235786 -1.314409862, 36.664145291 -1.32014808, 36.67322446 -1.324875372, 36.66973394 -1.326282273))",Kajiado,Kajiado,498895689,-107.2606,2103.7095999999997,97287084709,0.0,0.0,0.0,0.0,0.0,50.0,50.00000000000001,0.5,0.9078961186825509,-0.5,-1.0,-0.5507237994645803,0,0,0,0,,,0.0,0.0,0.0,0.0,,0,0,0,0,,,0.0,0.0,0.0,0.0,,0,0,0,0,,,0.0,0.816496580927726,0.0,0.0,0.0,0,0,0,0,50.0,50.0,0.5,1.1787674722451362,-0.5,-1.0,-0.42417186745718083,0,0,0,0,-3.58,39.11886186323999,62.9147105652107,25.655833333333305,15.10420173809021,-29.235833333333304,-1.1395394159872674,-1.9356092986765094,1.0,0.0,0.0,0.0,-0.6477370524883888,0.0,0.0,0.0,0.0,-1.1990580231569306,0.29854875142271103,-0.6477370524883888
73,24749629,2022-02-01,Kenya,Kenya_2022-02,54986000,866820,130023.0,0.15,2.0,0.5,0.35,0.15,0.0,0.0,0.45,0.4,0.1,0.05,0.0,,,,,,Kwale,"MULTIPOLYGON (((39.535593519 -4.446336831, 39.534609309 -4.448192034, 39.532240334 -4.447280409, 39.533251244 -4.443235772, 39.537813712 -4.441920771, 39.535593519 -4.446336831)), ((39.364585098 -4.65658372, 39.366236897 -4.657994072, 39.377788032 -4.658178099, 39.381408254 -4.660139145, 39.390590417 -4.661744496, 39.395435179 -4.661533747, 39.398151294 -4.657877218, 39.400211271 -4.657713198, 39.40521627 -4.6700135, 39.402278898 -4.673127439, 39.396884804 -4.669891928, 39.394756161 -4.670562302, 39.388408375 -4.668946935, 39.368758479 -4.671653237, 39.356856384 -4.670799792, 39.352980572 -4.669363696, 39.351809431 -4.665365311, 39.361064058 -4.653907961, 39.364585098 -4.65658372)), ((39.282041038 -4.669739497, 39.280133653 -4.670861871, 39.275758106 -4.669787184, 39.272446878 -4.666450114, 39.271119334 -4.664551048, 39.271229951 -4.655477199, 39.274892135 -4.656127063, 39.288106523 -4.665059765, 39.286065623 -4.668245223, 39.282041038 -4.669739497)), ((39.320961978 -3.56794386, 39.31957341 -3.578990446, 39.323063931 -3.581468099, 39.325844906 -3.587003666, 39.330746894 -3.591290033, 39.346475213 -3.597969891, 39.34818805 -3.601913446, 39.34642182 -3.612462737, 39.347707409 -3.623734605, 39.3441902 -3.636537222, 39.345220191 -3.638798413, 39.349458405 -3.639285215, 39.353032851 -3.642640167, 39.355966418 -3.648989858, 39.354802914 -3.651016946, 39.357385522 -3.657203812, 39.354772407 -3.662768707, 39.356252548 -3.671443959, 39.353647063 -3.677515208, 39.354631279 -3.681622066, 39.353776781 -3.692867712, 39.348081326 -3.695077177, 39.347978336 -3.704268797, 39.350183278 -3.707760113, 39.353944648 -3.710309761, 39.358743653 -3.730970638, 39.362627098 -3.735682304, 39.371362933 -3.73920699, 39.372556959 -3.741350412, 39.377222429 -3.743139813, 39.389994287 -3.739207925, 39.392531114 -3.741432162, 39.391825386 -3.7461548, 39.395464694 -3.760148439, 39.39267229 -3.770607854, 39.390845014 -3.771712348, 39.386152842 -3.771216726, 39.384638381 -3.77498101, 39.385317412 -3.77704314, 39.390673357 -3.779148653, 39.390494069 -3.78559013, 39.38857524 -3.78790687, 39.384150103 -3.78824349, 39.383501594 -3.790342812, 39.378408875 -3.794787006, 39.37946557 -3.79778079, 39.382662354 -3.800918801, 39.381174598 -3.806220743, 39.378847587 -3.807180769, 39.379934799 -3.809342309, 39.383780093 -3.811168185, 39.391424908 -3.820184337, 39.395674568 -3.821485024, 39.398657727 -3.827535766, 39.401297551 -3.828439286, 39.404685068 -3.826194063, 39.404913951 -3.822928268, 39.409979974 -3.827087092, 39.414973509 -3.822923251, 39.420005195 -3.823011453, 39.422206325 -3.82803113, 39.436118813 -3.836274631, 39.437469247 -3.840417486, 39.450641673 -3.853220562, 39.451187188 -3.855861757, 39.460270167 -3.858046176, 39.467441945 -3.861579444, 39.486668426 -3.883226312, 39.496342696 -3.887969917, 39.497605388 -3.889624865, 39.497582506 -3.895740214, 39.50037874 -3.900614707, 39.517762676 -3.913169845, 39.520471169 -3.916452086, 39.522050499 -3.92985784, 39.523362782 -3.931440315, 39.527463665 -3.932414637, 39.531507331 -3.937894179, 39.528081675 -3.948200305, 39.532678484 -3.954919031, 39.541231211 -3.959490992, 39.545732644 -3.95923471, 39.548986655 -3.968496176, 39.546808432 -3.980818897, 39.540048665 -3.991615647, 39.542669419 -3.995540129, 39.544943024 -3.99603623, 39.552164382 -3.987591023, 39.556261447 -3.986466502, 39.570933074 -3.993648422, 39.568144492 -4.010739075, 39.565119381 -4.014848082, 39.563746062 -4.013998915, 39.557482208 -4.018010659, 39.553503406 -4.02460805, 39.556486559 -4.023873309, 39.557337256 -4.026686388, 39.554232033 -4.028796201, 39.552870156 -4.026210076, 39.551500652 -4.026482326, 39.550295186 -4.028084353, 39.5501426 -4.032888044, 39.548219955 -4.033459244, 39.54538939 -4.030973248, 39.546118006 -4.025328016, 39.543146296 -4.024606154, 39.53879745 -4.020465687, 39.537019768 -4.022637959, 39.535707484 -4.021390669, 39.534296019 -4.022259865, 39.532487812 -4.018353024, 39.530126467 -4.018246224, 39.53450202 -4.025371893, 39.537885727 -4.027495527, 39.536455191 -4.03181146, 39.538515176 -4.038061262, 39.545213918 -4.038047905, 39.54814748 -4.039674243, 39.548044484 -4.041773086, 39.54398175 -4.041911361, 39.538801292 -4.045424855, 39.540269982 -4.047595216, 39.546919134 -4.049381753, 39.548029231 -4.04804244, 39.550882684 -4.049569128, 39.555914369 -4.049031777, 39.559805441 -4.051119173, 39.562738995 -4.045399559, 39.563013655 -4.04154564, 39.566256209 -4.03879311, 39.570051899 -4.02982558, 39.572359837 -4.029027903, 39.573626342 -4.030040133, 39.575808397 -4.033620847, 39.566328692 -4.040828539, 39.563662173 -4.04799522, 39.564726498 -4.051025239, 39.569247009 -4.054676516, 39.571436702 -4.066752254, 39.57623951 -4.074320386, 39.573008402 -4.079461173, 39.56753039 -4.081247247, 39.564097089 -4.07722407, 39.56035098 -4.0761408, 39.557848482 -4.070199483, 39.556002134 -4.071837746, 39.547537153 -4.073263844, 39.544523481 -4.072370337, 39.544191597 -4.07402624, 39.535860134 -4.076383991, 39.533910788 -4.078791322, 39.529329241 -4.075329809, 39.527570633 -4.077800553, 39.542852623 -4.084159049, 39.544546374 -4.077011441, 39.545423774 -4.078693567, 39.552668033 -4.082125993, 39.554808124 -4.085399175, 39.557196172 -4.085090211, 39.560530281 -4.082464507, 39.563921618 -4.084796022, 39.565493307 -4.087680619, 39.575747422 -4.090568067, 39.575846608 -4.092395615, 39.577559443 -4.093769254, 39.577395411 -4.096845046, 39.578223218 -4.098192463, 39.581721366 -4.099067375, 39.584792266 -4.105949403, 39.58336936 -4.1097771, 39.575720745 -4.114930289, 39.575942003 -4.11601547, 39.577803611 -4.114286139, 39.579821627 -4.115786605, 39.577361104 -4.120609847, 39.59674015 -4.117511147, 39.60081432 -4.110551393, 39.600825759 -4.105982761, 39.599154885 -4.102835928, 39.601722224 -4.099323867, 39.606891239 -4.096705791, 39.607623666 -4.088002408, 39.609748495 -4.088217916, 39.610603011 -4.093744901, 39.614333858 -4.093162733, 39.613593795 -4.095696412, 39.631076922 -4.114227911, 39.632389211 -4.120152065, 39.638492849 -4.120617408, 39.633098766 -4.127397412, 39.630657324 -4.139168484, 39.627006592 -4.144029393, 39.643722939 -4.153677284, 39.634063952 -4.171117433, 39.630451372 -4.180347675, 39.62291339 -4.189336664, 39.61378084 -4.204994084, 39.607219458 -4.230591206, 39.60393113 -4.236763297, 39.601009034 -4.254505249, 39.598628619 -4.25800825, 39.599273324 -4.265226421, 39.598025901 -4.272500855, 39.575282278 -4.322508372, 39.565272343 -4.348822595, 39.559245025 -4.369904963, 39.551592608 -4.386094481, 39.545504257 -4.409502169, 39.543539668 -4.425922448, 39.539667686 -4.437414597, 39.535578251 -4.438946061, 39.533861601 -4.437744068, 39.536905774 -4.423222854, 39.536524291 -4.418582227, 39.53352969 -4.415472109, 39.534967857 -4.413435724, 39.533087168 -4.408805589, 39.531053892 -4.40711536, 39.529074026 -4.408600096, 39.527159008 -4.407091048, 39.522760577 -4.409156521, 39.520803596 -4.407891591, 39.521223216 -4.403178014, 39.515043285 -4.405498096, 39.511327694 -4.404270358, 39.511697732 -4.407843445, 39.51807223 -4.41742841, 39.524370452 -4.444228465, 39.519533335 -4.457439454, 39.507890639 -4.451449993, 39.500776079 -4.44567413, 39.500959193 -4.450034403, 39.498224009 -4.457381788, 39.500798985 -4.460166256, 39.500974468 -4.463088044, 39.498353721 -4.465270329, 39.497174959 -4.467414946, 39.49783873 -4.468427654, 39.494310069 -4.472148074, 39.491834281 -4.472050335, 39.479977979 -4.484035497, 39.472520116 -4.500677015, 39.466946752 -4.517199333, 39.463894951 -4.532688914, 39.4619189 -4.533594823, 39.462964154 -4.539085094, 39.461545068 -4.54749954, 39.462010477 -4.552890639, 39.458912887 -4.557949895, 39.454251239 -4.562267738, 39.455357526 -4.564465276, 39.455483424 -4.573403239, 39.45427796 -4.576416573, 39.450859926 -4.579621104, 39.450219051 -4.585302571, 39.444905071 -4.585161447, 39.442345366 -4.591676351, 39.437058087 -4.58981591, 39.436909308 -4.586785414, 39.435768691 -4.587130137, 39.435364322 -4.585257771, 39.436005196 -4.578761941, 39.434185544 -4.574429801, 39.43338825 -4.568939053, 39.434269461 -4.567527267, 39.432320106 -4.563140773, 39.42876855 -4.561360909, 39.426895492 -4.558493954, 39.427074784 -4.556196288, 39.428146735 -4.55590592, 39.42972987 -4.559107584, 39.432377324 -4.560381572, 39.430847597 -4.557967093, 39.433239455 -4.553415147, 39.435097255 -4.557611877, 39.446770466 -4.560426849, 39.447640232 -4.558563064, 39.446617868 -4.555252691, 39.449070765 -4.553134296, 39.450104565 -4.549768136, 39.449177574 -4.548692492, 39.445217839 -4.548712999, 39.449082202 -4.547163416, 39.446713226 -4.545265306, 39.448334504 -4.544413752, 39.452214117 -4.534614218, 39.454857753 -4.533535709, 39.457940093 -4.535587346, 39.460278546 -4.532971657, 39.457249608 -4.526559747, 39.46025565 -4.526792895, 39.460091612 -4.524350284, 39.458500849 -4.522451696, 39.450310528 -4.520647521, 39.453617933 -4.518012758, 39.452114912 -4.517778655, 39.450920883 -4.513663455, 39.446785663 -4.508916508, 39.445488636 -4.505362017, 39.444096244 -4.505688622, 39.445896825 -4.512734668, 39.442013387 -4.514139305, 39.440884223 -4.521503853, 39.439800825 -4.519830787, 39.436665082 -4.520276115, 39.436558265 -4.517444441, 39.433803998 -4.517066348, 39.433044855 -4.51469621, 39.431423577 -4.51517682, 39.430344 -4.518859571, 39.427765211 -4.517440638, 39.428543422 -4.514717194, 39.426201152 -4.515505813, 39.425030021 -4.518971147, 39.428348893 -4.534728201, 39.426719987 -4.537090236, 39.427379945 -4.539007897, 39.425445856 -4.539886152, 39.424953747 -4.537154605, 39.422241444 -4.53798852, 39.421261044 -4.535664154, 39.419410879 -4.535909228, 39.417514934 -4.533386518, 39.416679501 -4.535693721, 39.413734497 -4.537206589, 39.413227142 -4.544760423, 39.415874595 -4.545437466, 39.413768842 -4.547220674, 39.412353567 -4.551754025, 39.409496301 -4.551249105, 39.408336613 -4.554343493, 39.406253741 -4.549523117, 39.405067348 -4.550898667, 39.401668385 -4.550855283, 39.398647088 -4.554249577, 39.394897164 -4.553084299, 39.392116195 -4.554054099, 39.391017535 -4.549856891, 39.392699849 -4.548689223, 39.392554885 -4.546771084, 39.388454005 -4.547877249, 39.384543861 -4.547101512, 39.381568334 -4.544253153, 39.376918128 -4.547331335, 39.375460896 -4.556659317, 39.380431547 -4.557353045, 39.384036512 -4.560445044, 39.383841962 -4.562987305, 39.386752636 -4.565003183, 39.386558086 -4.567689912, 39.389018622 -4.573026177, 39.389075854 -4.582136263, 39.388488381 -4.583339689, 39.386973915 -4.582906286, 39.38663822 -4.587375268, 39.390765818 -4.597586741, 39.392108618 -4.597603904, 39.393161493 -4.595386815, 39.394172409 -4.596046695, 39.391914069 -4.601259, 39.392345145 -4.606116567, 39.397147958 -4.617232039, 39.398551806 -4.626368346, 39.401065746 -4.62961435, 39.404712682 -4.639798646, 39.404106141 -4.645905413, 39.397003035 -4.648252674, 39.38445243 -4.649082786, 39.36072453 -4.642663274, 39.350245341 -4.638525199, 39.341841395 -4.638963382, 39.331774211 -4.642378664, 39.32518228 -4.641341647, 39.322851452 -4.639777769, 39.322172418 -4.636738213, 39.320677028 -4.637417645, 39.320631247 -4.634269381, 39.319727148 -4.636667174, 39.318945116 -4.634161627, 39.318540755 -4.637807188, 39.317384878 -4.637608843, 39.317171245 -4.63303163, 39.315904745 -4.636496964, 39.312151007 -4.636670521, 39.311975525 -4.634164497, 39.308721521 -4.632944864, 39.307889898 -4.630828381, 39.310110084 -4.620613562, 39.314725955 -4.616251377, 39.316251866 -4.617390434, 39.318124918 -4.616231347, 39.319154913 -4.620989741, 39.320028492 -4.617515349, 39.321901545 -4.616881212, 39.320646481 -4.613968961, 39.323637263 -4.613071633, 39.324877067 -4.615694947, 39.326383899 -4.612147604, 39.320814325 -4.609011266, 39.318826828 -4.609084218, 39.320253549 -4.605691356, 39.319097672 -4.604949945, 39.308721493 -4.610120302, 39.315034933 -4.60127006, 39.315618589 -4.597759432, 39.318098192 -4.597749416, 39.319196849 -4.59911495, 39.321394157 -4.5982181, 39.315027294 -4.593525987, 39.315187503 -4.584117428, 39.318609352 -4.58095867, 39.317277991 -4.577458057, 39.318479643 -4.575467444, 39.320741803 -4.575222369, 39.3190633 -4.572572355, 39.32530808 -4.569330632, 39.32969507 -4.569265306, 39.330828055 -4.566397394, 39.33154142 -4.569002113, 39.337091915 -4.567769597, 39.333563242 -4.561945096, 39.327875416 -4.563793153, 39.32731464 -4.560274421, 39.324896076 -4.562392339, 39.322782692 -4.562546822, 39.319982644 -4.559345637, 39.317491596 -4.558849298, 39.314374921 -4.554327396, 39.311933465 -4.553885412, 39.309949784 -4.555631907, 39.313322046 -4.55662554, 39.321104196 -4.56669111, 39.32290477 -4.567242281, 39.323000142 -4.568952061, 39.321390308 -4.569821256, 39.316297584 -4.56894587, 39.314477939 -4.570837311, 39.30930129 -4.569853693, 39.301847224 -4.571512465, 39.29588473 -4.569388836, 39.293748461 -4.572655348, 39.288487889 -4.574177278, 39.284100904 -4.577752755, 39.282441483 -4.582783401, 39.279027265 -4.586583923, 39.277669204 -4.58485698, 39.277768384 -4.582251306, 39.274205391 -4.586567718, 39.272084376 -4.586007966, 39.274468607 -4.583609693, 39.272568847 -4.582027219, 39.272690918 -4.580353675, 39.267315902 -4.580617825, 39.262379589 -4.584229062, 39.260327236 -4.580530104, 39.252487872 -4.577230705, 39.249264383 -4.572807976, 39.246086674 -4.57113539, 39.243679547 -4.566947719, 39.244186915 -4.569399388, 39.241779795 -4.571426716, 39.242416871 -4.57886278, 39.24596843 -4.582416792, 39.24496133 -4.583213037, 39.250084573 -4.584360195, 39.251831743 -4.587055505, 39.253418695 -4.59214813, 39.252373451 -4.595803704, 39.253655213 -4.594210737, 39.256245446 -4.595530974, 39.257233472 -4.594526369, 39.267254891 -4.601190018, 39.267605852 -4.602609907, 39.269101242 -4.60204872, 39.269131762 -4.603206373, 39.265572577 -4.602656158, 39.264138226 -4.60572337, 39.262268987 -4.605697149, 39.262074429 -4.60194288, 39.260525631 -4.602151241, 39.257290698 -4.598579111, 39.257119036 -4.600994545, 39.255680868 -4.601962913, 39.257065633 -4.603789983, 39.256493419 -4.605970358, 39.253433969 -4.604596245, 39.253536972 -4.607889454, 39.255444361 -4.609969224, 39.254856887 -4.610910414, 39.253586567 -4.610024534, 39.252987651 -4.613453154, 39.250824673 -4.611888798, 39.249710762 -4.61482966, 39.246422428 -4.615436621, 39.249756536 -4.611970808, 39.248169586 -4.608244195, 39.249348348 -4.605999928, 39.247002261 -4.605087349, 39.247727065 -4.602354847, 39.244026736 -4.604038885, 39.246285084 -4.605865477, 39.244007665 -4.606563028, 39.245625132 -4.609086215, 39.241158031 -4.608346237, 39.241657774 -4.614036286, 39.238117663 -4.613594303, 39.237152527 -4.614879261, 39.23889588 -4.616525149, 39.236744352 -4.619890834, 39.234791184 -4.617041998, 39.235657136 -4.615114799, 39.234646219 -4.614083974, 39.227585075 -4.615850024, 39.228458659 -4.616700145, 39.226013391 -4.618212059, 39.226177428 -4.619369712, 39.23278462 -4.622389235, 39.230209648 -4.622887487, 39.229770952 -4.625818812, 39.226871722 -4.623955984, 39.226719135 -4.626977899, 39.222896736 -4.630959603, 39.222984481 -4.635464821, 39.229091931 -4.632712764, 39.232437489 -4.633471338, 39.22988922 -4.633698294, 39.227733876 -4.636187157, 39.22545264 -4.635554455, 39.222015531 -4.637355784, 39.21812446 -4.636208148, 39.217159324 -4.637764402, 39.215343492 -4.63754794, 39.214786537 -4.638995484, 39.216255227 -4.640849731, 39.215103166 -4.641519627, 39.214778915 -4.6456539, 39.20956031 -4.649934555, 39.213645938 -4.654447397, 39.213691721 -4.658744733, 39.215045965 -4.658309896, 39.215339699 -4.655179749, 39.217697227 -4.653577721, 39.220276013 -4.652346638, 39.220913082 -4.653848059, 39.218399157 -4.663248515, 39.215007826 -4.665890906, 39.213607803 -4.664986908, 39.215065041 -4.659893326, 39.210239354 -4.662156192, 39.214237247 -4.669763421, 39.219986115 -4.67250259, 39.219841151 -4.670485279, 39.221916386 -4.668756901, 39.225147497 -4.666855923, 39.225094092 -4.668394058, 39.220951253 -4.673388947, 39.218753951 -4.679622543, 39.212970751 -4.676964906, 39.205955384 -4.679074724, 39.207988654 -4.67541009, 39.204421838 -4.673674567, 39.207404988 -4.670615936, 39.206775548 -4.668625802, 39.202411445 -4.667948284, 39.198180866 -4.672165525, 39.197639166 -4.669994209, 39.194018944 -4.668909986, 39.191405814 -4.661247924, 38.446963456 -4.140393708, 38.832759079 -4.002451762, 38.92774692 -3.967228084, 38.946431678 -3.962045799, 39.033358729 -3.758138879, 38.932480785 -3.698146703, 38.969468776 -3.636358071, 39.05649145 -3.687444957, 39.087310899 -3.571741263, 39.289440506 -3.571889593, 39.303696315 -3.571369398, 39.307224978 -3.568690293, 39.311936224 -3.569059565, 39.31879137 -3.566705153, 39.320961978 -3.56794386)))",Kwale,Kwale,373369855,-178.51979999999998,1696.6253000000004,73185395449,0.0,0.0,0.0,0.0,0.0,50.0,49.99999999999998,0.25,1.2510864843424485,-0.25,-1.0,-0.19982631347136331,0,0,0,0,,,0.0,0.0,0.0,0.0,,0,0,0,0,,,0.0,0.0,0.0,0.0,,0,0,0,0,,,0.0,0.0,0.0,0.0,,0,0,0,0,50.0,50.0,0.25,1.2510864843424487,-0.25,-1.0,-0.1998263134713633,0,0,0,0,-1.19,41.73582295988935,65.00630872567434,14.186666666666655,8.450224752606605,-15.376666666666654,-1.0838815789473684,-1.8196754662559098,1.0,0.0,0.0,0.0,-0.6141365667056568,0.0,0.0,0.0,0.0,-1.1329871154351827,0.4482839933321659,-0.6141365667056568
74,24749629,2022-02-01,Kenya,Kenya_2022-02,54986000,518560,51856.0,0.1,2.0,0.4,0.5,0.1,0.0,0.0,0.4,0.45,0.15,0.0,0.0,,,,,,Laikipia,"POLYGON ((36.831728273 0.813093651, 36.83352503 0.800347073, 36.835485824 0.797400778, 36.843302299 0.792170276, 36.843241261 0.785018888, 36.857832775 0.760136685, 36.8658438 0.736814915, 36.879065813 0.735980462, 36.881884931 0.7283782640000001, 36.887008176 0.730351658, 36.892970672 0.735498896, 36.902396983 0.7375647870000001, 36.904685849 0.735314613, 36.909835794 0.723798465, 36.911464703 0.72297647, 36.915676216 0.724397914, 36.917472976 0.728593948, 36.927151058 0.704168696, 36.926330878 0.6848288219999999, 36.927353237 0.674965127, 36.925056741 0.670416326, 36.923301942 0.66019885, 36.920143307 0.659230122, 36.914279997 0.659878624, 36.914184627 0.656813548, 36.912654902 0.655077001, 36.913467448 0.648685149, 36.91247942 0.645059183, 36.909038492 0.64288786, 36.910324071 0.6384490779999999, 36.910072295 0.631559571, 36.906783957 0.629279836, 36.89882252 0.629303677, 36.894900929 0.620830497, 36.891612592 0.620955775, 36.88854551 0.607103514, 36.888110626 0.609906054, 36.885322025 0.609425803, 36.884757438 0.6109173369999999, 36.883407007 0.608936791, 36.881198252 0.61110579, 36.880683256 0.604424226, 36.878791127 0.602913621, 36.876017785 0.603138549, 36.872107639 0.596826322, 36.868796413 0.595848595, 36.867148429 0.589510203, 36.869093964 0.584881955, 36.868422562 0.57541573, 36.86556148 0.571906758, 36.863795237 0.563163414, 37.364835506 0.508703962, 37.361802757 0.495915551, 37.359746593 0.493491348, 37.36301204 0.48533482, 37.360154772 0.479030729, 37.361249613 0.475531115, 37.358213051 0.4713251, 37.358487714 0.466125117, 37.350037985 0.458137644, 37.351434193 0.453932702, 37.348855404 0.44797241, 37.34975569 0.439896729, 37.352765547 0.432816267, 37.354184641 0.411934982, 37.356671874 0.408128133, 37.362840366 0.407252201, 37.366040963 0.405426017, 37.371461757 0.389094307, 37.370908614 0.383071109, 37.377332696 0.379879921, 37.379049344 0.375286063, 37.378313092 0.368032884, 37.379308748 0.364207589, 37.381025397 0.361078773, 37.383279929 0.361449987, 37.38402381 0.357344278, 37.391638101 0.354903804, 37.392862644 0.352570728, 37.392706237 0.335342377, 37.39384304 0.334067398, 37.392526942 0.325511765, 37.396067052 0.309676728, 37.394266478 0.305055068, 37.397043634 0.300397946, 37.392973268 0.296689407, 37.39573135 0.293813888, 37.39514006 0.290630419, 37.388891457 0.286125723, 37.387170993 0.282254747, 37.38951708 0.279822319, 37.387674544 0.27858307, 37.386976439 0.275797516, 37.38136109 0.273680519, 37.379407925 0.27504585, 37.378965411 0.27324607, 37.37635229 0.27282068, 37.374559345 0.271219693, 37.373041064 0.260864487, 37.36638428 0.259299052, 37.36503385 0.25762583, 37.366395724 0.254940046, 37.363523198 0.253347999, 37.367025162 0.247985549, 37.366990829 0.24428671, 37.36382838 0.241374269, 37.364484521 0.236038609, 37.357472963 0.235232886, 37.358907318 0.229680285, 37.355699092 0.223765409, 37.355805905 0.216512468, 37.352254349 0.21209881, 37.35180802 0.208635076, 37.348855384 0.204040638, 37.349263564 0.192709092, 37.345097829 0.190845719, 37.337147837 0.190790665, 37.341180054 0.186169824, 37.341191498 0.180770855, 37.337021949 0.180526289, 37.333767945 0.177568762, 37.324375968 0.180217625, 37.315117507 0.178154848, 37.313240638 0.1745102, 37.30657241 0.172963166, 37.303150556 0.167835284, 37.292648479 0.160039022, 37.28318402 0.148915016, 37.28121941 0.134807408, 37.282035772 0.127590958, 37.262233271 0.109883112, 37.26072262 0.105542314, 37.252932848 0.094436933, 37.24814912 0.107205508, 37.235133105 0.101371993, 37.233576676 0.079614425, 37.230654558 0.07669341, 37.220057111 0.070435235, 37.215277197 0.070371747, 37.208536488 0.065397885, 37.203943499 0.065614745, 37.202375626 0.063498656, 37.202314589 0.059103828, 37.199865503 0.061780423, 37.198396815 0.059619135, 37.188680581 0.054581968, 37.179193234 0.051814589, 37.152966651 0.049209514, 37.15017042 0.04229185, 37.138615465 0.040067089, 37.125950409 0.034975873, 37.123409769 0.036540161, 37.109710909 0.036322833, 37.104221447 0.0329047, 37.102676462 0.029341986, 37.092693194 0.02618604, 37.088104019 0.019992009, 37.094009292 0.018210756, 37.093829997 0.015597531, 37.097705809 0.01270403, 37.098213175 0.010280693, 37.099296571 0.010904622, 37.101169626 0.009656794999999999, 37.101829582 0.006184541, 37.107433488 -0.002622696, 37.109585021 -0.003888628, 37.111454261 -0.011927313, 37.11581455 -0.012931044, 37.117565532 -0.019342131, 37.121410826 -0.021277251, 37.120953053 -0.02678409, 37.118950296 -0.028818608, 37.115146964 -0.040573682, 37.107349563 -0.028610459, 37.102779461 -0.028040721, 37.100833926 -0.026449243, 37.09472647 -0.017804719, 37.090122035 -0.016737689, 37.078422118 -0.002441853, 37.079787808 0.003218577, 37.078292416 0.006826415, 37.079280442 0.01501867, 37.072059072 0.003073875, 37.07124271 -0.001112655, 37.069690096 -0.002948216, 37.062609872 -0.000949905, 37.028238743 -0.048329723, 37.000821949 -0.06416113599999999, 36.991185825 -0.066864256, 36.985101258 -0.07002860700000001, 36.980084827 -0.070408151, 36.979302798 -0.07745157599999999, 36.980248863 -0.08709909, 36.983228203 -0.098410408, 36.986119804 -0.134667832, 36.995965741 -0.145346957, 37.003515183 -0.147165019, 37.008180653 -0.146812802, 37.014841252 -0.155213281, 37.014841253 -0.161551623, 37.019079469 -0.170259381, 37.020857155 -0.178731826, 37.017412413 -0.19523288, 37.015814022 -0.197230947, 37.0165312 -0.205594773, 37.013971486 -0.208840477, 37.011056998 -0.220214753, 37.011564363 -0.226562199, 37.01494044 -0.231924498, 37.013738786 -0.24291923, 37.008394286 -0.242999824, 37.002641604 -0.24993404, 37.002588197 -0.253225234, 36.995034941 -0.254824462, 36.988973263 -0.258838059, 36.980023798 -0.256738972, 36.971642736 -0.25916985, 36.970231269 -0.260788061, 36.968751136 -0.267487649, 36.970418193 -0.268997896, 36.969815459 -0.271014081, 36.963952149 -0.273309638, 36.959870339 -0.282992471, 36.879054309 -0.258648421, 36.874247691 -0.253286271, 36.856505168 -0.253111587, 36.842836824 -0.215200925, 36.840734881 -0.200518261, 36.853567788 -0.200375281, 36.853682231 -0.196297839, 36.856024503 -0.195945532, 36.856570016 -0.193251405, 36.860091054 -0.189979, 36.867156019 -0.187484544, 36.867522238 -0.181644094, 36.870379505 -0.18195182, 36.872950663 -0.174963383, 36.872088524 -0.171138924, 36.866179436 -0.168100492, 36.86533637 -0.160334164, 36.860037646 -0.152793435, 36.862910172 -0.145994896, 36.862555398 -0.143165031, 36.849287607 -0.134430274, 36.832575073 -0.137168178, 36.830694388 -0.128362274, 36.83218978 -0.104331902, 36.792485591 -0.107547644, 36.769291753 -0.114226866, 36.766110229 -0.10955273, 36.753735096 -0.121909957, 36.742019919 -0.122596057, 36.717849497 -0.128560505, 36.712134963 -0.137672392, 36.70485637 -0.137409545, 36.657133521 -0.152962332, 36.636434544 -0.107255939, 36.595719437 -0.102443913, 36.574333802 -0.104123616, 36.569893402 -0.100155099, 36.568592563 -0.096729173, 36.565140191 -0.09475840200000001, 36.562668216 -0.089153994, 36.556144948 -0.092606487, 36.562054036 -0.076761365, 36.553306754 -0.069213289, 36.554657185 -0.063482601, 36.556782015 -0.062217229, 36.556217428 -0.056215275, 36.560860011 -0.051596491, 36.561737409 -0.044681616, 36.574616094 -0.036347901, 36.582516496 -0.024606139, 36.585896387 -0.022906815, 36.651388465 -0.017393573, 36.637384422 0.012590906, 36.61049025 0.002321829, 36.604462903 0.001535381, 36.595067109 0.0217111, 36.591012002 0.043748806, 36.578461389 0.06645485299999999, 36.563125988 0.061130032, 36.52975051 0.046738541, 36.52369646 0.045264984, 36.511821062 0.085107353, 36.466467188 0.136542, 36.446328982 0.093101793, 36.445058662 0.093616881, 36.445165475 0.088980246, 36.42418039 0.08236282, 36.402371313 0.055500479, 36.41351809 0.048469385, 36.428662752 0.045704322, 36.426598958 0.041338816, 36.420602129 0.037524525, 36.408009552 0.038726179, 36.401860133 0.035824786, 36.402180574 0.028467885, 36.3992699 0.027012702, 36.393776622 0.029805287, 36.391907381 0.033872293, 36.389759662 0.029244833, 36.390755319 0.027202295, 36.354163983 0.015407311, 36.34876226 0.031593547, 36.34482541 0.028927359, 36.329543416 0.024616101, 36.330134706 0.018823111, 36.305800247 0.014557088, 36.30146666 0.003287594, 36.296076381 0.0019591, 36.294611507 0.010815534, 36.280237429 0.001416813, 36.274469487 -0.000372539, 36.273077094 -0.002432983, 36.262330868 -0.002531146, 36.266454642 0.018966563, 36.270139716 0.019355222, 36.262582643 0.035260098, 36.260556997 0.045227767, 36.259015828 0.046131394, 36.257932431 0.056379202, 36.261129214 0.060617684, 36.272619321 0.087358835, 36.286787402 0.108371215, 36.28980489 0.109708989, 36.286241889 0.126870151, 36.278318599 0.14756416, 36.263021346 0.173724205, 36.259282865 0.174681565, 36.257077925 0.179109304, 36.254754726 0.18088018, 36.265272065 0.183945344, 36.267477006 0.189196165, 36.270368607 0.190253964, 36.278158381 0.19705109, 36.282820038 0.198886392, 36.288698609 0.204788635, 36.292540089 0.210808049, 36.291624543 0.214775205, 36.296698196 0.227166118, 36.296034425 0.231250804, 36.297644262 0.239592463, 36.297220822 0.244951442, 36.29495103 0.248014581, 36.296694383 0.256392431, 36.300871564 0.262963378, 36.271211678 0.280298835, 36.250260926 0.29682225, 36.243279886 0.308468917, 36.250096892 0.317073782, 36.266607246 0.325482623, 36.261487816 0.333442743, 36.260907973 0.361285356, 36.2590044 0.37082775, 36.260270906 0.372319253, 36.257871412 0.374848829, 36.257066494 0.379005556, 36.25842837 0.382250234, 36.256082282 0.384436399, 36.256276837 0.392217244, 36.253701863 0.398542196, 36.244595993 0.410494788, 36.244420514 0.420299657, 36.240773588 0.424148018, 36.238683091 0.428990973, 36.236977886 0.430716375, 36.235139164 0.430525925, 36.281420045 0.532381675, 36.294561954 0.563972496, 36.278036352 0.630721405, 36.288790209 0.643812882, 36.291708513 0.6451248429999999, 36.347907803 0.659795636, 36.40545753 0.715599828, 36.469339795 0.820915725, 36.475199295 0.836402384, 36.489611522 0.845820871, 36.488806603 0.839863913, 36.485293192 0.830741752, 36.483740575 0.81400136, 36.499625303 0.810920129, 36.669947433 0.810390077, 36.674506091 0.814180358, 36.688201138 0.814965756, 36.703391576 0.813374449, 36.708598745 0.811479069, 36.736305467 0.824241554, 36.743412396 0.8331321699999999, 36.74994711 0.845611562, 36.756581008 0.85496318, 36.776383512 0.862180064, 36.794011593 0.866629332, 36.815851183 0.853334197, 36.817628867 0.843806343, 36.822038746 0.832046789, 36.831728273 0.813093651))",Laikipia,Laikipia,963224691,43.633399999999966,4067.1035000000006,188265548848,0.0,3.0,0.0,0.0,3.0,57.14285714285714,62.30158730158729,1.75,1.8252456654188869,1.25,0.7142857142857143,0.6848393198145905,0,0,0,0,,,0.0,0.0,0.0,0.0,,0,0,0,0,,,0.0,0.0,0.0,0.0,,0,0,0,0,,,0.0,0.0,0.0,0.0,,0,0,0,0,57.14285714285714,62.30158730158729,1.75,1.8252456654188869,1.25,0.7142857142857143,0.6848393198145905,0,0,0,0,,,,,,,,,,,,,,,,,,,,
75,24749629,2022-02-01,Kenya,Kenya_2022-02,54986000,987653,98765.0,0.1,2.0,0.6,0.3,0.1,0.0,0.0,0.55,0.35,0.1,0.0,0.0,,,,,,Makueni,"POLYGON ((37.49066613 -1.519625195, 37.497967613 -1.526286839, 37.50201509 -1.526036401, 37.507493109 -1.530010596, 37.513241974 -1.526541679, 37.516015316 -1.52726712, 37.519181581 -1.530308111, 37.519215915 -1.534215319, 37.522557658 -1.534036758, 37.521375079 -1.538205249, 37.523328245 -1.54019634, 37.525971884 -1.538470822, 37.528668931 -1.540236269, 37.531602493 -1.539614291, 37.536306112 -1.541959996, 37.545446314 -1.542735021, 37.5466823 -1.538919119, 37.552469314 -1.539040699, 37.556398534 -1.543321354, 37.551164664 -1.546944514, 37.552038248 -1.550165018, 37.564585046 -1.554270686, 37.562303811 -1.556050797, 37.557642156 -1.556798293, 37.557241606 -1.559520429, 37.561140306 -1.559939172, 37.563932723 -1.562401096, 37.567896273 -1.560106524, 37.57712803 -1.559950013, 37.577234844 -1.562410269, 37.574045694 -1.567373458, 37.579256677 -1.567829271, 37.584002256 -1.562532445, 37.592692313 -1.559146609, 37.598940912 -1.553136141, 37.599185059 -1.556726996, 37.601637961 -1.559957512, 37.600211237 -1.563610589, 37.608084933 -1.563226886, 37.609488772 -1.568672707, 37.615756447 -1.566135326, 37.618239866 -1.567231355, 37.620772878 -1.570498108, 37.620849176 -1.576232509, 37.6222492 -1.579679371, 37.629512536 -1.590076576, 37.632594875 -1.592312619, 37.63515459 -1.592305347, 37.638492518 -1.591366896, 37.642028813 -1.588330194, 37.643188505 -1.589145034, 37.640773754 -1.592327158, 37.64415746 -1.59499756, 37.644455013 -1.596291102, 37.642578144 -1.597881807, 37.644611421 -1.602116094, 37.6432114 -1.605235519, 37.644077357 -1.612064877, 37.647560251 -1.623146997, 37.651046957 -1.624840687, 37.649734676 -1.631116845, 37.656650865 -1.632731386, 37.657497748 -1.640628047, 37.661171379 -1.645560002, 37.661396451 -1.647613315, 37.668770411 -1.645094767, 37.670502317 -1.640817686, 37.67222278 -1.639986753, 37.67296666 -1.636034607, 37.681843639 -1.629103093, 37.683392436 -1.626254963, 37.684063835 -1.621027514, 37.67950136 -1.611780693, 37.678974919 -1.607818774, 37.682312845 -1.602954759, 37.684082895 -1.588864067, 37.695763736 -1.585533895, 37.698395932 -1.5893163, 37.702668479 -1.585936306, 37.712533496 -1.606429263, 37.719415352 -1.610811354, 37.72908199 -1.605489972, 37.728650919 -1.599737096, 37.735528956 -1.595037931, 37.736627609 -1.590000484, 37.7366772 -1.586961399, 37.733175235 -1.583087926, 37.735704431 -1.581741817, 37.737386745 -1.577346968, 37.746568906 -1.571265219, 37.751200043 -1.571077956, 37.753488907 -1.568754777, 37.754892745 -1.568855141, 37.757898788 -1.571624717, 37.760881945 -1.578365152, 37.764753944 -1.58260063, 37.769354564 -1.58546163, 37.773428744 -1.58593437, 37.773428745 -1.589326282, 37.777182486 -1.593534583, 37.776591197 -1.596528134, 37.783713386 -1.60711534, 37.785410964 -1.614171532, 37.788119455 -1.615222385, 37.788954892 -1.618225948, 37.792163119 -1.621737415, 37.793711921 -1.628739371, 37.796904887 -1.629256811, 37.798350689 -1.633979335, 37.802051022 -1.637292097, 37.804965514 -1.646040668, 37.801688624 -1.649647735, 37.80226847 -1.650905398, 37.806472352 -1.650736015, 37.807288715 -1.652138623, 37.804835816 -1.65537534, 37.809253326 -1.656761855, 37.811488786 -1.66143062, 37.816097036 -1.665033392, 37.821926013 -1.666909335, 37.823650294 -1.672509398, 37.820880769 -1.677754013, 37.820964697 -1.682982296, 37.826240531 -1.685129178, 37.832054248 -1.683359793, 37.832824833 -1.683912039, 37.831722364 -1.687158649, 37.833625939 -1.691872471, 37.838302853 -1.692182862, 37.837272866 -1.69698525, 37.839004776 -1.701870837, 37.835468484 -1.711909019, 37.843658806 -1.71247485, 37.8461613 -1.714430181, 37.84572642 -1.725275335, 37.849651825 -1.728633631, 37.851906359 -1.734179816, 37.851749955 -1.73754455, 37.854042637 -1.74204155, 37.855179443 -1.748265497, 37.854626302 -1.75243506, 37.8568198 -1.757067708, 37.854603418 -1.762737861, 37.855599076 -1.766040016, 37.852840994 -1.767413183, 37.853531469 -1.769539326, 37.851135792 -1.771799211, 37.84707687 -1.769119274, 37.843048468 -1.769686541, 37.840423905 -1.774687037, 37.8412746 -1.776985064, 37.839657138 -1.780964029, 37.848888902 -1.799657682, 37.869210218 -1.819606609, 37.877858317 -1.829715826, 37.879853447 -1.834456944, 37.880387515 -1.83272952, 37.882844231 -1.835064855, 37.888768577 -1.836045498, 37.893376828 -1.841348993, 37.893903268 -1.844289142, 37.888020886 -1.846501587, 37.885583248 -1.853139513, 37.887658489 -1.860567125, 37.888707553 -1.862268444, 37.892655844 -1.861040698, 37.898290268 -1.862563933, 37.902234747 -1.865397636, 37.899640702 -1.871302729, 37.90217753 -1.875890438, 37.907697518 -1.894808184, 37.906347093 -1.905146387, 37.908151482 -1.906513473, 37.917345089 -1.904384584, 37.91946992 -1.906005086, 37.91875656 -1.912264197, 37.91345021 -1.916159367, 37.913919428 -1.919524697, 37.911127015 -1.923294945, 37.912813148 -1.928433828, 37.91236682 -1.930604552, 37.910062697 -1.932683493, 37.909852886 -1.935985052, 37.915601756 -1.942962927, 37.917429037 -1.950073948, 37.914678587 -1.957172932, 37.917574003 -1.961001108, 37.926103854 -1.989165553, 37.931188952 -1.993465634, 37.929094642 -1.997697538, 37.934359034 -2.00264892, 37.938749841 -2.004569443, 37.937098047 -2.010484309, 37.942274698 -2.013961087, 37.939642508 -2.021946908, 37.943800613 -2.023686249, 37.944853492 -2.02558651, 37.943113957 -2.029239944, 37.94317881 -2.03265927, 37.939745513 -2.03471926, 37.940115547 -2.036347749, 37.945036609 -2.040141117, 37.948775087 -2.038027012, 37.952269422 -2.04004647, 37.956252053 -2.051935083, 37.955656953 -2.060329037, 37.959940949 -2.067224665, 37.961299015 -2.079491615, 37.958685904 -2.097029521, 37.960291928 -2.104601721, 37.957083705 -2.109448093, 37.958220511 -2.115328628, 37.955531099 -2.122590437, 37.954592671 -2.135561373, 37.955176333 -2.138049283, 37.958449411 -2.139562148, 37.963835876 -2.145744014, 37.966166711 -2.158536389, 37.966082791 -2.168839187, 37.969607644 -2.169945347, 37.97548621 -2.16554406, 37.984515781 -2.163514821, 37.989932759 -2.159764358, 38.010303655 -2.154241883, 38.02177468 -2.148984511, 38.024086435 -2.152097973, 38.026321899 -2.161877965, 38.028992243 -2.164819542, 38.038548256 -2.169077305, 38.044587045 -2.168782643, 38.049504291 -2.171318468, 38.051804603 -2.176765597, 38.048710824 -2.18244445, 38.055226463 -2.188735501, 38.055855905 -2.195583689, 38.060628196 -2.208956797, 38.062951396 -2.212802853, 38.070691576 -2.215874353, 38.07122183 -2.217303781, 38.064835899 -2.221035887, 38.063805911 -2.223215312, 38.065213564 -2.225649581, 38.068768935 -2.225950198, 38.069585297 -2.227371043, 38.072587533 -2.241747087, 38.073014794 -2.25246684, 38.077176716 -2.256413497, 38.077069907 -2.26368627, 38.083715244 -2.262641373, 38.086225367 -2.265709539, 38.088498978 -2.273752809, 38.092390049 -2.275365561, 38.099203237 -2.274501369, 38.102121544 -2.282907002, 38.104700333 -2.285124806, 38.112322255 -2.287237474, 38.113184395 -2.28931844, 38.111795819 -2.29209481, 38.112287927 -2.296654388, 38.110369098 -2.301818542, 38.111048129 -2.303094441, 38.116385 -2.30403849, 38.118803574 -2.316089449, 38.128210814 -2.324182539, 38.14715117 -2.32397703, 38.149417147 -2.325045762, 38.153758365 -2.331308444, 38.15979334 -2.334441928, 38.175136369 -2.341208575, 38.187542016 -2.341812903, 38.197544362 -2.351380716, 38.199501344 -2.356936315, 38.212280841 -2.358309473, 38.223645081 -2.40224481, 38.232766209 -2.404122656, 38.236428397 -2.411298398, 38.245492304 -2.414478844, 38.251046621 -2.422433666, 38.274202305 -2.425721144, 38.283533263 -2.455624681, 38.289156259 -2.484775363, 38.297632692 -2.490687361, 38.302168465 -2.499953365, 38.313185537 -2.504690302, 38.313952309 -2.50781187, 38.312746844 -2.513293328, 38.31734365 -2.517004925, 38.31836983 -2.526368436, 38.321906129 -2.530631207, 38.322196054 -2.533255002, 38.319952969 -2.538012212, 38.324191187 -2.543505586, 38.323039129 -2.549358229, 38.325598844 -2.551376971, 38.333701427 -2.553262923, 38.33895056 -2.557589821, 38.337962536 -2.561253027, 38.332072526 -2.565221384, 38.335738529 -2.571782062, 38.339911903 -2.587860016, 38.347453714 -2.590496441, 38.350318617 -2.601335626, 38.36202618 -2.630987173, 38.363574986 -2.640993639, 38.368015386 -2.644533113, 38.36776743 -2.652005422, 38.373726113 -2.658711996, 38.38238947 -2.664994699, 38.382790028 -2.673697612, 38.387230431 -2.681561365, 38.391583099 -2.696988018, 38.398556517 -2.711167615, 38.405716863 -2.731200329, 38.411816694 -2.740277044, 38.414517563 -2.752998132, 38.420029918 -2.760527652, 38.427304707 -2.779719063, 38.433251948 -2.791048389, 38.431844298 -2.793824997, 38.424092679 -2.797756404, 38.422524814 -2.807372377, 38.41894656 -2.813241708, 38.41965611 -2.816716102, 38.42665241 -2.821242774, 38.427228447 -2.829412154, 38.432180033 -2.840813476, 38.43227922 -2.844459277, 38.428403414 -2.851830508, 38.432656892 -2.857106702, 38.439721855 -2.85897382, 38.439210681 -2.866536481, 38.446348128 -2.871280571, 38.446664756 -2.873723184, 38.443876161 -2.881275834, 38.44611925 -2.882570565, 38.454031092 -2.88216743, 38.455488337 -2.884293928, 38.455587523 -2.88672772, 38.451349312 -2.891475156, 38.451082281 -2.895129779, 38.454397321 -2.896985933, 38.458059505 -2.897186899, 38.461530952 -2.899676235, 38.462198542 -2.906316776, 38.466383354 -2.911502618, 38.473600918 -2.92593539, 38.476717598 -2.938584242, 38.477888735 -2.939534729, 38.485796761 -2.938136049, 38.487990257 -2.939123249, 38.489092733 -2.946587212, 38.493857391 -2.953130245, 38.492457373 -2.957788757, 38.494555499 -2.958667247, 38.498740306 -2.957981615, 38.500910915 -2.961148952, 38.499453677 -2.96856643, 38.501391598 -2.98849735, 38.491530406 -2.98889095, 38.487582111 -2.983723466, 38.476664231 -2.990313237, 38.468042842 -2.991693322, 38.465551796 -2.993736623, 38.459921189 -2.99509978, 38.456007227 -2.990728302, 38.448816365 -2.975019869, 38.427896128 -2.957178273, 38.406872885 -2.929972928, 38.403618881 -2.928786192, 38.398491825 -2.930782769, 38.382572764 -2.920877157, 38.352756463 -2.89080772, 38.320739019 -2.836238963, 38.297247617 -2.809230294, 38.277685431 -2.779691041, 38.26396749 -2.763489367, 38.176395477 -2.701094553, 38.164581116 -2.696988654, 38.162994169 -2.695648626, 38.161739102 -2.686438882, 38.158397363 -2.692026905, 38.158038778 -2.697653547, 38.154384226 -2.700998018, 38.147487114 -2.702512796, 38.134261289 -2.701200908, 38.129370749 -2.702807467, 38.119723187 -2.708309672, 38.118155315 -2.709900495, 38.116884999 -2.715001472, 38.114054437 -2.716917231, 38.101667867 -2.721467281, 37.975406495 -2.79077361, 37.944285554 -2.781700251, 37.938433683 -2.773147055, 37.932047745 -2.766827398, 37.928450405 -2.756593741, 37.927058004 -2.745041272, 37.927279259 -2.742671607, 37.929900008 -2.740032553, 37.931174132 -2.724773964, 37.926020362 -2.712340859, 37.921076409 -2.706140162, 37.908789019 -2.705722261, 37.902124605 -2.703698992, 37.893171309 -2.676301244, 37.87882393 -2.661345191, 37.871434702 -2.648249821, 37.862855259 -2.627455664, 37.850689927 -2.606178994, 37.596949971 -2.313849068, 37.599669904 -2.311328258, 37.601230148 -2.312234403, 37.602309728 -2.311023346, 37.605559918 -2.312012453, 37.606940866 -2.311091287, 37.608832992 -2.30799999, 37.60722697 -2.305393601, 37.610328382 -2.303994687, 37.614402559 -2.299141877, 37.618114335 -2.298837919, 37.619548692 -2.299861356, 37.623008696 -2.306177679, 37.626853988 -2.302934526, 37.631790308 -2.303264941, 37.632919479 -2.30021799, 37.631744527 -2.296987951, 37.634594163 -2.295661033, 37.637325544 -2.299317801, 37.642204642 -2.298906325, 37.646900631 -2.300972985, 37.648376946 -2.294995897, 37.656239194 -2.289341357, 37.659584752 -2.289036922, 37.662476353 -2.29125568, 37.665936354 -2.291810666, 37.670773488 -2.28965341, 37.668614323 -2.285744179, 37.66872495 -2.282795687, 37.671883584 -2.282165363, 37.673516301 -2.270725411, 37.679120203 -2.266569912, 37.67915835 -2.264896604, 37.676751225 -2.262407027, 37.678933273 -2.255815591, 37.67913545 -2.244283618, 37.676240033 -2.240780616, 37.675900513 -2.23162713, 37.678456411 -2.229295845, 37.68018069 -2.229523513, 37.686970986 -2.223134949, 37.689439142 -2.217393636, 37.695722074 -2.211818483, 37.706327141 -2.197319893, 37.710534837 -2.194402151, 37.71656218 -2.192408435, 37.725507829 -2.193338654, 37.723562291 -2.189854723, 37.707959857 -2.183319797, 37.7062165 -2.174128882, 37.699727563 -2.16657981, 37.690347031 -2.166227941, 37.667603336 -2.157850687, 37.621139376 -2.163290215, 37.592494223 -2.154309581, 37.573584374 -2.139395958, 37.56455098 -2.128651891, 37.551870667 -2.129417629, 37.545774655 -2.12721413, 37.543459085 -2.124860438, 37.544954473 -2.117979111, 37.541761504 -2.114403636, 37.537183773 -2.112509098, 37.534589723 -2.108002683, 37.454158981 -2.076243727, 37.382422101 -2.024460377, 37.360563432 -2.013984035, 37.315877149 -2.009715084, 37.309227992 -2.0042732, 37.299076875 -2.005284485, 37.287785136 -1.998544652, 37.280914723 -1.995941957, 37.276077578 -1.976792725, 37.268734131 -1.96705469, 37.266296486 -1.960260736, 37.258941598 -1.959674402, 37.253738241 -1.954378774, 37.248622626 -1.952374931, 37.245189324 -1.944476842, 37.235969008 -1.937024796, 37.222949177 -1.934298376, 37.216090211 -1.934969347, 37.211100484 -1.933806569, 37.207793074 -1.935909947, 37.201224029 -1.934103497, 37.191477279 -1.93679691, 37.187776946 -1.935391324, 37.184568718 -1.931906439, 37.183401395 -1.929599234, 37.184789972 -1.926562413, 37.183996498 -1.92487063, 37.17627539 -1.922095335, 37.172021914 -1.919106674, 37.170808813 -1.91375216, 37.159692549 -1.898259342, 37.160218986 -1.894642979, 37.154088639 -1.888378983, 37.155854879 -1.885894171, 37.160733977 -1.886713181, 37.161962334 -1.883612828, 37.161271857 -1.878430793, 37.164823411 -1.873542462, 37.163194499 -1.868956182, 37.163461529 -1.858855898, 37.158132284 -1.852791916, 37.156186746 -1.846351504, 37.151471682 -1.844547199, 37.148839486 -1.841931151, 37.143918425 -1.84189885, 37.142812139 -1.839808944, 37.144807265 -1.837016837, 37.149518513 -1.835267597, 37.149888545 -1.833450416, 37.149056923 -1.831867103, 37.145589292 -1.830986347, 37.144593634 -1.828950795, 37.14462415 -1.823688063, 37.14689394 -1.820887255, 37.143277531 -1.815928242, 37.147679779 -1.808599321, 37.153218831 -1.803821485, 37.153558344 -1.800096413, 37.151956137 -1.797192143, 37.161042927 -1.782905008, 37.162320876 -1.781866431, 37.212790356 -1.775740083, 37.220568682 -1.772293216, 37.226374766 -1.761076636, 37.244956528 -1.737700135, 37.264434782 -1.760796145, 37.274475275 -1.76782301, 37.279693889 -1.769889671, 37.293186743 -1.75335314, 37.301838655 -1.755061131, 37.287941412 -1.720259351, 37.312592484 -1.702484104, 37.319214938 -1.71043905, 37.350042138 -1.706125124, 37.351064498 -1.707455379, 37.358652087 -1.708890764, 37.362951337 -1.704779606, 37.365343202 -1.706508937, 37.373411453 -1.707365971, 37.386301578 -1.703569493, 37.388331037 -1.700839966, 37.391447709 -1.700399526, 37.393671722 -1.69764306, 37.395979661 -1.698079087, 37.400015692 -1.695468758, 37.402659332 -1.695959378, 37.406420699 -1.69267963, 37.40811446 -1.693314003, 37.410018032 -1.69132601, 37.413752697 -1.690958281, 37.414107471 -1.690135573, 37.408511193 -1.686061252, 37.408610377 -1.683881827, 37.406035401 -1.679394005, 37.40706539 -1.677441414, 37.402632619 -1.673295811, 37.401247854 -1.669360593, 37.401732329 -1.66523704, 37.395972016 -1.661886254, 37.393965441 -1.655291717, 37.38780076 -1.644551936, 37.386187106 -1.634756323, 37.383238284 -1.633379344, 37.377970076 -1.625859828, 37.375952056 -1.61725775, 37.370817363 -1.604655849, 37.366594404 -1.599570008, 37.364568756 -1.592297351, 37.34313734 -1.574699728, 37.341607613 -1.570430038, 37.337666948 -1.566248795, 37.336163925 -1.562612169, 37.342294267 -1.55595195, 37.351114027 -1.552540485, 37.350888954 -1.551220004, 37.366060311 -1.536915821, 37.366727896 -1.534293692, 37.37190073 -1.530987719, 37.373026088 -1.528329711, 37.380121568 -1.5217695, 37.382357026 -1.52197011, 37.383161944 -1.520659403, 37.384760335 -1.522017193, 37.39564389 -1.523806954, 37.399306074 -1.52251639, 37.406870775 -1.526184721, 37.409487711 -1.52605098, 37.421271555 -1.532290897, 37.428008449 -1.534131796, 37.429236806 -1.532305913, 37.431216675 -1.533871942, 37.433272839 -1.532354068, 37.43521456 -1.534146216, 37.437732312 -1.533804354, 37.439658772 -1.530088698, 37.441962898 -1.53315627, 37.448879085 -1.531370674, 37.455387089 -1.523751265, 37.458972978 -1.523401178, 37.459919041 -1.521357877, 37.465580167 -1.519869681, 37.472393357 -1.520697512, 37.474411374 -1.523140842, 37.476593424 -1.518638476, 37.482491067 -1.519791242, 37.486515654 -1.517451731, 37.49066613 -1.519625195))",Makueni,Makueni,243484108,-57.80079999999999,1056.1077,47688763616,0.0,0.0,0.0,0.0,0.0,,39.99999999999998,0.0,0.337831962346088,0.0,0.0,0.0,0,0,0,0,,,0.0,0.0,0.0,0.0,,0,0,0,0,,,0.0,0.0,0.0,0.0,,0,0,0,0,,,0.0,0.0,0.0,0.0,,0,0,0,0,,39.99999999999998,0.0,0.337831962346088,0.0,0.0,0.0,0,0,0,0,-6.0,40.82216940363011,62.60691541955663,39.079166666666644,24.288888282952346,-45.079166666666644,-1.1535344919501014,-1.8559584177554302,1.0,0.0,0.0,0.0,-0.6402935266203414,0.0,0.0,0.0,0.0,-1.2220094027511752,0.3409313085407179,-0.6402935266203414
76,24749629,2022-02-01,Kenya,Kenya_2022-02,54986000,867457,303610.0,0.35,3.0,0.3,0.35,0.25,0.1,0.0,0.3,0.3,0.3,0.1,0.0,,,,,,Mandera,"POLYGON ((40.769000973 4.278113279, 40.773979249 4.276564638, 40.783363592 4.278948133, 40.789490102 4.267187465, 40.79234355 4.265607359, 40.806477277 4.261658991, 40.81778044 4.255673276, 40.823063894 4.251067416, 40.830891803 4.248109839, 40.832539782 4.246134947, 40.842431488 4.247530995, 40.849122596 4.245281462, 40.851281755 4.243350434, 40.852666506 4.233717238, 40.855180434 4.227526034, 40.857392999 4.22531465, 40.867441109 4.225217849, 40.871324545 4.223508529, 40.882948147 4.21573149, 40.885496411 4.212650906, 40.888143858 4.208187136, 40.88730842 4.205313485, 40.888109504 4.190148499, 40.901598527 4.179645137, 40.905039428 4.15938272, 40.909041116 4.15278147, 40.919943734 4.152094871, 40.924147609 4.14818752, 40.9306022 4.145359634, 40.94026883 4.143482476, 40.941798556 4.145305267, 40.945411145 4.144925733, 40.95276602 4.140413801, 40.960376488 4.138152347, 40.965904083 4.129567147, 40.972534154 4.126964785, 40.979858508 4.119632127, 40.9829065 4.109923121, 40.986332163 4.108395461, 40.998898022 4.108228568, 41.00306375 4.105604754, 41.0047308 4.100112536, 41.014763642 4.092709785, 41.020440009 4.080335963, 41.024384481 4.078743459, 41.030068491 4.078521265, 41.032635825 4.071236769, 41.038811944 4.074638227, 41.041444136 4.07375472, 41.045010942 4.068474675, 41.04739898 4.060620884, 41.050786491 4.054663312, 41.061391549 4.04719524, 41.067014516 4.041204766, 41.069944254 4.035365917, 41.07203474 4.026355419, 41.075616806 4.022757034, 41.081583109 4.022298827, 41.084261077 4.020203781, 41.086607154 4.013552471, 41.096247076 4.007425153, 41.105688633 4.004109978, 41.103823206 4.001303081, 41.100588278 3.99949412, 41.100622608 3.99695375, 41.101881478 3.992240141, 41.10720689 3.983710013, 41.110308298 3.982951666, 41.115019545 3.985769288, 41.121729722 3.980001954, 41.127467137 3.977573148, 41.125277453 3.973311546, 41.128489489 3.971232949, 41.135150081 3.972264491, 41.137389351 3.970929697, 41.134280309 3.968062725, 41.130259538 3.966572503, 41.138236223 3.964363975, 41.138861842 3.960908871, 41.141902213 3.959237458, 41.15602068 3.955756354, 41.160434366 3.950682046, 41.168411052 3.94882587, 41.167949461 3.945889045, 41.171684117 3.941051705, 41.1799431 3.942413188, 41.183097914 3.94010859, 41.191650631 3.938594276, 41.197613114 3.933976976, 41.205708059 3.933385978, 41.208637805 3.934309291, 41.20807704 3.940928414, 41.209519028 3.944323677, 41.212048223 3.945989362, 41.214714748 3.945512086, 41.216820506 3.948914501, 41.216538216 3.951627471, 41.228371639 3.95247258, 41.230660498 3.948551882, 41.238656269 3.957172586, 41.241242685 3.95825944, 41.243249253 3.956536535, 41.243810017 3.949329999, 41.245931028 3.947606617, 41.248181748 3.951858444, 41.251225937 3.95254622, 41.253118062 3.950877669, 41.256562801 3.950922484, 41.260987938 3.953107159, 41.265123151 3.952924065, 41.274877518 3.949516392, 41.27769282 3.949562877, 41.280336459 3.952213384, 41.283891824 3.949609119, 41.2818204 3.946911886, 41.289057022 3.947126913, 41.29640427 3.945388983, 41.294866926 3.953049907, 41.298773253 3.953735058, 41.302034876 3.948031143, 41.306967373 3.944735999, 41.312754382 3.945542494, 41.31382633 3.942836436, 41.32103625 3.943846997, 41.323328924 3.941201015, 41.32746032 3.93946285, 41.334185766 3.942788496, 41.339122081 3.942729367, 41.347461178 3.948472844, 41.353374073 3.94736238, 41.355273833 3.951162443, 41.355575207 3.957841641, 41.358161624 3.959045548, 41.360515339 3.959789109, 41.362582944 3.95851773, 41.363723557 3.955007079, 41.367336142 3.952068104, 41.370380331 3.953496582, 41.373596183 3.953089632, 41.377437656 3.95054759, 41.381115096 3.95135051, 41.385608905 3.958252606, 41.389973005 3.959279382, 41.392506017 3.962616475, 41.395611242 3.963647066, 41.399342088 3.962659856, 41.410633801 3.952910078, 41.418553264 3.950536817, 41.421704261 3.946677148, 41.429268955 3.94885133, 41.438878364 3.948262715, 41.440030428 3.950564209, 41.439122518 3.955800385, 41.441708934 3.956606167, 41.447041981 3.953598531, 41.451982111 3.953593043, 41.461580081 3.958472325, 41.465368148 3.957828408, 41.469438504 3.952872108, 41.477480046 3.955568619, 41.479662093 3.954061703, 41.482935167 3.954178514, 41.485876363 3.960794772, 41.496382244 3.960428581, 41.501272787 3.966062637, 41.504202531 3.965710281, 41.506609649 3.962657115, 41.508211849 3.959199626, 41.505675021 3.955284656, 41.507624367 3.952639627, 41.516409786 3.953137155, 41.521529214 3.957279077, 41.526705873 3.970025261, 41.536547987 3.973149219, 41.541896302 3.978898897, 41.549487702 3.983258951, 41.552470853 3.982734472, 41.563651939 3.974140686, 41.566856339 3.967216649, 41.569210053 3.966757492, 41.572769235 3.967731344, 41.579441276 3.97250049, 41.590691033 3.969365304, 41.595711272 3.969213916, 41.600342408 3.972696906, 41.619290377 3.971859393, 41.621766166 3.973695294, 41.624936249 3.980942114, 41.629704713 3.981170971, 41.630093813 3.975060352, 41.632447527 3.975576958, 41.634187071 3.982946078, 41.638036177 3.983746853, 41.638600759 3.980401412, 41.636647593 3.978048902, 41.636468296 3.975048901, 41.642385008 3.976539359, 41.644334354 3.974409271, 41.644269499 3.971354677, 41.647195427 3.969275842, 41.651273418 3.970247787, 41.656259317 3.963842264, 41.667799 3.963714708, 41.669870424 3.966301563, 41.677721214 3.957934975, 41.680086378 3.962716999, 41.680265675 3.965933465, 41.683542567 3.968868856, 41.68326791 3.974165584, 41.685789472 3.972955473, 41.686590571 3.969844139, 41.690325234 3.971675271, 41.693899683 3.979155244, 41.705679702 3.984150147, 41.708266117 3.984665799, 41.711707039 3.98292835, 41.714297271 3.984772356, 41.715624816 3.98919583, 41.718272271 3.99225066, 41.721026535 3.991608889, 41.722457071 3.988902116, 41.721621633 3.985995091, 41.730670274 3.989516459, 41.732741698 3.991759544, 41.73612158 3.987609507, 41.734450707 3.984154167, 41.736400053 3.982828195, 41.739562501 3.985013586, 41.754428662 3.982343035, 41.755225945 3.978942763, 41.753234626 3.971105668, 41.76713947 3.973480812, 41.777000651 3.972001779, 41.782547338 3.980395768, 41.78392447 3.98010206, 41.786346845 3.976099593, 41.78892563 3.975675241, 41.795067417 3.980678494, 41.79447612 3.973659341, 41.800453861 3.9689946, 41.795776949 3.966742221, 41.798164994 3.964592583, 41.798500687 3.958491977, 41.799908335 3.956056501, 41.803051705 3.954708595, 41.807846875 3.957303791, 41.812245304 3.955300765, 41.819951143 3.956548532, 41.822457445 3.954506889, 41.820012174 3.951479236, 41.820893382 3.947961196, 41.826085282 3.945205547, 41.827531082 3.946113127, 41.828431372 3.949552733, 41.830552384 3.949247342, 41.835076696 3.943042313, 41.837132856 3.942158808, 41.837914888 3.945318773, 41.836175356 3.948785321, 41.836594983 3.950338007, 41.843209797 3.951535234, 41.847169523 3.945973642, 41.850026786 3.944969745, 41.853078603 3.945627958, 41.855684094 3.947724428, 41.85473041 3.95498341, 41.856946795 3.957839893, 41.861082007 3.958141939, 41.866174725 3.956651469, 41.867815079 3.959338213, 41.867155127 3.962051421, 41.869005292 3.963129217, 41.870874528 3.960981248, 41.874536706 3.959676254, 41.877622861 3.963785755, 41.882620211 3.963741169, 41.885855145 3.970949369, 41.898676598 3.977608527, 41.902300631 3.977975179, 41.905135002 3.97473034, 41.907709971 3.973899043, 41.913844128 3.97844028, 41.87218295 3.92112968, 41.3308814 3.151910495, 40.994883661 2.822846744, 40.993254311 2.175247394, 40.982347878 2.17647348, 40.959421096 2.171928444, 40.948968622 2.17344299, 40.934434344 2.177639273, 40.89840765 2.199983583, 40.890400448 2.206684944, 40.878166483 2.221258911, 40.871658485 2.226231412, 40.86812601 2.23300858, 40.866409369 2.243825633, 40.855583058 2.263009494, 40.848666881 2.269944961, 40.844813962 2.27125186, 40.832347296 2.286459489, 40.829123815 2.288742386, 40.824126464 2.289933185, 40.80767335 2.286744151, 40.797495541 2.291368832, 40.787191846 2.298742715, 40.779573752 2.307351973, 40.773077197 2.310660698, 40.756887305 2.312715695, 40.742555204 2.310056617, 40.730481454 2.315018156, 40.725403995 2.320694407, 40.720456238 2.323720868, 40.718316153 2.327395053, 40.71776683 2.333897587, 40.707035884 2.346345288, 40.705178092 2.350480296, 40.692207875 2.363319447, 40.686176721 2.364276379, 40.677074679 2.371892951, 40.674396714 2.380053304, 40.670364502 2.383259516, 40.668277824 2.387684178, 40.669738886 2.393506324, 40.666034748 2.402952118, 40.668968313 2.410373196, 40.664032006 2.423130334, 40.655906546 2.430004298, 40.652686878 2.431030125, 40.647353826 2.430539268, 40.642985913 2.432362536, 40.63951066 2.439321127, 40.63532204 2.438783782, 40.633254434 2.439862294, 40.63145005 2.444811431, 40.615962082 2.456080499, 40.603682346 2.479518335, 40.603754832 2.487983121, 40.593268029 2.497319973, 40.593359587 2.501814485, 40.596960734 2.505111045, 40.59614056 2.50833156, 40.579355574 2.526331073, 40.580469501 2.545393829, 40.57959592 2.547637867, 40.56610308 2.561853054, 40.561475766 2.569202381, 40.559835419 2.576050595, 40.562730836 2.582857085, 40.561227817 2.584694656, 40.556459352 2.586509343, 40.550790607 2.595415408, 40.550851651 2.60669305, 40.545453757 2.619225621, 40.541532182 2.634984905, 40.5379463 2.640723141, 40.536527211 2.649470431, 40.534104833 2.652340265, 40.532186006 2.657687765, 40.528386495 2.660369504, 40.522729209 2.690691792, 40.519204363 2.695742728, 40.511902891 2.699107241, 40.501042245 2.714025464, 40.501431354 2.716674778, 40.510800441 2.72495647, 40.512200468 2.731755573, 40.513966709 2.73424063, 40.519295947 2.735988319, 40.520310679 2.739269864, 40.519212027 2.741568496, 40.519929208 2.746813007, 40.518971706 2.755559821, 40.5212415 2.760811484, 40.519082344 2.767651356, 40.521588652 2.771808534, 40.519341753 2.773647297, 40.515435426 2.774430199, 40.509842974 2.779990354, 40.504101742 2.780775402, 40.501587815 2.790682023, 40.496029695 2.795165812, 40.494915786 2.801145306, 40.496945248 2.805176372, 40.500496803 2.808084107, 40.499768185 2.812281339, 40.496170855 2.813932008, 40.495533792 2.819051839, 40.497261892 2.828907678, 40.49979109 2.833760978, 40.495953436 2.843307382, 40.498318598 2.847744916, 40.494374127 2.851982678, 40.495457528 2.859804509, 40.493531075 2.868534399, 40.400065366 2.909506948, 40.361581956 2.929533826, 40.31071198 2.951338446, 40.293659954 2.961208368, 40.270565328 2.971383683, 40.045581681 3.223703231, 40.039886228 3.22619664, 40.035201691 3.231855019, 40.01661231 3.240973756, 39.790644305 3.331159185, 39.788191412 3.337927544, 39.786883275 3.69014132, 39.866749543 3.86466248, 40.118105079 3.996138313, 40.150057633 4.011389323, 40.157855028 4.010563981, 40.162711243 4.018471642, 40.208534317 4.039154063, 40.430111678 4.130527069, 40.699720848 4.239503817, 40.702013532 4.244318505, 40.704493135 4.245335032, 40.710142815 4.24734806, 40.727728917 4.248619655, 40.747165197 4.261506962, 40.758491275 4.277929725, 40.763965475 4.279544628, 40.769000973 4.278113279))",Mandera,Mandera,2196668269,877.9226000000002,10432.420099999994,430248001965,0.0,4.0,0.0,0.0,4.0,51.61290322580645,50.396733296534755,4.5,4.180484335021759,-0.5,-0.1111111111111111,-0.11960336648346695,0,0,0,0,,,0.0,0.0,0.0,0.0,,0,0,0,0,,,0.0,0.0,0.0,0.0,,0,0,0,0,,,0.0,0.0,0.0,0.0,,0,0,0,0,51.61290322580645,50.396733296534755,4.5,4.1804843350217595,-0.5,-0.1111111111111111,-0.11960336648346692,0,0,0,0,-3.07,38.66147859922177,61.400781312465405,13.480833333333356,8.66286623752643,-16.550833333333355,-1.227730728812511,-1.910549335465583,1.0,0.0,0.0,0.0,-0.7064331555425731,0.0,0.0,0.0,0.0,-1.3381276320051831,0.3318558087647648,-0.7064331555425731
77,24749629,2022-02-01,Kenya,Kenya_2022-02,54986000,459785,229893.0,0.5,3.0,0.1,0.4,0.35,0.15,0.0,0.1,0.35,0.35,0.2,0.0,,,,,,Marsabit,"POLYGON ((36.641506825 4.445211417, 36.648533641 4.444113345, 36.668858772 4.445615233, 36.700784635 4.445281917, 36.706007066 4.447512844, 36.765052176 4.449195395, 36.790126706 4.453547094, 36.822991004 4.454268928, 36.838917689 4.448575477, 36.864556786 4.43650867, 36.906015763 4.42669185, 36.917002311 4.419454059, 36.941542753 4.408239767, 36.94351499 4.406355463, 36.943545503 4.400930944, 36.950511285 4.401619431, 36.966418898 4.399158664, 36.971561213 4.396198226, 36.983490007 4.385860301, 36.988800173 4.383885402, 36.99576214 4.384862351, 37.003578609 4.378346436, 37.007198833 4.379468335, 37.010288805 4.382668116, 37.015591353 4.39118132, 37.026829672 4.380551119, 37.031548551 4.381277752, 37.03325375 4.375694935, 37.039380276 4.372057921, 37.038647836 4.369226225, 37.051591354 4.353355548, 37.060784967 4.356543879, 37.072622212 4.35144786, 37.078538923 4.345549876, 37.098661831 4.313131478, 37.11209746 4.301989197, 37.117296997 4.299497451, 37.123164124 4.300633174, 37.132815501 4.295457534, 37.174118049 4.266369065, 37.189895953 4.257897799, 37.22620878 4.23527661, 37.241929463 4.227264499, 37.31157959 4.180315197, 37.336791426 4.164697215, 37.373764205 4.138901995, 37.39081243 4.13106916, 37.40290526 4.122620309, 37.413247112 4.118137455, 37.451764877 4.094880701, 37.58511026 4.000499138, 37.603550874 3.98981363, 37.619073182 3.977358733, 37.63694158 3.966779552, 37.682787517 3.933018254, 37.710181401 3.915487608, 37.725413787 3.903707619, 37.77649741 3.87036304, 37.783676814 3.867126299, 37.809499012 3.85105394, 37.837388814 3.83109378, 37.843980744 3.828769153, 37.877970367 3.804392422, 37.913138758 3.782746782, 37.921340518 3.776000104, 37.973763129 3.746683986, 37.999158078 3.737523272, 38.006997427 3.723212935, 38.012624213 3.715675255, 38.028562327 3.698650986, 38.041395218 3.686018969, 38.048807323 3.682607722, 38.070471416 3.667967431, 38.095721393 3.64794792, 38.130332808 3.606949601, 38.137710585 3.609851376, 38.147506926 3.608684647, 38.173485549 3.615837044, 38.189309237 3.617651477, 38.233709399 3.615238846, 38.245279609 3.612760925, 38.297591614 3.611029867, 38.331051 3.608522364, 38.346867057 3.608732855, 38.366577996 3.60738088, 38.374535614 3.605133732, 38.445005942 3.601090671, 38.466799754 3.606567848, 38.498351766 3.618645068, 38.520778831 3.625053427, 38.522655714 3.639176132, 38.516658895 3.646012204, 38.516727564 3.649857089, 38.519542871 3.653296457, 38.522575615 3.651289618, 38.524757667 3.65243059, 38.530254756 3.651049544, 38.536617801 3.652011713, 38.539478881 3.6513256, 38.542160663 3.646378598, 38.551251264 3.63936277, 38.551976065 3.632759141, 38.556599566 3.626727187, 38.559990886 3.611512376, 38.565777899 3.611442758, 38.567662395 3.608919551, 38.575272866 3.604834115, 38.603464049 3.604792607, 38.612192258 3.610296735, 38.614652787 3.609492615, 38.61504189 3.605240784, 38.617212495 3.602771931, 38.651232647 3.596868923, 38.665602898 3.591799135, 38.669062905 3.599779747, 38.67648265 3.608376854, 38.67336599 3.620272446, 38.682601562 3.623532532, 38.684604318 3.6231263, 38.689353709 3.619907205, 38.690654542 3.614389003, 38.692596261 3.612661806, 38.696296583 3.603534731, 38.703083057 3.593069762, 38.707710374 3.588529704, 38.715221647 3.569922485, 38.730446406 3.564101028, 38.844840011 3.531006497, 38.905582641 3.510658925, 38.959802029 3.514154983, 38.958669045 3.519094592, 38.959657076 3.523916669, 38.965974346 3.528440505, 38.968839242 3.528558033, 38.971414212 3.526486351, 38.976575603 3.527572249, 38.979604532 3.525726807, 38.981542434 3.522279807, 38.989900601 3.519511521, 39.000669707 3.518181727, 39.002416878 3.523429105, 39.006319392 3.523040036, 39.009016435 3.52102247, 39.014467739 3.512273971, 39.019518496 3.508256959, 39.022955612 3.512463728, 39.023524021 3.521338811, 39.028803669 3.52233388, 39.033446248 3.521130442, 39.036086074 3.523383063, 39.043540143 3.52461319, 39.047156547 3.522948215, 39.054786089 3.515818913, 39.056964326 3.516859042, 39.060691365 3.52187994, 39.070594521 3.524837736, 39.07571395 3.52773236, 39.080470982 3.536959792, 39.0855103 3.539483469, 39.089645515 3.539057925, 39.09532952 3.530363065, 39.101009715 3.526228045, 39.102901839 3.522889517, 39.106689907 3.519903577, 39.122406771 3.515097696, 39.129692985 3.509985243, 39.140076799 3.509314142, 39.150800126 3.506915133, 39.150060054 3.501088923, 39.151494407 3.498844881, 39.162335992 3.496165276, 39.164918592 3.493631579, 39.173524718 3.489676548, 39.180406568 3.488128146, 39.189867208 3.488904361, 39.192686315 3.477206166, 39.228186602 3.478609344, 39.234381791 3.475106794, 39.240405318 3.474200638, 39.257899871 3.474295504, 39.263465622 3.470439887, 39.268283681 3.469759972, 39.28060922 3.475320356, 39.291965803 3.477126211, 39.295692837 3.476555006, 39.298504323 3.474319545, 39.302174136 3.474788947, 39.304928403 3.475882715, 39.307793304 3.482060797, 39.316220146 3.489394867, 39.319600042 3.496549905, 39.325028468 3.499967812, 39.322014778 3.479631508, 39.316986896 3.468595829, 39.307716986 3.457471231, 39.302044409 3.448281469, 39.298206739 3.439443819, 39.297005077 3.430750159, 39.302368638 3.418535116, 39.308674452 3.41058096, 39.310024877 3.405875935, 39.31818464 3.362610979, 39.322254967 3.321790085, 39.327629957 3.291327346, 39.331311205 3.281175403, 39.339844841 3.266453129, 39.341202895 3.261106099, 39.346688458 3.164935402, 39.34482303 3.160475932, 39.345967443 3.136971801, 39.344792435 3.066867553, 39.343033822 3.064153871, 39.330590024 3.055825688, 39.283866654 3.028300064, 39.263434707 3.005352852, 39.244189159 2.986973819, 39.233561198 2.984578644, 39.207468136 2.973039968, 39.202341077 2.968761683, 39.196351875 2.959380969, 39.188462921 2.95786238, 39.162984046 2.956952674, 39.150174034 2.954511728, 39.147240471 2.952304642, 39.13935151 2.940797897, 39.12685812 2.934556888, 39.119075969 2.918318184, 39.111972835 2.885188273, 39.066947057 2.882713023, 39.070094188 2.806020186, 39.065970394 2.773188513, 39.064356719 2.738510925, 39.061423155 2.733770386, 39.051844251 2.725682747, 39.049948305 2.720733847, 39.048040906 2.703888181, 39.036672869 2.688834081, 39.031961613 2.674005978, 39.015554242 2.63337561, 38.991818683 2.581028713, 38.984242534 2.569819015, 38.975930137 2.563332217, 38.956066606 2.558156614, 38.945495864 2.553424663, 38.918677999 2.549324716, 38.912860466 2.545569716, 38.900935482 2.544284283, 38.895568093 2.541397766, 38.889292789 2.539958801, 38.892569678 2.537443941, 38.895056906 2.529980181, 38.897994263 2.500975274, 38.904178002 2.486002697, 38.904311514 2.478276463, 38.919051773 2.434932401, 38.93550487 2.397767372, 38.935096682 2.387281685, 38.938976292 2.361732596, 38.938331592 2.357344647, 38.933734783 2.346867785, 38.932796343 2.337404349, 38.933048113 2.330030945, 38.938110308 2.311927733, 38.937816567 2.307205074, 38.93058756 2.290295528, 38.928230023 2.279257715, 38.93192271 2.255328065, 38.934192496 2.246706171, 38.937061203 2.241259974, 38.938217069 2.22369936, 38.940784403 2.208337248, 38.940227429 2.178888458, 38.93785081 2.153501966, 38.943607297 2.140718364, 38.950847725 2.117512491, 38.957493053 2.102024029, 38.961681672 2.096867246, 38.962501847 2.09369155, 38.38692091 1.760497877, 38.342913591 1.575098349, 38.222179751 1.479037528, 37.947569295 1.264176954, 37.952955798 1.385302212, 37.853420715 1.456217418, 37.85110896 1.452444301, 37.850220114 1.444366199, 37.846725778 1.438792465, 37.843971505 1.423079086, 37.832550068 1.4227296, 37.827606118 1.418349046, 37.818278994 1.420668896, 37.811095771 1.416033973, 37.801215503 1.416444974, 37.794554904 1.411412285, 37.788107935 1.412847083, 37.783873536 1.416779572, 37.781985222 1.416290142, 37.779127953 1.409866521, 37.773863563 1.408534119, 37.764696659 1.412011627, 37.760397408 1.411448534, 37.756979368 1.408868716, 37.748918749 1.410854332, 37.72518703 1.402583256, 37.721391329 1.403006294, 37.717458296 1.405789944, 37.711778096 1.405316489, 37.685177666 1.396962094, 37.679997201 1.398225484, 37.675655988 1.401289252, 37.67324505 1.401152174, 37.666588265 1.395658185, 37.661770204 1.395429206, 37.660351107 1.39386365, 37.657364138 1.394178574, 37.654739574 1.397722593, 37.650604358 1.397964449, 37.644050573 1.393510589, 37.641170416 1.389438759, 37.633464568 1.385210423, 37.630923927 1.381545896, 37.623065489 1.380709123, 37.622783194 1.37540883, 37.621303061 1.374060335, 37.61733188 1.375170435, 37.608054346 1.37282246, 37.604567643 1.376646239, 37.599204073 1.389097508, 37.595736439 1.38104575, 37.590166865 1.375796595, 37.587763553 1.364995994, 37.579569415 1.363399329, 37.581469175 1.36797692, 37.579363422 1.376721701, 37.572843972 1.379530623, 37.568743091 1.387152671, 37.562345714 1.389328409, 37.556863884 1.395936553, 37.501889194 1.498616563, 37.471065829 1.551584234, 37.458614408 1.566877447, 37.453922237 1.575239722, 37.443412535 1.5860122, 37.351274327 1.739896853, 37.306527019 1.762438089, 37.267765136 1.875965476, 37.249732693 1.878379977, 37.244998557 1.880238051, 37.24284321 1.881773095, 37.237147755 1.892175702, 37.23081523 1.898318499, 37.222678316 1.902831491, 37.216578492 1.909146054, 37.207648105 1.914245862, 37.191378093 1.92711458, 37.18689955 1.93473282, 37.179052566 1.954735706, 37.173734769 1.955968701, 37.154248899 1.964628032, 37.132558085 1.967741518, 37.120427101 1.973578216, 37.113270582 1.974320471, 37.10152489 1.979171752, 37.085891939 1.98069083, 37.014998145 1.980254121, 37.009169168 1.981612395, 37.003519486 1.984923862, 36.994158025 1.98223617, 36.985815116 1.993410474, 36.984457059 2.000741563, 36.981946937 2.000910112, 36.970056284 2.007975036, 36.947781815 2.024140085, 36.942532684 2.025381186, 36.921467487 2.017524321, 36.915890285 2.017833526, 36.913803603 2.019150913, 36.913040652 2.026898126, 36.919060386 2.061543043, 36.91616498 2.079829585, 36.917568828 2.098700439, 36.916550284 2.101221734, 36.913387835 2.101344034, 36.909676059 2.10347269, 36.912899555 2.123186756, 36.912476117 2.127851486, 36.900764769 2.15439828, 36.893501456 2.192848992, 36.862491177 2.255910242, 36.841376402 2.274737963, 36.755711928 2.508838776, 36.753739694 2.516980543, 36.744012014 2.515019965, 36.739525837 2.515572574, 36.728386689 2.512380195, 36.723900512 2.512878449, 36.711918298 2.508509099, 36.705028812 2.508506005, 36.703033685 2.511006562, 36.698925173 2.512771186, 36.695827574 2.512602879, 36.694126202 2.541970405, 36.694915871 2.558134977, 36.703453353 2.57851728, 36.69962333 2.596463403, 36.699753051 2.625897444, 36.692543143 2.65452213, 36.696270187 2.666344283, 36.696140488 2.671135128, 36.694667991 2.681211735, 36.688701685 2.688450216, 36.693382422 2.69792391, 36.690052125 2.701623849, 36.687221567 2.710468416, 36.692329555 2.714410562, 36.699585259 2.71324932, 36.704353731 2.716901336, 36.7061772 2.725646487, 36.703468722 2.745221586, 36.705460039 2.750333076, 36.70689822 2.765233427, 36.70591783 2.777109939, 36.701210399 2.780725724, 36.703434422 2.79311479, 36.69981421 2.808403018, 36.695576001 2.819070617, 36.696373293 2.823528898, 36.699001674 2.824203085, 36.701607165 2.822861379, 36.705025206 2.824757356, 36.70814952 2.842292005, 36.701187565 2.858278504, 36.678878771 2.882984184, 36.667602295 2.887833208, 36.666255681 2.889538947, 36.657447363 2.891021313, 36.619631482 2.885129809, 36.57702425 2.892153046, 36.567731457 2.895188098, 36.524803774 2.889102066, 36.517582418 2.910977714, 36.466704769 2.944594737, 36.457534054 2.954895209, 36.449751911 2.956739224, 36.446631427 2.961820442, 36.447028167 2.965924703, 36.440974124 2.975237728, 36.43361542 2.97570857, 36.41880266 2.998151137, 36.414167707 2.999866415, 36.404821516 3.014620879, 36.3978977 3.019674447, 36.39505188 3.024529903, 36.400121721 3.027506538, 36.401666704 3.026227054, 36.403562649 3.027026878, 36.405706556 3.030701306, 36.405489115 3.032951308, 36.403223142 3.038901726, 36.397455205 3.045684156, 36.397859581 3.057850087, 36.395914054 3.070028179, 36.394384332 3.074760144, 36.386400013 3.084871806, 36.391958141 3.082960325, 36.393178871 3.085783196, 36.378545417 3.122765192, 36.36945481 3.131002569, 36.364281981 3.141228899, 36.355645333 3.148717229, 36.342900182 3.172190634, 36.338673414 3.17717745, 36.334263534 3.179099896, 36.329464549 3.184717752, 36.322754358 3.186137179, 36.313377635 3.183130271, 36.308994454 3.179467764, 36.304687571 3.179890209, 36.303203624 3.181684633, 36.313373822 3.185696865, 36.303077737 3.182154277, 36.299640631 3.19254677, 36.298057512 3.2090444, 36.299129479 3.227898355, 36.297370871 3.232113951, 36.29182419 3.237449068, 36.291614379 3.240683654, 36.288932594 3.244553335, 36.286914586 3.254488342, 36.279433815 3.262998924, 36.270442391 3.267773093, 36.268863078 3.274013166, 36.252211587 3.285922837, 36.245318295 3.297027907, 36.235922503 3.301348166, 36.230219419 3.309681856, 36.220884664 3.314625765, 36.214525438 3.323165194, 36.224211158 3.325334132, 36.228487527 3.330677824, 36.235861494 3.335018096, 36.252688474 3.334929874, 36.256049297 3.340677652, 36.254588243 3.347550435, 36.254199147 3.361339387, 36.257624823 3.368813406, 36.256919105 3.388194942, 36.253848215 3.394087194, 36.254206807 3.397205919, 36.248206168 3.402999239, 36.237662129 3.407839685, 36.236304072 3.411594935, 36.237032701 3.419784152, 36.231882755 3.423329614, 36.230868028 3.426850757, 36.233031012 3.434682613, 36.232756351 3.437040372, 36.229391722 3.44184696, 36.230520902 3.449278308, 36.22812141 3.452117872, 36.229239143 3.457018861, 36.222651027 3.460686385, 36.218893477 3.46716343, 36.218965961 3.47044379, 36.220869536 3.472112099, 36.221247204 3.478050122, 36.217989388 3.481637064, 36.217485839 3.484002929, 36.220957291 3.489462246, 36.221491362 3.492635564, 36.217867333 3.502799915, 36.218473888 3.509145122, 36.212301585 3.515578542, 36.21153482 3.522552407, 36.209997468 3.52533094, 36.206152174 3.526159615, 36.204557599 3.528413911, 36.206060622 3.530252913, 36.206842658 3.537800363, 36.208704274 3.542694678, 36.20789555 3.552966544, 36.210577344 3.560619364, 36.210844385 3.567939621, 36.208803484 3.573255904, 36.210031847 3.577976427, 36.20901712 3.5821391, 36.213343089 3.596529054, 36.212351255 3.605182912, 36.221274032 3.621105287, 36.221136705 3.627511764, 36.218699069 3.633811441, 36.220610275 3.637549524, 36.217329576 3.647253291, 36.218893647 3.661372905, 36.217531775 3.664956271, 36.225199481 3.670157876, 36.230177761 3.666676303, 36.238577903 3.670036996, 36.241442799 3.668636165, 36.245425429 3.672534212, 36.246131166 3.675645071, 36.244376373 3.681016186, 36.245021073 3.683430922, 36.24755027 3.683999261, 36.248965548 3.679720249, 36.256446329 3.683086903, 36.257556431 3.686307424, 36.252318752 3.695797589, 36.251841912 3.703576764, 36.248164466 3.703077323, 36.250712741 3.707449784, 36.257228385 3.712892173, 36.266257963 3.715152419, 36.269260195 3.718306426, 36.273258088 3.725204954, 36.274791636 3.733559621, 36.280078927 3.745522682, 36.274146957 3.753863291, 36.27573391 3.760718195, 36.275234178 3.76423171, 36.263034528 3.77064559, 36.252681221 3.767639873, 36.257892214 3.77637669, 36.256591379 3.779960057, 36.257579408 3.782547631, 36.252295942 3.782458475, 36.252421832 3.785052487, 36.24803103 3.790785733, 36.245055527 3.815716957, 36.2393143 3.82797016, 36.236563857 3.840205481, 36.2416833 3.853560075, 36.24094705 3.855581932, 36.236712651 3.858541175, 36.237414572 3.860847678, 36.227602979 3.87462306, 36.227023143 3.885058233, 36.224814392 3.890725918, 36.213564628 3.903935821, 36.212431643 3.90722119, 36.20682774 3.911521663, 36.206263155 3.914004821, 36.195528385 3.925824146, 36.191168107 3.9387041, 36.187627998 3.942243127, 36.179021864 3.944590406, 36.181673135 3.946478995, 36.189886349 3.945919466, 36.196958947 3.947904364, 36.211661119 3.970544568, 36.211397904 3.975622216, 36.205107343 3.981076777, 36.209013685 3.992123201, 36.207430558 3.997665966, 36.205015806 3.998931864, 36.213137491 4.02463168, 36.216109219 4.041693375, 36.21861553 4.044683842, 36.218272206 4.05057419, 36.220286412 4.054566408, 36.219679869 4.061332633, 36.216696724 4.071578523, 36.217936529 4.074600937, 36.225989529 4.080204246, 36.22412411 4.087363352, 36.224967181 4.092535167, 36.231730789 4.10128772, 36.236396277 4.117207963, 36.242969146 4.125345448, 36.246562676 4.135921753, 36.245799746 4.161167196, 36.241531025 4.174679624, 36.237704807 4.177783576, 36.233199555 4.177333961, 36.22121353 4.181123079, 36.207198056 4.196118356, 36.209841698 4.197889654, 36.210551249 4.200584987, 36.209090195 4.205703403, 36.211524025 4.20817893, 36.215022183 4.215637461, 36.215335 4.220364426, 36.218959042 4.224190718, 36.22175528 4.231267335, 36.222491538 4.236673735, 36.220149278 4.249207776, 36.22024847 4.256599559, 36.222770045 4.264027576, 36.222388574 4.270739924, 36.217799411 4.283211508, 36.214030417 4.288221695, 36.199568612 4.301840462, 36.188799516 4.319683171, 36.18710576 4.324700508, 36.187399505 4.330927477, 36.19570047 4.341024599, 36.197031838 4.351149859, 36.213301871 4.360056887, 36.218451833 4.372672454, 36.217933027 4.376664676, 36.210520936 4.394935548, 36.214633277 4.405676827, 36.215617508 4.423545273, 36.21696413 4.428239816, 36.216304179 4.433333917, 36.182097064 4.423481419, 36.181208233 4.434474454, 36.173578689 4.443400104, 36.172640258 4.446775828, 36.173513846 4.450438583, 36.195700588 4.450234489, 36.213424039 4.448476519, 36.228854818 4.454300101, 36.235530676 4.453719832, 36.25040067 4.448136999, 36.338792863 4.448959376, 36.362387255 4.44736351, 36.407195623 4.447830245, 36.429702802 4.445360412, 36.456276537 4.446437944, 36.49804834 4.445397526, 36.50609752 4.446608582, 36.520612742 4.444190251, 36.530336607 4.444096788, 36.556368648 4.449145564, 36.597034168 4.452289518, 36.603736735 4.456433354, 36.625267333 4.455969883, 36.633224954 4.453275018, 36.641506825 4.445211417))",Marsabit,Marsabit,1068804351,317.6822000000002,4658.451700000004,206807086572,0.0,2.0,0.0,0.0,2.0,50.96153846153846,54.42264228331874,6.333333333333333,7.179757171623444,-4.333333333333333,-0.6842105263157895,-0.6035487314891328,0,0,0,0,,,0.0,8.788225421601363e-09,0.0,0.0,0.0,0,0,0,0,,,0.0,0.0,0.0,0.0,,0,0,0,0,,,0.0,0.0,0.0,0.0,,0,0,0,0,50.96153846153846,54.42264228331874,6.333333333333333,7.179757171623444,-4.333333333333333,-0.6842105263157895,-0.6035487314891328,0,0,0,0,-2.23,39.98108150717331,60.39161736362458,12.851666666666636,8.14328948195732,-15.081666666666637,-1.1735183504085078,-1.852036170405379,1.0,0.0,0.0,0.0,-0.6672777676366846,0.0,0.0,0.0,0.0,-1.2493094830987768,0.27491324994788974,-0.6672777676366846
78,24749629,2022-02-01,Kenya,Kenya_2022-02,54986000,198901,19890.0,0.1,2.0,0.55,0.35,0.1,0.0,0.0,0.55,0.35,0.1,0.0,0.0,,,,,,Nyeri,"POLYGON ((37.078422118 -0.002441853, 37.090122035 -0.016737689, 37.09472647 -0.017804719, 37.100833926 -0.026449243, 37.102779461 -0.028040721, 37.107349563 -0.028610459, 37.115146964 -0.040573682, 37.118950296 -0.028818608, 37.120953053 -0.02678409, 37.121410826 -0.021277251, 37.124374907 -0.023329918, 37.126667587 -0.02810437, 37.134236102 -0.02947894, 37.133679145 -0.03449752, 37.137280293 -0.042002881, 37.146241201 -0.043992448, 37.151131744 -0.051497913, 37.161542267 -0.054111526, 37.167966349 -0.060649571, 37.308636203 -0.152453195, 37.203718449 -0.429563116, 37.200121116 -0.432058062, 37.201040478 -0.440151647, 37.198194655 -0.441977591, 37.189027749 -0.443820104, 37.185888189 -0.440383073, 37.183767173 -0.440029888, 37.176133808 -0.444766394, 37.177152357 -0.484174822, 37.16743231 -0.489082378, 37.164315638 -0.491785266, 37.162545583 -0.496523113, 37.163361945 -0.497454739, 37.165109112 -0.496261591, 37.166432839 -0.497808252, 37.164681858 -0.501135472, 37.169538068 -0.504808189, 37.171300495 -0.510469407, 37.169614365 -0.515885493, 37.163129247 -0.520178849, 37.162888916 -0.52141762, 37.165982699 -0.521138218, 37.164147792 -0.524646233, 37.160920492 -0.524373984, 37.156136763 -0.521406595, 37.155572177 -0.526108563, 37.15143696 -0.525013188, 37.150498525 -0.52363847, 37.146122978 -0.5291260169999999, 37.148728471 -0.5394805, 37.147179673 -0.545176882, 37.150674009 -0.5560471380000001, 37.149247283 -0.55969086, 37.149273987 -0.564745655, 37.148327923 -0.565477773, 37.145558396 -0.564057224, 37.144825959 -0.569491548, 37.146378574 -0.573072929, 37.15044131 -0.57453913, 37.151326338 -0.5777133290000001, 37.150433681 -0.58180935, 37.155995625 -0.586902169, 37.161214239 -0.59412894, 37.166768553 -0.595306323, 37.169122269 -0.59301032, 37.171067806 -0.59976584, 37.178968207 -0.602327535, 37.180589488 -0.612573488, 37.179834163 -0.617031336, 37.175862982 -0.617454969, 37.174749067 -0.618738619, 37.177331671 -0.621741707, 37.17395178 -0.623757058, 37.172631868 -0.6292636150000001, 37.175908761 -0.633704716, 37.171498881 -0.633504225, 37.170056896 -0.638097363, 37.155671377 -0.638408712, 37.152707297 -0.640460359, 37.150971573 -0.639030989, 37.145649961 -0.638685434, 37.134011081 -0.640173213, 37.132248655 -0.643997521, 37.127213152 -0.647684989, 37.120705144 -0.647348016, 37.112503375 -0.641259473, 37.102356072 -0.6391850019999999, 37.101585486 -0.634301853, 37.103321209 -0.633271679, 37.100517348 -0.629210643, 37.09810641 -0.629291162, 37.094333596 -0.626197304, 37.088142215 -0.624856798, 37.086337826 -0.6257965, 37.08387348 -0.622160645, 37.079993853 -0.620350794, 37.079143158 -0.61769207, 37.076400334 -0.617790528, 37.068435081 -0.612452757, 37.064219754 -0.614124041, 37.059710689 -0.612250717, 37.056834347 -0.604129837, 37.050852777 -0.598349838, 37.043814516 -0.597786745, 37.034804015 -0.592276911, 37.032648666 -0.593270789, 37.026419137 -0.592590404, 37.017195009 -0.58661951, 37.008447728 -0.58652594, 36.997197954 -0.588303133, 36.994958679 -0.578401604, 36.990159691 -0.578083464, 36.987840307 -0.576545564, 36.985765069 -0.57711444, 36.983430427 -0.579970796, 36.977734966 -0.580221948, 36.975575803 -0.582617185, 36.97104385 -0.584197818, 36.969342461 -0.588627596, 36.953865915 -0.589761177, 36.952275154 -0.594190895, 36.950470765 -0.595537422, 36.937897264 -0.598796671, 36.93159907 -0.602871953, 36.926266013 -0.604406934, 36.925709056 -0.605781055, 36.921016882 -0.604486321, 36.916034785 -0.610207556, 36.911003096 -0.609536528, 36.910053217 -0.610557822, 36.908298419 -0.609445044, 36.906322366 -0.610728157, 36.90463242 -0.609470791, 36.903213323 -0.610437611, 36.895427365 -0.609186921, 36.892440396 -0.610939677, 36.889441982 -0.61031466, 36.885333469 -0.612211706, 36.882892011 -0.608621445, 36.880256001 -0.608864491, 36.876639593 -0.60703676, 36.874236285 -0.607759104, 36.869021486 -0.605478716, 36.862887326 -0.607962578, 36.825857293 -0.589124854, 36.82359513 -0.584332356, 36.811509919 -0.581696817, 36.809892453 -0.57223966, 36.803701071 -0.56965168, 36.796170703 -0.571574414, 36.791081792 -0.571048094, 36.783379758 -0.568034635, 36.775567097 -0.56810395, 36.764015955 -0.570133606, 36.760533065 -0.569020291, 36.750820645 -0.572035958, 36.74570503 -0.569421278, 36.74094419 -0.569419431, 36.736454198 -0.566949696, 36.725666011 -0.571004476, 36.722900299 -0.575975416, 36.717761796 -0.578251514, 36.713859281 -0.5838005080000001, 36.709079367 -0.587278962, 36.708701705 -0.590262026, 36.711043978 -0.5948011090000001, 36.709792732 -0.601246177, 36.711139349 -0.60720414, 36.712688148 -0.607873738, 36.710586207 -0.608993788, 36.709739327 -0.614263797, 36.711288127 -0.619643289, 36.708678822 -0.628239237, 36.703059656 -0.6235179, 36.695330918 -0.6140316, 36.680785173 -0.589599584, 36.681567201 -0.57949333, 36.660707993 -0.494511222, 36.66857406 -0.481062786, 36.668707577 -0.475846894, 36.667029075 -0.47103714, 36.663252445 -0.463135137, 36.655104083 -0.461423952, 36.653005956 -0.45975994, 36.651686041 -0.434909442, 36.634214363 -0.412214652, 36.624780421 -0.40323563, 36.624391314 -0.401201625, 36.63313478 -0.389986076, 36.632215418 -0.387662657, 36.617314902 -0.378998677, 36.609048281 -0.377450645, 36.606923451 -0.376085106, 36.604768102 -0.370263177, 36.606477121 -0.365861439, 36.617951967 -0.35600246, 36.61020797 -0.341501233, 36.6097769 -0.335950928, 36.610982369 -0.328719713, 36.615823319 -0.31742156, 36.615907244 -0.312476992, 36.618760696 -0.304938721, 36.667662306 -0.218049946, 36.684760131 -0.184324701, 36.682093602 -0.167808493, 36.65979242 -0.152094149, 36.70485637 -0.137409545, 36.712134963 -0.137672392, 36.717849497 -0.128560505, 36.742019919 -0.122596057, 36.753735096 -0.121909957, 36.766110229 -0.10955273, 36.769291753 -0.114226866, 36.792485591 -0.107547644, 36.83218978 -0.104331902, 36.830694388 -0.128362274, 36.832575073 -0.137168178, 36.849287607 -0.134430274, 36.862555398 -0.143165031, 36.862910172 -0.145994896, 36.860037646 -0.152793435, 36.86533637 -0.160334164, 36.866179436 -0.168100492, 36.872088524 -0.171138924, 36.872950663 -0.174963383, 36.870379505 -0.18195182, 36.867522238 -0.181644094, 36.867156019 -0.187484544, 36.860091054 -0.189979, 36.856570016 -0.193251405, 36.856024503 -0.195945532, 36.853682231 -0.196297839, 36.853567788 -0.200375281, 36.840734881 -0.200518261, 36.842836824 -0.215200925, 36.856505168 -0.253111587, 36.874247691 -0.253286271, 36.879054309 -0.258648421, 36.959870339 -0.282992471, 36.963952149 -0.273309638, 36.969815459 -0.271014081, 36.970418193 -0.268997896, 36.968751136 -0.267487649, 36.970231269 -0.260788061, 36.971642736 -0.25916985, 36.980023798 -0.256738972, 36.988973263 -0.258838059, 36.995034941 -0.254824462, 37.002588197 -0.253225234, 37.002641604 -0.24993404, 37.008394286 -0.242999824, 37.013738786 -0.24291923, 37.01494044 -0.231924498, 37.011564363 -0.226562199, 37.011056998 -0.220214753, 37.013971486 -0.208840477, 37.0165312 -0.205594773, 37.015814022 -0.197230947, 37.017412413 -0.19523288, 37.020857155 -0.178731826, 37.019079469 -0.170259381, 37.014841253 -0.161551623, 37.014841252 -0.155213281, 37.008180653 -0.146812802, 37.003515183 -0.147165019, 36.995965741 -0.145346957, 36.986119804 -0.134667832, 36.983228203 -0.098410408, 36.980248863 -0.08709909, 36.979058653 -0.072505771, 36.980084827 -0.070408151, 36.985101258 -0.07002860700000001, 36.991185825 -0.066864256, 37.000821949 -0.06416113599999999, 37.028238743 -0.048329723, 37.062609872 -0.000949905, 37.069690096 -0.002948216, 37.07124271 -0.001112655, 37.072059072 0.003073875, 37.079280442 0.01501867, 37.078292416 0.006826415, 37.079787808 0.003218577, 37.078422118 -0.002441853))",Nyeri,Nyeri,442255047,-20.872999999999998,1886.1056000000003,87378278198,0.0,0.0,0.0,0.0,0.0,50.0,51.666666666666664,0.25,0.48154341234307685,-0.25,-1.0,-0.5191639914323797,0,0,0,0,,,0.0,0.0,0.0,0.0,,0,0,0,0,,,0.0,0.0,0.0,0.0,,0,0,0,0,,,0.0,0.0,0.0,0.0,,0,0,0,0,50.0,51.666666666666664,0.25,0.48154341234307685,-0.25,-1.0,-0.5191639914323797,0,0,0,0,-1.16,40.637775960752236,60.00653989690275,12.831666666666655,7.744630947598012,-13.991666666666655,-1.0904013508247825,-1.8066279415168456,1.0,0.0,0.0,0.0,-0.5903722695942182,0.0,0.0,0.0,0.0,-1.1280270077257677,0.252092837049491,-0.5903722695942182
79,24749629,2022-02-01,Kenya,Kenya_2022-02,54986000,310327,108615.0,0.35,3.0,0.25,0.4,0.25,0.1,0.0,0.25,0.4,0.3,0.05,0.0,,,,,,Samburu,"POLYGON ((36.753739694 2.516980543, 36.755711928 2.508838776, 36.841376402 2.274737963, 36.862491177 2.255910242, 36.893501456 2.192848992, 36.900764769 2.15439828, 36.912476117 2.127851486, 36.912899555 2.123186756, 36.909676059 2.10347269, 36.913387835 2.101344034, 36.916550284 2.101221734, 36.917568828 2.098700439, 36.91616498 2.079829585, 36.919060386 2.061543043, 36.913040652 2.026898126, 36.913803603 2.019150913, 36.915890285 2.017833526, 36.921467487 2.017524321, 36.942532684 2.025381186, 36.947781815 2.024140085, 36.970056284 2.007975036, 36.981946937 2.000910112, 36.984457059 2.000741563, 36.985815116 1.993410474, 36.994158025 1.98223617, 37.003519486 1.984923862, 37.009169168 1.981612395, 37.014998145 1.980254121, 37.085891939 1.98069083, 37.10152489 1.979171752, 37.113270582 1.974320471, 37.120427101 1.973578216, 37.132558085 1.967741518, 37.154248899 1.964628032, 37.173734769 1.955968701, 37.179052566 1.954735706, 37.18689955 1.93473282, 37.191378093 1.92711458, 37.207648105 1.914245862, 37.216578492 1.909146054, 37.222678316 1.902831491, 37.23081523 1.898318499, 37.237147755 1.892175702, 37.24284321 1.881773095, 37.244998557 1.880238051, 37.249732693 1.878379977, 37.267765136 1.875965476, 37.306527019 1.762438089, 37.351274327 1.739896853, 37.443412535 1.5860122, 37.453922237 1.575239722, 37.458614408 1.566877447, 37.471065829 1.551584234, 37.501889194 1.498616563, 37.556863884 1.395936553, 37.562345714 1.389328409, 37.568743091 1.387152671, 37.572843972 1.379530623, 37.579363422 1.376721701, 37.581469175 1.36797692, 37.579569415 1.363399329, 37.587763553 1.364995994, 37.590166865 1.375796595, 37.595736439 1.38104575, 37.599204073 1.389097508, 37.604567643 1.376646239, 37.608054346 1.37282246, 37.61733188 1.375170435, 37.621303061 1.374060335, 37.622783194 1.37540883, 37.623065489 1.380709123, 37.630923927 1.381545896, 37.633464568 1.385210423, 37.641170416 1.389438759, 37.644050573 1.393510589, 37.650604358 1.397964449, 37.654739574 1.397722593, 37.657364138 1.394178574, 37.660351107 1.39386365, 37.661770204 1.395429206, 37.666588265 1.395658185, 37.67324505 1.401152174, 37.675655988 1.401289252, 37.679997201 1.398225484, 37.685177666 1.396962094, 37.711778096 1.405316489, 37.717458296 1.405789944, 37.721391329 1.403006294, 37.72518703 1.402583256, 37.748918749 1.410854332, 37.756979368 1.408868716, 37.760397408 1.411448534, 37.764696659 1.412011627, 37.773863563 1.408534119, 37.779127953 1.409866521, 37.781985222 1.416290142, 37.783873536 1.416779572, 37.788107935 1.412847083, 37.794554904 1.411412285, 37.801215503 1.416444974, 37.811095771 1.416033973, 37.818278994 1.420668896, 37.827606118 1.418349046, 37.832550068 1.4227296, 37.843971505 1.423079086, 37.846725778 1.438792465, 37.850220114 1.444366199, 37.85110896 1.452444301, 37.853420715 1.456217418, 37.952955798 1.385302212, 37.947401444 1.260441027, 37.950804202 1.192047282, 38.033249085 1.083245146, 38.037540687 1.007811657, 38.039875326 0.996495764, 38.050384986 0.803139055, 38.07338426 0.785703438, 38.081574581 0.781037463, 38.074681283 0.780900267, 38.062115414 0.776582416, 38.052189369 0.776652566, 38.044060086 0.786447602, 38.033622863 0.789104722, 38.024970955 0.795036826, 38.017627513 0.794293326, 38.017120149 0.801321937, 38.012759862 0.801610339, 38.01023448 0.799601543, 38.010394699 0.791306386, 38.006026781 0.786411492, 38.002643075 0.785714121, 37.996260955 0.776558112, 37.991843446 0.776050506, 37.985125626 0.771037427, 37.974032258 0.758135361, 37.974142886 0.754453731, 37.967367845 0.750888022, 37.962149233 0.750479708, 37.956114257 0.742943073, 37.946073769 0.741330555, 37.932451205 0.7240589039999999, 37.930208116 0.7193907859999999, 37.928254951 0.717780173, 37.920797066 0.7159963660000001, 37.916829699 0.710242348, 37.914704869 0.709491098, 37.912816556 0.711851531, 37.911962047 0.716925998, 37.909787626 0.718770777, 37.905084008 0.7185977609999999, 37.904111241 0.720786607, 37.904748309 0.724938715, 37.9021123 0.726548196, 37.897290424 0.725859526, 37.89408983 0.733637958, 37.891511042 0.7362876860000001, 37.884690225 0.738538337, 37.881424778 0.741658245, 37.878899397 0.741829474, 37.875618689 0.733940905, 37.877220894 0.731345233, 37.875439393 0.727138592, 37.863728033 0.721554493, 37.851898414 0.713446719, 37.84609614 0.707746638, 37.843097725 0.69737069, 37.846302135 0.690117031, 37.838771768 0.681133026, 37.833949891 0.6779659179999999, 37.830676814 0.6769339559999999, 37.824943207 0.677683359, 37.813407327 0.674342758, 37.806525473 0.6749832730000001, 37.791548665 0.671017714, 37.785357286 0.674245318, 37.778532653 0.675111894, 37.758676748 0.670747079, 37.752084817 0.674263919, 37.749273328 0.6741456139999999, 37.744222565 0.670752386, 37.736348868 0.6610268459999999, 37.731473585 0.660681886, 37.729055016 0.654458224, 37.725785754 0.654113681, 37.715924561 0.6577472170000001, 37.714204097 0.6589588119999999, 37.710118475 0.666890235, 37.699696508 0.662654391, 37.692353066 0.6620825970000001, 37.684189445 0.650276801, 37.682694052 0.646359932, 37.683205232 0.643076783, 37.677746287 0.637838358, 37.672123309 0.637321335, 37.666610958 0.631739201, 37.658344339 0.629548211, 37.652381846 0.630134551, 37.64950932 0.628523819, 37.645541952 0.621431676, 37.639743494 0.619422225, 37.638305323 0.614872352, 37.64157077 0.613778763, 37.642947904 0.6116445700000001, 37.638579985 0.606695977, 37.634490545 0.595633206, 37.632365715 0.594710132, 37.628299165 0.598227507, 37.621814047 0.597710305, 37.612460217 0.594207593, 37.608725552 0.590407897, 37.598170068 0.589600268, 37.593519857 0.58730176, 37.584169843 0.587480262, 37.582960559 0.5848298790000001, 37.583860844 0.571923581, 37.581392684 0.570656678, 37.576521216 0.573142746, 37.568025711 0.569396153, 37.564413119 0.571357926, 37.555463656 0.570677303, 37.551393291 0.571770653, 37.547612849 0.5759210930000001, 37.544629695 0.576037848, 37.539060122 0.5713695519999999, 37.533715621 0.564403998, 37.523625541 0.569023068, 37.514786706 0.566605958, 37.509682537 0.567698951, 37.506993121 0.571795334, 37.503155457 0.574326698, 37.497780438 0.572986726, 37.493221782 0.574269782, 37.490761252 0.576747208, 37.49191713 0.584019043, 37.490860438 0.587672603, 37.476909804 0.586095129, 37.47273644 0.588246428, 37.470848127 0.5912485669999999, 37.465793549 0.588669584, 37.461791849 0.582943578, 37.456176499 0.582933029, 37.447974732 0.577920368, 37.441970275 0.579971659, 37.435958189 0.577021671, 37.429331925 0.581189037, 37.42412857 0.578085521, 37.401789245 0.577301435, 37.395876343 0.575210691, 37.389925293 0.57479296, 37.384184057 0.580307987, 37.372320106 0.585504634, 37.368947844 0.585024324, 37.36384749 0.5876183270000001, 37.362951019 0.597032462, 37.357926959 0.596054258, 37.354383033 0.598223675, 37.353642968 0.608379345, 37.352265835 0.611110068, 37.353501823 0.617413832, 37.343419374 0.635307824, 37.344113664 0.640092043, 37.343144711 0.642370705, 37.331162502 0.647801877, 37.326889956 0.6594393670000001, 37.327462173 0.664739061, 37.320568875 0.675805828, 37.314575864 0.682342091, 37.310074431 0.696737541, 37.305210593 0.701519676, 37.304691785 0.706800834, 37.299766912 0.7195139149999999, 37.292011475 0.728029771, 37.288784176 0.734105568, 37.279067943 0.737972317, 37.273914182 0.742862684, 37.270087963 0.749969074, 37.26632278 0.751785246, 37.265281347 0.754922795, 37.256144961 0.762244042, 37.252272964 0.762242434, 37.246993314 0.760214626, 37.24321287 0.754895801, 37.238825878 0.753709357, 37.234934806 0.748209589, 37.231337472 0.747611331, 37.226763555 0.741876204, 37.219702405 0.737288545, 37.207857527 0.739047145, 37.203554461 0.744235986, 37.1902943 0.74256661, 37.187467551 0.740946819, 37.179269598 0.740997659, 37.175550192 0.743157302, 37.169892879 0.73980913, 37.165456295 0.740865291, 37.163220837 0.743459593, 37.162888953 0.748224919, 37.161191378 0.749797628, 37.152695872 0.750246174, 37.151196667 0.758438107, 37.13558279 0.75699354, 37.132263936 0.761811792, 37.127873129 0.76349172, 37.124474166 0.774576309, 37.116047328 0.779853298, 37.111461967 0.777219841, 37.10902051 0.778665543, 37.108200334 0.782155503, 37.106006839 0.784776803, 37.102523949 0.784847548, 37.099727718 0.784439353, 37.091514505 0.779769744, 37.071010084 0.7766046049999999, 37.071540336 0.768168493, 37.070079277 0.7642254590000001, 37.068332109 0.762976853, 37.062850276 0.764466301, 37.057929217 0.769419129, 37.042902813 0.761952523, 37.018030473 0.754038447, 37.006631922 0.748553818, 36.996618136 0.74948053, 36.991456743 0.7466480720000001, 36.980618965 0.743632167, 36.975346945 0.745754501, 36.973061894 0.745066308, 36.970265663 0.741999862, 36.965195825 0.740153057, 36.944763886 0.7446280790000001, 36.935097246 0.7529868320000001, 36.932213273 0.741331104, 36.928127647 0.739276774, 36.923088328 0.738749977, 36.921119904 0.737094485, 36.915676216 0.724397914, 36.911464703 0.72297647, 36.909835794 0.723798465, 36.904685849 0.735314613, 36.902396983 0.7375647870000001, 36.892970672 0.735498896, 36.887008176 0.730351658, 36.881884931 0.7283782640000001, 36.879065813 0.735980462, 36.8658438 0.736814915, 36.857832775 0.760136685, 36.843241261 0.785018888, 36.843302299 0.792170276, 36.835485824 0.797400778, 36.83352503 0.800347073, 36.831728273 0.813093651, 36.822038746 0.832046789, 36.817628867 0.843806343, 36.815851183 0.853334197, 36.794011593 0.866629332, 36.776383512 0.862180064, 36.756581008 0.85496318, 36.74994711 0.845611562, 36.743412396 0.8331321699999999, 36.736305467 0.824241554, 36.708598745 0.811479069, 36.703391576 0.813374449, 36.688201138 0.814965756, 36.674506091 0.814180358, 36.669947433 0.810390077, 36.499625303 0.810920129, 36.483740575 0.81400136, 36.485293192 0.830741752, 36.490179924 0.8464720529999999, 36.488333573 0.849055866, 36.484213615 0.851457423, 36.481730195 0.851265931, 36.478735597 0.855177677, 36.471033564 0.859393501, 36.470690235 0.862041501, 36.464670518 0.863619217, 36.462446504 0.865859201, 36.462431245 0.867504203, 36.456831154 0.870293277, 36.45058255 0.870912635, 36.445844598 0.869662122, 36.429914094 0.882738468, 36.429376212 0.885151289, 36.426282428 0.88712844, 36.426106949 0.8890443810000001, 36.423699826 0.891383598, 36.42473363 0.892514079, 36.423600642 0.89461013, 36.424764149 0.896002788, 36.419022912 0.9002556819999999, 36.417233782 0.900932255, 36.415791796 0.899123593, 36.41110725 0.897845902, 36.410275629 0.898975072, 36.406365483 0.899324743, 36.403382328 0.898473008, 36.403058072 0.8997923, 36.395382743 0.904124999, 36.396084662 0.906556713, 36.393963647 0.907585458, 36.395233968 0.909240354, 36.392979435 0.910485922, 36.393288433 0.916062517, 36.399117412 0.918597456, 36.421845855 0.937169334, 36.432843858 0.949921335, 36.442918686 0.96519445, 36.447164535 0.977155331, 36.446378693 0.983526744, 36.455400642 0.9968290869999999, 36.456117822 1.006075812, 36.455160315 1.01383005, 36.44503972 1.038270451, 36.443593922 1.046918919, 36.445375424 1.053436947, 36.443498555 1.058044934, 36.44302171 1.065229879, 36.445085505 1.070256968, 36.445054988 1.074468738, 36.440591701 1.08088211, 36.43960749 1.084541752, 36.441579734 1.100568266, 36.446413058 1.109963156, 36.440275088 1.130158293, 36.436551868 1.135044611, 36.436284835 1.139473084, 36.437570417 1.148855936, 36.442071856 1.157880118, 36.44451713 1.166730866, 36.443529105 1.172116745, 36.422841575 1.182184043, 36.418218066 1.181682694, 36.415063245 1.178462182, 36.401608526 1.171436012, 36.395031852 1.170978053, 36.391819811 1.174499782, 36.392357698 1.18547227, 36.398678783 1.190006233, 36.39774798 1.195337757, 36.399067894 1.200282719, 36.396382295 1.215120467, 36.400841771 1.222074881, 36.406506715 1.22560531, 36.412957503 1.228015746, 36.418717815 1.225445461, 36.423890653 1.231623533, 36.423722804 1.234840947, 36.418691116 1.242852777, 36.414655087 1.255285095, 36.411633784 1.254775997, 36.407456602 1.249620174, 36.398591062 1.252376887, 36.394047666 1.259656837, 36.390644886 1.261903854, 36.392235649 1.265701409, 36.39477629 1.266770502, 36.397229193 1.270424302, 36.397873891 1.273389373, 36.40573233 1.271463236, 36.409177074 1.274575755, 36.412534077 1.275266034, 36.419618116 1.270953061, 36.425790422 1.264768191, 36.43256165 1.264422393, 36.445863772 1.252541367, 36.451219717 1.250133311, 36.454534758 1.252088885, 36.455248123 1.256265254, 36.45152872 1.271120645, 36.448576084 1.273675434, 36.442377076 1.283954783, 36.439378662 1.286157101, 36.438001529 1.289626383, 36.438768302 1.298927466, 36.434480494 1.300342119, 36.429910391 1.298285703, 36.424028004 1.292721266, 36.420293338 1.29299757, 36.416825707 1.295533764, 36.407803761 1.296265528, 36.404751941 1.298286903, 36.404664202 1.30255279, 36.396130549 1.307451387, 36.393853129 1.311922774, 36.406750889 1.315190009, 36.41379297 1.327073294, 36.422277034 1.33191765, 36.423692318 1.335769441, 36.424287426 1.345070166, 36.436185715 1.349050688, 36.440549822 1.357090289, 36.445428922 1.361867657, 36.460420995 1.365896691, 36.465147506 1.374994301, 36.467691965 1.384415059, 36.468782995 1.39598545, 36.464701185 1.399704813, 36.461500587 1.397812294, 36.455953902 1.397390451, 36.449522193 1.407831675, 36.446146116 1.409328336, 36.434205865 1.406675928, 36.430497904 1.409437528, 36.428586702 1.41345727, 36.424558298 1.413895685, 36.414441513 1.419777078, 36.396210704 1.440028489, 36.388157711 1.440959077, 36.38210366 1.438683573, 36.358684746 1.4348244, 36.348957066 1.436105434, 36.34061034 1.448910848, 36.325309277 1.465566626, 36.316886252 1.468909322, 36.291754501 1.461486342, 36.289534303 1.466074545, 36.295386176 1.48091158, 36.298808032 1.484720458, 36.299483248 1.488372352, 36.296896833 1.496936313, 36.296366585 1.512307958, 36.297633092 1.515463508, 36.296027072 1.518868424, 36.298441829 1.528631642, 36.297133362 1.531702682, 36.303511673 1.542925966, 36.308737918 1.545815463, 36.327235776 1.564537423, 36.337379269 1.56943971, 36.339641432 1.572000219, 36.340915569 1.576647067, 36.344062757 1.570071819, 36.347831756 1.568874703, 36.360824885 1.569198561, 36.362427092 1.572652943, 36.361400919 1.57585093, 36.361698476 1.587157417, 36.364178081 1.588335458, 36.366253321 1.591401967, 36.370667018 1.592998276, 36.374451274 1.589604922, 36.37738102 1.581058959, 36.371307889 1.564313431, 36.371666475 1.557291546, 36.374928105 1.545700292, 36.38156581 1.531004025, 36.385182218 1.52911055, 36.386780608 1.526048689, 36.387699967 1.520889167, 36.391804666 1.51981876, 36.396805838 1.521026838, 36.405980383 1.540939597, 36.410439862 1.554583333, 36.413781608 1.558961863, 36.420308692 1.564193975, 36.421174648 1.567277052, 36.424886426 1.569369468, 36.427816177 1.577417057, 36.432775389 1.583234674, 36.433057686 1.591667635, 36.434675153 1.596333435, 36.438699744 1.600902683, 36.439416924 1.606697177, 36.441804976 1.612249577, 36.445310757 1.615363169, 36.4495299 1.615910886, 36.456003573 1.609330034, 36.45905158 1.610644439, 36.463068539 1.610495916, 36.465452775 1.612821722, 36.466383582 1.615742332, 36.465483296 1.6186515, 36.468500788 1.627458744, 36.468817417 1.634961, 36.471697576 1.641165061, 36.470507368 1.647463291, 36.471384769 1.65366473, 36.479063917 1.661935816, 36.480490647 1.670460918, 36.486514182 1.678621388, 36.487971436 1.701147349, 36.501746595 1.703922174, 36.502913918 1.706553965, 36.503081771 1.715032341, 36.505103603 1.716255202, 36.507396286 1.721175253, 36.510966921 1.732360872, 36.520793788 1.7381767, 36.520461904 1.742894472, 36.516582278 1.74575465, 36.523620542 1.749280073, 36.528209721 1.755893582, 36.527065289 1.759136983, 36.524135541 1.759331875, 36.521312605 1.756462878, 36.515533221 1.761227498, 36.512469956 1.761928389, 36.518730005 1.764910622, 36.520423768 1.768944192, 36.51819594 1.772149927, 36.517848797 1.77553899, 36.522788934 1.780146382, 36.528118181 1.790186619, 36.528141071 1.792835099, 36.533458872 1.799820269, 36.532543327 1.803190499, 36.527366677 1.805379827, 36.521720807 1.804549609, 36.517555075 1.812362382, 36.515594285 1.822727082, 36.519077175 1.821466434, 36.521503373 1.822581538, 36.523147544 1.826443462, 36.524044018 1.830394665, 36.520900643 1.831782261, 36.524345392 1.844929419, 36.522979703 1.848000698, 36.520336064 1.849867949, 36.515258596 1.84756491, 36.511531565 1.860982176, 36.511768084 1.865709723, 36.515334905 1.876958996, 36.518360022 1.877351993, 36.522136653 1.88081913, 36.524639146 1.881310824, 36.526794497 1.886972174, 36.538818676 1.893958415, 36.538837754 1.903349737, 36.537109662 1.907044188, 36.539387084 1.909081177, 36.538742389 1.91285859, 36.541225813 1.922280664, 36.540539162 1.940592356, 36.539203992 1.944404813, 36.540344615 1.954584279, 36.539818178 1.958199105, 36.53798327 1.9582506, 36.531395149 1.953188107, 36.531124301 1.956062111, 36.531845296 1.960121548, 36.538936969 1.967164292, 36.544247146 1.984346095, 36.544334888 1.990230587, 36.541523404 2.001958806, 36.542656394 2.004753543, 36.547535493 2.005366461, 36.54941618 2.009825453, 36.548443415 2.016530868, 36.546001961 2.020811778, 36.549885404 2.022616448, 36.54742869 2.025703939, 36.547661392 2.028940189, 36.549828186 2.02948588, 36.553311078 2.032944077, 36.557083898 2.045306193, 36.561577705 2.04669605, 36.568696081 2.052301971, 36.570462324 2.056254844, 36.567383808 2.072212957, 36.567635592 2.088519844, 36.565098769 2.094852168, 36.564377779 2.100636176, 36.577294617 2.111648003, 36.580876695 2.117275858, 36.584466408 2.132982459, 36.588529149 2.142064222, 36.597371803 2.146019476, 36.605894018 2.154818973, 36.613264165 2.154098531, 36.618120377 2.156872287, 36.643164386 2.163510461, 36.655562412 2.169360261, 36.664702621 2.178441306, 36.679973176 2.189186365, 36.687141142 2.192198518, 36.701377889 2.195646934, 36.70251851 2.200756276, 36.700763716 2.207361566, 36.700904867 2.213924897, 36.71192576 2.222177509, 36.710624927 2.234071893, 36.713573756 2.245656835, 36.712604806 2.251440844, 36.707790563 2.259840319, 36.718479569 2.265832919, 36.722294348 2.269671838, 36.723347231 2.278650377, 36.722458392 2.285410864, 36.7242399 2.298910381, 36.612547097 2.352293689, 36.604337702 2.357431884, 36.602395987 2.368655419, 36.602495187 2.395041059, 36.615156432 2.399131006, 36.617597892 2.403962376, 36.61669761 2.412873452, 36.617296531 2.414619239, 36.619985948 2.415238596, 36.624781121 2.413421047, 36.631193755 2.404772683, 36.635424344 2.408938207, 36.635088638 2.39856027, 36.636793841 2.396348651, 36.639159008 2.405491686, 36.639189531 2.413446309, 36.640738332 2.417092127, 36.642512201 2.41391309, 36.645605987 2.417534352, 36.652621362 2.42014099, 36.65909886 2.433910611, 36.668956251 2.44780372, 36.680190773 2.458662022, 36.684722727 2.45863365, 36.687965285 2.455575003, 36.693008419 2.454453814, 36.695896206 2.456700713, 36.693866751 2.467608134, 36.698562747 2.477957938, 36.697174173 2.485196415, 36.697921875 2.494834365, 36.695827574 2.512602879, 36.698925173 2.512771186, 36.703033685 2.511006562, 36.705028812 2.508506005, 36.711918298 2.508509099, 36.723900512 2.512878449, 36.728386689 2.512380195, 36.739525837 2.515572574, 36.744012014 2.515019965, 36.753739694 2.516980543))",Samburu,Samburu,1127999349,159.97310000000007,4745.446799999997,219851918248,0.0,0.0,0.0,0.0,0.0,50.0,56.535747155441534,3.1666666666666665,5.684966189847583,-3.1666666666666665,-1.0,-0.5570247141173528,0,0,0,0,,,0.0,0.0,0.0,0.0,,0,0,0,0,,,0.0,0.0,0.0,0.0,,0,0,0,0,,,0.0,0.0,0.0,0.0,,0,0,0,0,50.0,56.535747155441534,3.1666666666666665,5.684966189847583,-3.1666666666666665,-1.0,-0.5570247141173528,0,0,0,0,,,,,,,,,,,,,,,,,,,,
80,24749629,2022-02-01,Kenya,Kenya_2022-02,54986000,340671,34067.0,0.1,2.0,0.6,0.3,0.1,0.0,0.0,0.55,0.35,0.1,0.0,0.0,,,,,,Taita,"POLYGON ((38.176395477 -2.701094553, 38.26396749 -2.763489367, 38.277685431 -2.779691041, 38.297247617 -2.809230294, 38.320739019 -2.836238963, 38.352756463 -2.89080772, 38.382572764 -2.920877157, 38.398491825 -2.930782769, 38.403618881 -2.928786192, 38.406872885 -2.929972928, 38.427896128 -2.957178273, 38.448816365 -2.975019869, 38.456007227 -2.990728302, 38.459921189 -2.99509978, 38.465551796 -2.993736623, 38.468042842 -2.991693322, 38.476664231 -2.990313237, 38.487582111 -2.983723466, 38.491530406 -2.98889095, 38.511985227 -2.988972466, 38.513759094 -2.98520079, 38.520186986 -2.980173713, 38.529800218 -2.981498714, 38.53676218 -2.979520493, 38.543060376 -2.984426454, 38.54979727 -2.986519096, 38.559357099 -2.991869426, 38.582493707 -2.993480016, 38.594277553 -3.004023818, 38.601617179 -3.003710082, 38.608590584 -3.000817609, 38.610364455 -3.00117997, 38.60689683 -3.008660624, 38.610311056 -3.012190085, 38.62915986 -3.017036676, 38.64217587 -3.017167784, 38.647306745 -3.020887722, 38.653166245 -3.029122179, 38.659281331 -3.032525764, 38.664274879 -3.043826957, 38.668921273 -3.042408016, 38.696109168 -3.039665955, 38.705462992 -3.036827835, 38.725605005 -3.042306414, 38.736812817 -3.048859215, 38.756672533 -3.051397171, 38.765972952 -3.049879291, 38.773983978 -3.050378488, 38.782910552 -3.053736775, 38.79258482 -3.054299622, 38.808622134 -3.05771345, 38.810262488 -3.059676884, 38.809171465 -3.062571736, 38.800263968 -3.062950079, 38.797906438 -3.064523738, 38.80006942 -3.070594747, 38.808286446 -3.073111256, 38.818460447 -3.071231251, 38.827867676 -3.065515205, 38.836069439 -3.064186614, 38.84029239 -3.059066564, 38.844465753 -3.059411044, 38.849344854 -3.065011694, 38.861979384 -3.063285453, 38.894218025 -3.043385739, 38.899558708 -3.043313977, 38.907718513 -3.047213902, 38.917278339 -3.049096514, 38.927841446 -3.046138717, 38.932316176 -3.046093895, 38.937530967 -3.04061172, 38.95679558 -3.045081881, 38.977895095 -3.045426347, 38.982724598 -3.043725621, 38.991021722 -3.031466779, 38.993665359 -3.029910762, 39.001535237 -3.028970042, 39.006036671 -3.03014605, 39.011659648 -3.02967545, 39.026003194 -3.025052211, 39.035166284 -3.028209292, 39.042944606 -3.025648905, 39.044111933 -3.033944871, 39.04579425 -3.035808416, 39.053149135 -3.037608544, 39.060114919 -3.044981433, 39.0633117 -3.045551437, 39.066596217 -3.041715155, 39.079867819 -3.046644949, 39.081763767 -3.052489243, 39.085582356 -3.053646894, 39.08761563 -3.052461584, 39.08819547 -3.045359507, 39.104717249 -3.037333393, 39.113697217 -3.025372308, 39.126602594 -3.021236353, 39.129402638 -3.021579881, 39.13050511 -3.023841311, 39.13152366 -3.030753145, 39.134239783 -3.035855309, 39.133457758 -3.041012307, 39.136635466 -3.042622198, 39.140816459 -3.042703249, 39.143112957 -3.048601658, 39.144871569 -3.049497075, 39.151753418 -3.045831958, 39.163449526 -3.060812082, 39.16438415 -3.066167901, 39.166936235 -3.067542494, 39.170281791 -3.066275413, 39.1735129 -3.061688182, 39.178891729 -3.058909664, 39.181909219 -3.062989344, 39.185151777 -3.064255466, 39.196580838 -3.062389764, 39.203199474 -3.066821553, 39.206796807 -3.06751743, 39.215521193 -3.066294448, 39.219232974 -3.073893101, 39.15683874 -3.320036768, 39.05649145 -3.687444957, 38.969468776 -3.636358071, 38.932480785 -3.698146703, 39.033358729 -3.758138879, 38.946431678 -3.962045799, 38.92774692 -3.967228084, 38.832759079 -4.002451762, 38.446963456 -4.140393708, 37.786064676 -3.676811778, 37.761657688 -3.616539627, 37.753982324 -3.577672385, 37.749370252 -3.567373174, 37.747775662 -3.55263692, 37.743873139 -3.544075382, 37.727950264 -3.540299908, 37.722277686 -3.532604228, 37.719340308 -3.531433226, 37.696962834 -3.529005175, 37.691851031 -3.524367171, 37.6882041 -3.517488237, 37.684770799 -3.514046268, 37.682905374 -3.514857772, 37.677984312 -3.51258967, 37.673986421 -3.505746257, 37.66825663 -3.506742045, 37.665448954 -3.505715988, 37.661134444 -3.506976157, 37.65742267 -3.509512225, 37.655221548 -3.513172094, 37.649926641 -3.514665892, 37.644509664 -3.519605239, 37.63796351 -3.51947818, 37.630429332 -3.52354595, 37.623383442 -3.523861117, 37.622307677 -3.525794992, 37.619477115 -3.526650124, 37.612271003 -3.525354921, 37.610699314 -3.523815118, 37.609039887 -3.524282854, 37.604145527 -3.520341445, 37.60619024 -3.512864844, 37.608131959 -3.510977455, 37.607197334 -3.505739403, 37.612469351 -3.502853129, 37.612900416 -3.497517571, 37.61383885 -3.496659819, 37.616833449 -3.497360464, 37.62036211 -3.489877187, 37.624966542 -3.488373376, 37.626484821 -3.486494332, 37.624897859 -3.468113944, 37.619980611 -3.465339249, 37.618138071 -3.461284599, 37.60893302 -3.464002568, 37.607609292 -3.463005594, 37.60665178 -3.458798608, 37.599781371 -3.460298845, 37.596420552 -3.459027716, 37.593250476 -3.461428851, 37.585308114 -3.462068, 37.585281392 -3.440488564, 37.632130605 -3.389989893, 37.664216654 -3.358378933, 37.680883405 -3.356511318, 37.685327614 -3.350945704, 37.685762475 -3.322899041, 37.712050082 -3.311374681, 37.692060551 -3.180652932, 37.796039874 -3.172639378, 37.804447635 -3.168090523, 37.808571408 -3.169343533, 37.810459721 -3.16864932, 37.819176488 -3.175641967, 37.823128595 -3.175863673, 37.825253428 -3.179475143, 37.826855633 -3.179069868, 37.829434423 -3.180845683, 37.831395222 -3.186519286, 37.833459016 -3.187842148, 37.846330065 -3.184374418, 37.853765057 -3.179480126, 37.853234798 -3.172306768, 37.855748733 -3.1700029, 37.85561896 -3.081314297, 37.865350451 -3.081243247, 37.871644829 -3.079847906, 37.895353511 -2.887957075, 37.918902104 -2.870549086, 37.938433683 -2.773147055, 37.944285554 -2.781700251, 37.975406495 -2.79077361, 38.101667867 -2.721467281, 38.114054437 -2.716917231, 38.116884999 -2.715001472, 38.118155315 -2.709900495, 38.119723187 -2.708309672, 38.129370749 -2.702807467, 38.134261289 -2.701200908, 38.147487114 -2.702512796, 38.154384226 -2.700998018, 38.158038778 -2.697653547, 38.158397363 -2.692026905, 38.161739102 -2.686438882, 38.162994169 -2.695648626, 38.166629651 -2.69810268, 38.176395477 -2.701094553))",Taita Taveta,Taita Taveta,207073140,-82.87429999999999,921.3595,40067119437,0.0,0.0,0.0,0.0,0.0,50.0,59.99999999999998,0.08333333333333333,0.28232985128664,-0.08333333333333333,-1.0,-0.29516302634512354,0,0,0,0,,,0.0,0.0,0.0,0.0,,0,0,0,0,,,0.0,0.0,0.0,0.0,,0,0,0,0,,,0.0,0.0,0.0,0.0,,0,0,0,0,50.0,59.99999999999998,0.08333333333333333,0.28232985128664,-0.08333333333333333,-1.0,-0.29516302634512354,0,0,0,0,,,,,,,,,,,,,,,,,,,,
81,24749629,2022-02-01,Kenya,Kenya_2022-02,54986000,621241,31062.0,0.05,2.0,0.8,0.15,0.05,0.0,0.0,0.75,0.15,0.1,0.0,0.0,,,,,,West pokot,"POLYGON ((35.2165906 2.501585988, 35.215774225 2.48121774, 35.218181335 2.456038142, 35.227390196 2.435228853, 35.222377573 2.426584545, 35.21915026 2.405893509, 35.232601146 2.372547107, 35.228214137 2.345190467, 35.235076917 2.337526683, 35.241539149 2.335567049, 35.25738573 2.325805597, 35.26730796 2.313915017, 35.281792658 2.29183459, 35.294377594 2.265053674, 35.297974924 2.254373445, 35.310945142 2.206348413, 35.314981165 2.183968092, 35.321580718 2.161394905, 35.337179322 2.119747737, 35.368899141 2.007150257, 35.37225995 1.987176448, 35.372546053 1.97699233, 35.370779804 1.961214684, 35.375655083 1.946101688, 35.370127467 1.939209609, 35.36571758 1.930812166, 35.365011844 1.924634802, 35.378882369 1.912737074, 35.437832096 1.8512881, 35.440624513 1.850463004, 35.447647515 1.843135963, 35.452992018 1.844058799, 35.460549091 1.84122949, 35.465180224 1.82567117, 35.462254286 1.817718935, 35.465588399 1.813201534, 35.460663518 1.805525484, 35.465786763 1.801598474, 35.470627716 1.803052698, 35.473511687 1.801252317, 35.479634399 1.788188711, 35.485421415 1.785870051, 35.49638508 1.774079607, 35.502061467 1.771643179, 35.508817434 1.761397554, 35.524522873 1.76427179, 35.534658736 1.764038037, 35.567976996 1.752892926, 35.581939079 1.749577164, 35.589381709 1.749464399, 35.600562824 1.754975913, 35.608673036 1.746139934, 35.613147769 1.743790998, 35.62151739 1.743887427, 35.62650712 1.746768462, 35.630409636 1.744427275, 35.643734651 1.740667021, 35.653561516 1.739519608, 35.659482049 1.735402595, 35.662850495 1.72978177, 35.672444655 1.720622285, 35.680238244 1.718134125, 35.693521295 1.710037535, 35.701471289 1.706853968, 35.717466649 1.707125377, 35.733671818 1.69631427, 35.74645513 1.681359931, 35.753775685 1.675708709, 35.762526782 1.672507619, 35.768981382 1.666529674, 35.774982025 1.66304382, 35.780845337 1.661346306, 35.791454232 1.661571468, 35.784114597 1.652932891, 35.782237727 1.652080739, 35.779166832 1.653295138, 35.778113953 1.652372062, 35.77761803 1.648053606, 35.779826785 1.646178369, 35.775535159 1.641167131, 35.775569491 1.638077973, 35.778171168 1.635905215, 35.779246933 1.630405855, 35.784358734 1.629547025, 35.788638911 1.623682439, 35.785331499 1.621409914, 35.779548297 1.62176191, 35.778426752 1.620332955, 35.778758635 1.613640057, 35.781985935 1.61048367, 35.782516188 1.607214641, 35.784869905 1.605809166, 35.78167312 1.602416767, 35.777125906 1.601443034, 35.779800063 1.598041812, 35.77999843 1.595205833, 35.778636554 1.593207464, 35.780589719 1.590274814, 35.777408193 1.585491364, 35.782390288 1.576809513, 35.779731389 1.576633696, 35.777938443 1.574743083, 35.777968959 1.568230415, 35.773765074 1.568070332, 35.773334001 1.56040072, 35.774241918 1.558315574, 35.772132344 1.5536965, 35.772231527 1.54960476, 35.7688173 1.546474123, 35.766799281 1.54118682, 35.767676676 1.531270189, 35.761496737 1.528849024, 35.760771928 1.525668442, 35.762442799 1.523828249, 35.759207867 1.51915339, 35.759768638 1.51551401, 35.754374542 1.513392273, 35.752402301 1.508385206, 35.749365737 1.506628216, 35.750910721 1.503098857, 35.745852326 1.500751714, 35.74009201 1.494962227, 35.737894698 1.494290543, 35.734102808 1.487944039, 35.730230808 1.484316224, 35.727922867 1.483987593, 35.72913215 1.47863318, 35.725500481 1.476929711, 35.723886829 1.472031711, 35.719217541 1.470299634, 35.717935775 1.467723509, 35.722410505 1.456746724, 35.721998508 1.454650612, 35.719488384 1.453653276, 35.71961427 1.448306373, 35.712118232 1.444574021, 35.711187424 1.43895463, 35.705545368 1.435026434, 35.707567199 1.431940256, 35.708047859 1.427894528, 35.704687039 1.424872838, 35.707281085 1.417804346, 35.705629286 1.416537501, 35.705839098 1.412834589, 35.710668605 1.40953564, 35.709104545 1.407094686, 35.706323572 1.406259819, 35.705755169 1.402456422, 35.709135062 1.401594017, 35.710836451 1.398706186, 35.703428154 1.398731816, 35.701814503 1.396670154, 35.701898426 1.392181244, 35.69812561 1.386747566, 35.69853379 1.384074651, 35.701471168 1.383961292, 35.702058644 1.382553077, 35.69953326 1.378295414, 35.694654158 1.373808652, 35.694787675 1.371315966, 35.69254077 1.369208293, 35.694047606 1.364477529, 35.69285358 1.363807513, 35.691835035 1.365413836, 35.690446456 1.364535818, 35.690507491 1.358673977, 35.687062746 1.355173823, 35.68783333 1.351733744, 35.69013364 1.349361448, 35.686891077 1.343612489, 35.688355951 1.341365591, 35.690290043 1.342000443, 35.691712954 1.340403655, 35.690995776 1.338957535, 35.688104175 1.338366548, 35.690652445 1.336410018, 35.695516286 1.335459286, 35.694223075 1.331998229, 35.697572448 1.327793727, 35.695825279 1.325524301, 35.698652029 1.3259707, 35.699525613 1.32496931, 35.69948365 1.323162733, 35.696439457 1.320828344, 35.697362632 1.318002497, 35.696256346 1.315869434, 35.67239873 1.314527859, 35.669888606 1.31365735, 35.667618813 1.310800274, 35.6449247 1.300997369, 35.631340278 1.29746575, 35.62690369 1.292113128, 35.623008802 1.290852482, 35.616222312 1.286138051, 35.614227183 1.283922742, 35.611148656 1.275465228, 35.606208519 1.273697511, 35.596812723 1.274669342, 35.591105817 1.278120746, 35.586741712 1.279198662, 35.578330131 1.287757737, 35.567324499 1.288167308, 35.558451326 1.285003416, 35.558188106 1.282736373, 35.556730861 1.282011883, 35.542585667 1.282263516, 35.485940026 1.237955778, 35.452457717 1.209042323, 35.359194019 1.133571136, 35.345327301 1.124614898, 35.324887721 1.115704911, 35.292359118 1.131824176, 35.258430491 1.146757534, 35.25176226 1.148166108, 35.152600946 1.196371455, 35.125378689 1.180094027, 35.124497476 1.181681518, 35.120270702 1.183255182, 35.119328453 1.185104194, 35.087990053 1.179355244, 35.084274456 1.164646466, 35.076366424 1.172415729, 35.069778304 1.175953552, 35.06528831 1.175414656, 35.053805831 1.183223613, 35.04632124 1.191164403, 35.042529351 1.191826792, 35.035845863 1.200616994, 35.043273238 1.211964006, 35.025710007 1.229158563, 35.01246892 1.250718062, 34.994451726 1.254119884, 34.973005042 1.244827148, 34.960214093 1.244879599, 34.940190325 1.248268786, 34.905113443 1.247212218, 34.907013212 1.27874532, 34.821592699 1.256607973, 34.822531135 1.259749459, 34.830694762 1.26754971, 34.828619528 1.284591213, 34.830439182 1.299690013, 34.822744779 1.31214713, 34.790910471 1.354653574, 34.790105553 1.356808571, 34.791238543 1.358624208, 34.801534631 1.366880156, 34.801008193 1.370921475, 34.786084791 1.400841349, 34.784959434 1.406000277, 34.788079924 1.411618119, 34.799425076 1.420661614, 34.833567346 1.440981316, 34.83919033 1.445846177, 34.842818184 1.446556721, 34.852778568 1.444120769, 34.857535597 1.446412485, 34.85893181 1.458470524, 34.858275674 1.475424538, 34.859416293 1.47742982, 34.859465894 1.50269593, 34.863589675 1.519099602, 34.868045336 1.522446943, 34.874282499 1.524426239, 34.876674366 1.526966485, 34.884746441 1.541086425, 34.887313789 1.548987284, 34.89964315 1.54660199, 34.901333097 1.547191786, 34.907406227 1.556670002, 34.911213375 1.557435377, 34.919544849 1.555773264, 34.934510226 1.56345515, 34.939484698 1.569727751, 34.951348666 1.593079525, 34.975492409 1.631852889, 34.9811421 1.645410688, 34.988184182 1.649901385, 34.997663905 1.652014539, 35.000601287 1.659574489, 34.996859001 1.686209008, 34.998739691 1.698071801, 34.998182736 1.705633661, 34.994223008 1.73195147, 34.993803395 1.76349317, 34.9959931 1.815698956, 34.999010599 1.839631237, 35.022257891 1.921859533, 34.980936245 1.978366046, 34.97968882 1.994075394, 34.981985321 2.004378353, 34.978681741 2.041769395, 34.967855424 2.086387237, 34.957841659 2.139354014, 34.953366931 2.152193175, 34.949971786 2.167769382, 34.938641926 2.225468126, 34.924702777 2.317350283, 34.91429228 2.373269634, 34.914013807 2.384576136, 34.91014181 2.388959085, 34.90948567 2.3917636, 34.909561968 2.395896944, 34.912453574 2.403900917, 34.912648133 2.413719815, 34.91685202 2.416566046, 34.927495252 2.420623097, 34.927541034 2.427914977, 34.932427766 2.430826529, 34.933114429 2.436577165, 34.938680192 2.439833917, 34.938981562 2.444373969, 34.946733192 2.446283771, 34.949289094 2.448258897, 34.965658301 2.439392388, 35.002322115 2.412291998, 35.003798434 2.413054394, 35.007456813 2.424851993, 35.005362512 2.446416047, 35.005835565 2.480685761, 35.003432272 2.510226852, 35.003577242 2.524577221, 35.007174585 2.536727175, 35.008799682 2.540179892, 35.010840589 2.541521833, 35.019126287 2.541773338, 35.027621795 2.538117261, 35.033919988 2.530889267, 35.050582921 2.504062328, 35.057483852 2.500165947, 35.064579338 2.49891483, 35.090920379 2.499896775, 35.097195689 2.501332643, 35.102349456 2.50568984, 35.103688449 2.515171405, 35.09852707 2.54032979, 35.099011552 2.549059449, 35.109181774 2.590150919, 35.117864219 2.608203367, 35.12079016 2.618619929, 35.12695867 2.642216326, 35.128404481 2.657619938, 35.130960387 2.665282527, 35.133962618 2.667602853, 35.1400243 2.667549687, 35.157579899 2.655373733, 35.165148413 2.647517082, 35.176512625 2.631430213, 35.180602055 2.611682747, 35.187094799 2.600111856, 35.199149478 2.57024129, 35.204650375 2.550740805, 35.220226096 2.52360538, 35.2165906 2.501585988))",West Pokot,West Pokot,769975912,138.36139999999997,3108.051599999999,150214400296,0.0,0.0,0.0,0.0,0.0,50.0,50.180375180375165,0.6666666666666666,1.3824731042801417,-0.6666666666666666,-1.0,-0.48222758518966063,0,0,0,0,,,0.0,0.0,0.0,0.0,,0,0,0,0,,,0.0,0.0,0.0,0.0,,0,0,0,0,,,0.0,0.0,0.0,0.0,,0,0,0,0,50.0,50.180375180375165,0.6666666666666666,1.3824731042801417,-0.6666666666666666,-1.0,-0.48222758518966063,0,0,0,0,-3.6999999999999997,40.01607717041802,60.338501435339936,25.204166666666683,15.940717256970144,-28.904166666666683,-1.1468011241527525,-1.8132287400071798,1.0,0.0,0.0,0.0,-0.6534726235634027,0.0,0.0,0.0,0.0,-1.2075154234436343,0.26735643595161096,-0.6534726235634027
82,24749629,2022-02-01,Kenya,Kenya_2022-02,54986000,133595,13360.0,0.1,2.0,0.35,0.55,0.1,0.0,0.0,0.35,0.5,0.15,0.0,0.0,,,,,,Tharaka,"POLYGON ((37.977938515 0.064823484, 37.980391415 0.062227368, 37.987334305 0.061494788, 37.999110515 0.06258053099999999, 38.001304011 0.059595413, 38.005652854 0.060056842, 38.00580163 0.062128366, 38.008609305 0.060337324, 38.011298721 0.060310236, 38.015021941 0.056239611, 38.01580397 0.05739751, 38.018714643 0.056701021, 38.020999693 0.04995274, 38.024040069 0.049645226, 38.024738173 0.047863169, 38.027019408 0.0498081, 38.030441261 0.043756356, 38.033657116 0.041639626, 38.034935066 0.037369913, 38.033714338 0.036899503, 38.033886002 0.03515362, 38.035827723 0.034429957, 38.038341659 0.030250708, 38.039924791 0.030087894, 38.040424526 0.027175067, 38.043197868 0.025745814, 38.045318883 0.022027896, 38.04493359 0.024533656, 38.046745608 0.025691568, 38.050491717 0.02249833, 38.051922258 0.026731911, 38.054695599 0.02488653, 38.053989866 0.023800994, 38.058968147 0.021566644, 38.061485898 0.021973735, 38.063351323 0.024958967, 38.066532845 0.022787923, 38.068199902 0.024190086, 38.070122548 0.021584812, 38.070961799 0.024009183, 38.073136221 0.023249324, 38.072636485 0.024380089, 38.074215802 0.025583238, 38.073342218 0.02795332, 38.075680675 0.028152358, 38.074055581 0.029536403, 38.074612539 0.030431976, 38.081238802 0.027428712, 38.082787601 0.025547123, 38.089310866 0.039179776, 38.094697328 0.040989081, 38.096276645 0.045376506, 38.101022225 0.046706364, 38.105687694 0.044218715, 38.107316603 0.047050208, 38.110200573 0.047927729, 38.111997332 0.05171813, 38.114557046 0.052740396, 38.117425756 0.050252717, 38.117765271 0.047873557, 38.120378392 0.046353819, 38.121526639 0.046254326, 38.122964809 0.048497822, 38.124921789 0.047168046, 38.128973079 0.048452672, 38.13607619 0.045883618, 38.143049598 0.041758589, 38.154734253 0.030839783, 38.158472732 0.029229566, 38.159960494 0.02584624, 38.162585059 0.023892245, 38.175898623 0.021938314, 38.180144467 0.019251558, 38.182921623 0.015470174, 38.193633511 0.011055563, 38.208350911 0.015144616, 38.212573867 0.010874697, 38.220027937 0.010521909, 38.22327431 0.006867133, 38.221988731 0.001357813, 38.229412282 -0.000740971, 38.23080849 -0.010990673, 38.232280993 -0.012257188, 38.237755194 -0.012836178, 38.238716518 -0.017205655, 38.242798327 -0.019159722, 38.245880665 -0.023547309, 38.248280158 -0.023701111, 38.250179916 -0.017404718, 38.254078615 -0.01688003, 38.266388893 -0.019250276, 38.269772598 -0.021801429, 38.276139457 -0.022145228, 38.279832159 -0.024542597, 38.282883978 -0.024180745, 38.289826868 -0.029337361, 38.29242473 -0.036393758, 38.294480893 -0.03852878, 38.297803562 -0.039062559, 38.298646627 -0.043169745, 38.302648326 -0.045621425, 38.302861953 -0.049828127, 38.300611236 -0.052306888, 38.311056089 -0.055771875, 38.307863123 -0.057436428, 38.304269605 -0.06230349, 38.300729494 -0.071802438, 38.290071014 -0.08009804199999999, 38.288072073 -0.087624808, 38.280206007 -0.08688283400000001, 38.276875709 -0.089225847, 38.272603162 -0.09717772700000001, 38.262139235 -0.09459018700000001, 38.25960241 -0.09138764100000001, 38.250862761 -0.088212123, 38.244156387 -0.09344089699999999, 38.234817819 -0.09699598, 38.229854797 -0.102830871, 38.221878104 -0.107471534, 38.214527033 -0.117512943, 38.212688312 -0.128287238, 38.209518234 -0.129110379, 38.207992325 -0.131127696, 38.206569414 -0.146850394, 38.204398808 -0.148424396, 38.196414484 -0.149464464, 38.194480394 -0.153996648, 38.189570778 -0.153924101, 38.187251396 -0.155118128, 38.185050271 -0.16838009, 38.185797967 -0.174721664, 38.183566325 -0.191529799, 38.164381825 -0.226303099, 38.164652674 -0.234571503, 38.163382354 -0.237620051, 38.160975232 -0.240098608, 38.155317921 -0.241572811, 38.152754392 -0.243779952, 38.148020257 -0.24162663, 38.144716662 -0.242956231, 38.140390708 -0.247940476, 38.137666959 -0.25942006, 38.12969408 -0.264376874, 38.126337079 -0.270699972, 38.117643208 -0.276190439, 38.115411565 -0.279899243, 38.107782015 -0.278695517, 38.103971055 -0.282910767, 38.089677094 -0.277074864, 38.079453497 -0.277643979, 38.073689372 -0.276313753, 38.069622823 -0.277652264, 38.047630646 -0.278962198, 38.032959022 -0.276156741, 38.028232515 -0.27090059, 38.024932735 -0.26948916, 38.02263624 -0.270954439, 38.011138509 -0.268619637, 38.009219677 -0.269469821, 38.007258883 -0.268004215, 37.998816786 -0.26789497, 37.99427339 -0.278107459, 37.994654868 -0.284530088, 37.993296808 -0.291658163, 37.986239475 -0.300205925, 37.983065584 -0.311096892, 37.980563091 -0.314208422, 37.98694521 -0.321020621, 37.986781176 -0.327280364, 37.981360381 -0.329496058, 37.977675309 -0.339156687, 37.972918285 -0.346953705, 37.973227282 -0.349088582, 37.979678067 -0.356443581, 37.979262257 -0.35833413, 37.973753722 -0.361517656, 37.968874626 -0.366817971, 37.974562455 -0.369957542, 37.975886183 -0.374589182, 37.97518045 -0.381672021, 37.971136789 -0.384294837, 37.970606535 -0.386691921, 37.971060495 -0.400197448, 37.966417914 -0.402964912, 37.965841884 -0.415430014, 37.963072358 -0.41605381, 37.960928455 -0.421426746, 37.957720229 -0.423389262, 37.953363757 -0.428906607, 37.948133701 -0.428028442, 37.947271562 -0.430416436, 37.945867724 -0.430759967, 37.940527039 -0.428543023, 37.936334602 -0.431364722, 37.932573234 -0.428849453, 37.927907764 -0.430721289, 37.925584566 -0.429870658, 37.921384498 -0.424605449, 37.923024851 -0.418174179, 37.915998035 -0.416662592, 37.909776137 -0.417430589, 37.909173402 -0.412301623, 37.901799442 -0.408410983, 37.902833245 -0.401482148, 37.900487158 -0.39926565, 37.890721334 -0.396650136, 37.890698445 -0.390010656, 37.89262872 -0.384701133, 37.896947045 -0.381752816, 37.895711058 -0.377365503, 37.897145413 -0.374480122, 37.896458753 -0.372336217, 37.890713702 -0.370164568, 37.889908784 -0.367740248, 37.893105565 -0.363100234, 37.895512688 -0.355511217, 37.888176874 -0.346392377, 37.88587275 -0.345840309, 37.885044944 -0.348137802, 37.880787656 -0.35075147, 37.87392869 -0.351211964, 37.87351288 -0.359741905, 37.871140091 -0.364436243, 37.872013675 -0.367303804, 37.866501325 -0.372033932, 37.865677335 -0.382807071, 37.867424502 -0.384589268, 37.856819428 -0.392267506, 37.85458397 -0.391018901, 37.852592658 -0.394953438, 37.850559383 -0.396183359, 37.845760397 -0.40697393, 37.842430098 -0.406313153, 37.841300925 -0.408149199, 37.838596249 -0.408293549, 37.833907891 -0.407487826, 37.830493667 -0.410508498, 37.829879489 -0.415248221, 37.828452763 -0.417147531, 37.826179157 -0.416378343, 37.817393731 -0.424092757, 37.816996995 -0.428199297, 37.812674855 -0.432983631, 37.808329827 -0.433100536, 37.801863784 -0.440914689, 37.799822879 -0.441013862, 37.790961157 -0.446322015, 37.788267926 -0.446484393, 37.785059701 -0.450463779, 37.779894495 -0.44885284, 37.769152089 -0.452595766, 37.761202097 -0.452540161, 37.748449304 -0.448784215, 37.738786478 -0.44852931, 37.73434608 -0.451088296, 37.733232166 -0.453032782, 37.727487115 -0.454298106, 37.718301136 -0.4514925, 37.717435182 -0.448407998, 37.71508528 -0.446779478, 37.705384307 -0.445520503, 37.699879586 -0.441322687, 37.694229904 -0.441502588, 37.688519184 -0.434120919, 37.684097859 -0.430990585, 37.675392542 -0.429532847, 37.669800082 -0.42790382, 37.667518846 -0.425895444, 37.660778138 -0.424501387, 37.65632248 -0.417979288, 37.646178992 -0.411718562, 37.639228471 -0.404400156, 37.637759782 -0.401614128, 37.637469858 -0.39455918, 37.633063793 -0.394232845, 37.631617993 -0.39207091, 37.627177594 -0.393218853, 37.61579049 -0.390991986, 37.612269452 -0.386984619, 37.609976772 -0.387997241, 37.601889449 -0.387209041, 37.586584569 -0.376533914, 37.584448295 -0.372336902, 37.579767566 -0.373575257, 37.57043281 -0.366546176, 37.56847583 -0.365876548, 37.565210382 -0.368254739, 37.56253241 -0.368453295, 37.553762241 -0.363504557, 37.500916154 -0.316438905, 37.309170271 -0.152805919, 37.500858925 -0.186075587, 37.525918184 -0.186918796, 37.533925397 -0.184007176, 37.550164896 -0.182425723, 37.564092641 -0.186768187, 37.570253503 -0.183738769, 37.573404507 -0.184299777, 37.577036173 -0.182084158, 37.579576814 -0.183694293, 37.589987335 -0.185594467, 37.591452209 -0.189538019, 37.594366698 -0.192758125, 37.597708441 -0.192722231, 37.602122136 -0.196539417, 37.606013207 -0.197281398, 37.613524499 -0.19625997, 37.617186684 -0.201352433, 37.621619453 -0.202890408, 37.623549729 -0.20776566, 37.627917647 -0.207395206, 37.628898044 -0.209095693, 37.632247417 -0.209285934, 37.63388777 -0.210823685, 37.639629007 -0.209973978, 37.641746208 -0.214207108, 37.64366504 -0.215292649, 37.651191591 -0.216143533, 37.65460963 -0.215058453, 37.658649477 -0.218875729, 37.660598827 -0.216515194, 37.667816382 -0.217863509, 37.667728641 -0.20863773, 37.671604453 -0.20994957, 37.677174025 -0.209099818, 37.684082583 -0.210348602, 37.687473918 -0.20700225, 37.690125186 -0.206351231, 37.694866952 -0.207418923, 37.697377074 -0.205962882, 37.709313505 -0.204516645, 37.72331373 -0.205566992, 37.724046167 -0.203893712, 37.73273241 -0.201452211, 37.737462731 -0.194777282, 37.742238829 -0.193348493, 37.744974023 -0.190589924, 37.747129371 -0.191684555, 37.749414421 -0.190128953, 37.749311422 -0.188509849, 37.753126197 -0.186266918, 37.756979119 -0.175874274, 37.766687721 -0.160154302, 37.770586422 -0.159313325, 37.77417994 -0.161963796, 37.778746226 -0.161774121, 37.785906559 -0.166649954, 37.788359459 -0.170168727, 37.798831017 -0.170938228, 37.798342726 -0.168966326, 37.807067116 -0.160274258, 37.832519294 -0.144527599, 37.858021065 -0.125279995, 37.864509997 -0.111232543, 37.869415797 -0.09505021399999999, 37.88970277 -0.059999063, 37.890576353 -0.043798358, 37.89392954 -0.023617585, 37.895356266 -0.021907967, 37.897023323 -0.007887223, 37.910558144 0.014301831, 37.931699627 0.054103263, 37.947790348 0.062543297, 37.950239434 0.061620677, 37.949655773 0.057839514, 37.951151165 0.055216258, 37.954267836 0.054194137, 37.953871099 0.050729584, 37.960451586 0.050268356, 37.965052205 0.062136591, 37.978075846 0.062543922, 37.977938515 0.064823484))",Tharaka-Nithi,Tharaka-Nithi,296155666,-7.328499999999999,1285.8864999999998,57661952198,0.0,0.0,0.0,0.0,0.0,,,0.0,0.4082482904638631,0.0,0.0,0.0,0,0,0,0,,,0.0,0.0,0.0,0.0,,0,0,0,0,,,0.0,0.0,0.0,0.0,,0,0,0,0,,,0.0,0.0,0.0,0.0,,0,0,0,0,,,0.0,0.4082482904638631,0.0,0.0,0.0,0,0,0,0,,,,,,,,,,,,,,,,,,,,
83,24749629,2022-02-01,Kenya,Kenya_2022-02,54986000,781263,273442.0,0.35,3.0,0.15,0.5,0.3,0.05,0.0,0.1,0.45,0.35,0.1,0.0,,,,,,Wajir,"POLYGON ((39.787829096 3.434468955, 39.788191412 3.337927544, 39.790644305 3.331159185, 40.01661231 3.240973756, 40.035201691 3.231855019, 40.039886228 3.22619664, 40.045581681 3.223703231, 40.270565328 2.971383683, 40.293659954 2.961208368, 40.31071198 2.951338446, 40.361581956 2.929533826, 40.400065366 2.909506948, 40.493531075 2.868534399, 40.495457528 2.859804509, 40.494374127 2.851982678, 40.498318598 2.847744916, 40.495953436 2.843307382, 40.49979109 2.833760978, 40.497261892 2.828907678, 40.495533792 2.819051839, 40.496170855 2.813932008, 40.499768185 2.812281339, 40.500496803 2.808084107, 40.496945248 2.805176372, 40.494915786 2.801145306, 40.496029695 2.795165812, 40.501587815 2.790682023, 40.504101742 2.780775402, 40.509842974 2.779990354, 40.515435426 2.774430199, 40.519341753 2.773647297, 40.521588652 2.771808534, 40.519082344 2.767651356, 40.5212415 2.760811484, 40.518971706 2.755559821, 40.519929208 2.746813007, 40.519212027 2.741568496, 40.520310679 2.739269864, 40.519295947 2.735988319, 40.513966709 2.73424063, 40.512200468 2.731755573, 40.510800441 2.72495647, 40.501431354 2.716674778, 40.501042245 2.714025464, 40.511902891 2.699107241, 40.519204363 2.695742728, 40.522729209 2.690691792, 40.528386495 2.660369504, 40.532186006 2.657687765, 40.534104833 2.652340265, 40.536527211 2.649470431, 40.5379463 2.640723141, 40.541532182 2.634984905, 40.545453757 2.619225621, 40.550851651 2.60669305, 40.550790607 2.595415408, 40.556459352 2.586509343, 40.561227817 2.584694656, 40.562730836 2.582857085, 40.559835419 2.576050595, 40.561475766 2.569202381, 40.56610308 2.561853054, 40.57959592 2.547637867, 40.580469501 2.545393829, 40.579355574 2.526331073, 40.59614056 2.50833156, 40.596960734 2.505111045, 40.593359587 2.501814485, 40.593268029 2.497319973, 40.603754832 2.487983121, 40.603682346 2.479518335, 40.615962082 2.456080499, 40.63145005 2.444811431, 40.633254434 2.439862294, 40.63532204 2.438783782, 40.63951066 2.439321127, 40.642985913 2.432362536, 40.647353826 2.430539268, 40.652686878 2.431030125, 40.655906546 2.430004298, 40.664032006 2.423130334, 40.668968313 2.410373196, 40.666034748 2.402952118, 40.669738886 2.393506324, 40.668277824 2.387684178, 40.670364502 2.383259516, 40.674396714 2.380053304, 40.677074679 2.371892951, 40.686176721 2.364276379, 40.692207875 2.363319447, 40.705178092 2.350480296, 40.707035884 2.346345288, 40.71776683 2.333897587, 40.718316153 2.327395053, 40.720456238 2.323720868, 40.725403995 2.320694407, 40.730481454 2.315018156, 40.742555204 2.310056617, 40.756887305 2.312715695, 40.773077197 2.310660698, 40.779573752 2.307351973, 40.787191846 2.298742715, 40.797495541 2.291368832, 40.80767335 2.286744151, 40.824126464 2.289933185, 40.829123815 2.288742386, 40.832347296 2.286459489, 40.844813962 2.27125186, 40.848666881 2.269944961, 40.855583058 2.263009494, 40.866409369 2.243825633, 40.86812601 2.23300858, 40.871658485 2.226231412, 40.878166483 2.221258911, 40.890400448 2.206684944, 40.89840765 2.199983583, 40.934434344 2.177639273, 40.948968622 2.17344299, 40.959421096 2.171928444, 40.982347878 2.17647348, 40.993887563 2.1752555, 40.991106491 1.995301358, 40.99332282 1.893642226, 40.994738003 1.695906551, 40.994493493 0.460472092, 40.978620226 0.449879453, 40.959611217 0.443772257, 40.949524959 0.436658875, 40.922779592 0.423843989, 40.891925713 0.393161893, 40.885795374 0.388750593, 40.866374369 0.378961949, 40.848624234 0.371532811, 40.821142615 0.36355384, 40.811063987 0.359432402, 40.794580357 0.356370162, 40.769048087 0.349412068, 40.753125227 0.341918413, 40.746018306 0.336186393, 40.739762079 0.32654752, 40.736378376 0.3240251, 40.715420017 0.315907858, 40.705810604 0.292306454, 40.700408886 0.282431986, 40.685554162 0.267684413, 40.684623358 0.261191369, 40.680774252 0.254074739, 40.669593154 0.243115519, 40.660998472 0.238133631, 40.650912214 0.229941398, 40.644324102 0.226849268, 40.631170767 0.229066482, 40.622301422 0.227882781, 40.614294215 0.228760947, 40.603921849 0.221825558, 40.598546835 0.222820971, 40.595342426 0.22196216, 40.586621856 0.212096275, 40.577130703 0.214530072, 40.570889735 0.21276717, 40.56368363 0.213817012, 40.560944624 0.216358653, 40.546490452 0.223920953, 40.535450501 0.22544154, 40.526859634 0.220920414, 40.523876481 0.216959401, 40.520939106 0.209317417, 40.513832185 0.204280519, 40.510952031 0.196005382, 40.507736178 0.190723873, 40.504928506 0.188951465, 40.501270139 0.189530621, 40.501495211 0.192406659, 40.498431948 0.194270046, 40.490829107 0.192425702, 40.480998438 0.185616216, 40.473037008 0.183093528, 40.464419437 0.18190944, 40.450163633 0.182236223, 40.435511092 0.185511517, 40.422529422 0.186561762, 40.408922128 0.179951278, 40.403776 0.180358699, 40.392259202 0.18546983, 40.378861721 0.193792021, 40.368134581 0.195656123, 40.358548058 0.194779582, 40.338879091 0.196617297, 40.321052659 0.201294963, 40.309276457 0.207790213, 40.294913839 0.219133865, 40.271178324 0.231328729, 40.252833083 0.238611733, 40.237432847 0.246979981, 40.220956845 0.261264024, 40.174202995 0.313542052, 40.151241879 0.329926048, 40.122280126 0.34431189, 40.085871937 0.371733678, 40.057963061 0.389846772, 40.049314972 0.392525433, 40.022775597 0.39434697, 40.008329052 0.396646431, 39.97161568 0.410120406, 39.958695044 0.416644207, 39.939827179 0.428723051, 39.907157467 0.459637898, 39.899981879 0.461701346, 39.8859397 0.461277955, 39.876612579 0.456475563, 39.871046826 0.458846364, 39.864081051 0.465062036, 39.850920085 0.473784307, 39.832170476 0.478201244, 39.826597093 0.477514422, 39.820188274 0.480437173, 39.809873128 0.482862866, 39.800198863 0.480548149, 39.796712162 0.486220663, 39.780796929 0.492012317, 39.77246928 0.498888648, 39.764542183 0.508415539, 39.733535709 0.5235450659999999, 39.73093022 0.530176563, 39.724509958 0.540589934, 39.719470643 0.543295505, 39.715442243 0.547719801, 39.712306501 0.5537814089999999, 39.701941763 0.564457674, 39.698870872 0.570817875, 39.692271315 0.575522944, 39.677527219 0.5928762990000001, 39.675120098 0.598232252, 39.674654697 0.6030270760000001, 39.664263256 0.612608801, 39.658533468 0.623067528, 39.647718591 0.652606561, 39.638185475 0.662161168, 39.635198508 0.66707394, 39.628625654 0.6702864039999999, 39.606278717 0.693865271, 39.596337421 0.710874562, 39.584206444 0.72204902, 39.57800744 0.737239518, 39.56853536 0.7469208939999999, 39.563209938 0.757479333, 39.559246392 0.772850476, 39.552368358 0.785806597, 39.546489799 0.815870228, 39.513636991 0.904154786, 39.506335517 0.9162606639999999, 39.49510483 0.939757288, 39.492674824 0.957109756, 39.487383736 0.966691245, 39.481859946 0.973504464, 39.463217152 0.988235638, 39.465788311 0.996124265, 39.398743711 1.150648403, 39.273710804 1.473865324, 39.4475348 1.534117121, 39.438814229 1.536389768, 39.425580784 1.547800789, 39.421891901 1.553383464, 39.419423742 1.553890656, 39.415971374 1.557392597, 39.411035057 1.558234858, 39.406743436 1.556896734, 39.399964585 1.559919737, 39.394700203 1.572242864, 39.38959985 1.571185334, 39.387303357 1.572787128, 39.385891895 1.581481605, 39.378880343 1.585608388, 39.373181074 1.592331439, 39.366135192 1.605333404, 39.360207037 1.610844085, 39.357544327 1.617231828, 39.353233635 1.620552827, 39.350921884 1.624868776, 39.347881509 1.625149729, 39.344753398 1.633202203, 39.339366938 1.632841271, 39.33625027 1.638478182, 39.332858938 1.640767635, 39.325454463 1.642297792, 39.321071291 1.649889087, 39.318252174 1.651545117, 39.313788888 1.64979981, 39.312640642 1.650487588, 39.307433481 1.661824465, 39.301532026 1.661047292, 39.299578862 1.661961309, 39.285849495 1.669752981, 39.284464733 1.67164407, 39.284396069 1.674819645, 39.274107627 1.680774105, 39.264708024 1.680847774, 39.253031007 1.690484642, 39.241197581 1.696149688, 39.234948982 1.696060054, 39.231962015 1.697896908, 39.229020826 1.702031915, 39.220532955 1.702810883, 39.21616504 1.705154691, 39.212270156 1.704621278, 39.207200325 1.711054438, 39.196580003 1.729231422, 39.196621967 1.733212185, 39.192654604 1.736134822, 39.189011499 1.744422476, 39.184403254 1.749588911, 39.178394991 1.760862258, 39.177731224 1.769511561, 39.167984491 1.798816349, 39.163559355 1.802372289, 39.159904807 1.813138922, 39.151733565 1.820829751, 39.147449579 1.831361086, 39.141574831 1.838255547, 39.143333444 1.843104673, 39.142276755 1.849790653, 39.140598256 1.853816831, 39.136802558 1.856341345, 39.12847873 1.874173966, 39.123477563 1.877096604, 39.12002138 1.881928091, 39.109340016 1.885855339, 39.103011309 1.891483075, 39.099146946 1.897979174, 39.095595391 1.896984223, 39.092207872 1.897952477, 39.086504789 1.90462058, 39.080820777 1.907136035, 39.073389602 1.916038879, 39.065336618 1.92263463, 39.060125643 1.936278009, 39.05087482 1.941715744, 39.045495994 1.953052031, 39.040372755 1.958281524, 39.035009188 1.966442235, 39.031537748 1.975308603, 39.025731664 1.979090427, 39.023080398 1.982537539, 39.01607266 1.985622646, 39.007367352 1.998560372, 39.001027198 1.998895085, 38.997658755 2.002722084, 38.991993827 2.023404037, 38.994656543 2.032360874, 38.994713768 2.038123898, 38.989178535 2.046130725, 38.987171967 2.051242449, 38.988076075 2.063754749, 38.982880358 2.072403819, 38.957493053 2.102024029, 38.950847725 2.117512491, 38.943607297 2.140718364, 38.93785081 2.153501966, 38.940227429 2.178888458, 38.940784403 2.208337248, 38.938217069 2.22369936, 38.937061203 2.241259974, 38.934192496 2.246706171, 38.93192271 2.255328065, 38.928230023 2.279257715, 38.93058756 2.290295528, 38.937816567 2.307205074, 38.938110308 2.311927733, 38.933048113 2.330030945, 38.932796343 2.337404349, 38.933734783 2.346867785, 38.938331592 2.357344647, 38.938976292 2.361732596, 38.935096682 2.387281685, 38.93550487 2.397767372, 38.919051773 2.434932401, 38.904311514 2.478276463, 38.904178002 2.486002697, 38.897994263 2.500975274, 38.895056906 2.529980181, 38.892569678 2.537443941, 38.889292789 2.539958801, 38.895568093 2.541397766, 38.900935482 2.544284283, 38.912860466 2.545569716, 38.918677999 2.549324716, 38.945495864 2.553424663, 38.956066606 2.558156614, 38.975930137 2.563332217, 38.984242534 2.569819015, 38.991818683 2.581028713, 39.015554242 2.63337561, 39.031961613 2.674005978, 39.036672869 2.688834081, 39.048040906 2.703888181, 39.049948305 2.720733847, 39.051844251 2.725682747, 39.061423155 2.733770386, 39.064356719 2.738510925, 39.065970394 2.773188513, 39.070094188 2.806020186, 39.066947057 2.882713023, 39.111972835 2.885188273, 39.119075969 2.918318184, 39.12685812 2.934556888, 39.13935151 2.940797897, 39.147240471 2.952304642, 39.150174034 2.954511728, 39.162984046 2.956952674, 39.188462921 2.95786238, 39.196351875 2.959380969, 39.202341077 2.968761683, 39.207468136 2.973039968, 39.233561198 2.984578644, 39.244189159 2.986973819, 39.263434707 3.005352852, 39.283866654 3.028300064, 39.330590024 3.055825688, 39.343033822 3.064153871, 39.344792435 3.066867553, 39.345967443 3.136971801, 39.34482303 3.160475932, 39.346688458 3.164935402, 39.341202895 3.261106099, 39.339844841 3.266453129, 39.331311205 3.281175403, 39.327629957 3.291327346, 39.322254967 3.321790085, 39.31818464 3.362610979, 39.310024877 3.405875935, 39.308674452 3.41058096, 39.302368638 3.418535116, 39.297005077 3.430750159, 39.298206739 3.439443819, 39.302044409 3.448281469, 39.307716986 3.457471231, 39.316986896 3.468595829, 39.322014778 3.479631508, 39.325028468 3.499967812, 39.327252483 3.501477824, 39.331853098 3.499902008, 39.335274945 3.494463669, 39.335599181 3.472479554, 39.337331079 3.462997747, 39.383081662 3.465377871, 39.404951757 3.462319919, 39.415350827 3.459990284, 39.420245179 3.457265152, 39.45330019 3.454246287, 39.465728724 3.456872945, 39.48384127 3.458166476, 39.488419 3.459530108, 39.490742201 3.46369039, 39.492855587 3.465028278, 39.496475806 3.46385035, 39.498787557 3.461795357, 39.515850989 3.407723333, 39.535249104 3.398032913, 39.541100966 3.397269557, 39.556459245 3.399178634, 39.589922517 3.486105196, 39.601862764 3.492810129, 39.616572542 3.505302888, 39.773642172 3.664552399, 39.786883275 3.69014132, 39.787829096 3.434468955))",Wajir,Wajir,795604304,186.47380000000004,3702.938099999998,155504658054,0.0,4.0,0.0,0.0,4.0,57.14285714285714,49.28682428682428,1.75,3.2367343535363418,2.25,1.2857142857142858,0.6951450920097071,0,0,0,0,,,0.0,0.0,0.0,0.0,,0,0,0,0,,,0.0,0.0,0.0,0.0,,0,0,0,0,,,0.0,0.0,0.0,0.0,,0,0,0,0,57.14285714285714,49.28682428682428,1.75,3.2367343535363413,2.25,1.2857142857142858,0.6951450920097072,0,0,0,0,2.62,41.66801882200226,61.098362603827674,14.833333333333348,8.550833504588198,-12.213333333333349,-0.8233707865168541,-1.42832079782397,1.0,0.0,0.0,0.0,-0.38932887191589427,0.0,0.0,0.0,0.0,-0.7097236704900938,0.4665086349442602,-0.38932887191589427
84,24749629,2022-02-01,Kenya,Kenya_2022-02,54986000,315943,78986.0,0.25,3.0,0.25,0.5,0.2,0.05,0.0,0.2,0.4,0.3,0.1,0.0,,,,,,Tana river,"POLYGON ((38.565436694 -0.022263836, 38.572574136 -0.021684842, 38.586490433 -0.027592632, 38.594436608 -0.028578792, 38.599525517 -0.033762804, 38.607780688 -0.037363589, 38.610554029 -0.036929341, 38.61518898 -0.032333415, 38.617653324 -0.032288189, 38.632996346 -0.044872824, 38.645203624 -0.057285588, 38.65565992 -0.056317603, 38.659615841 -0.050744565, 38.662698179 -0.049170369, 38.675080936 -0.053015485, 38.68313011 -0.057973386, 38.689897519 -0.057837716, 38.691770573 -0.056806342, 38.69233516 -0.046383967, 38.69663441 -0.043597443, 38.703771853 -0.052798487, 38.713263011 -0.058579704, 38.720354676 -0.065138979, 38.725477918 -0.064921874, 38.736544578 -0.067672288, 38.740927753 -0.071571676, 38.745764887 -0.07382447, 38.752204226 -0.073118814, 38.757571613 -0.076213008, 38.763415847 -0.076810155, 38.766383741 -0.076412092, 38.776916333 -0.06980764, 38.79562017 -0.07566131099999999, 38.808300479 -0.07273004600000001, 38.822224405 -0.082772594, 38.85776284 -0.08068281099999999, 38.878339731 -0.086753624, 38.900991859 -0.09072546200000001, 38.914915784 -0.09658816200000001, 38.933623436 -0.101609469, 38.981006743 -0.082772978, 38.98786952 -0.06687681199999999, 38.990776378 -0.056834271, 39.001583632 -0.053902936, 39.008846962 -0.053332954, 39.011036642 -0.057639487, 39.017334834 -0.058535171, 39.029446741 -0.046348405, 39.032139971 -0.045561284, 39.037530247 -0.047976922, 39.045766343 -0.056128563, 39.059644491 -0.055649045, 39.07508288 -0.050872039, 39.079210466 -0.053595279, 39.081846474 -0.061014084, 39.087263453 -0.069717602, 39.096888128 -0.078312542, 39.098970994 -0.083433321, 39.109915581 -0.091838251, 39.11245622 -0.100822232, 39.117838866 -0.102767381, 39.123580101 -0.109914744, 39.130545878 -0.113461259, 39.131198204 -0.119287722, 39.133570994 -0.12457134, 39.143523738 -0.122761831, 39.144580431 -0.124598428, 39.144549913 -0.144077277, 39.149516749 -0.144882449, 39.168327398 -0.142086705, 39.178779878 -0.14361562, 39.183029536 -0.146917852, 39.211567858 -0.147514723, 39.237294691 -0.144393165, 39.239198263 -0.144483622, 39.239045673 -0.145994508, 39.240438065 -0.146663987, 39.267641216 -0.1464737, 39.269960598 -0.147423623, 39.32324917 -0.144808285, 39.339526809 -0.146264653, 39.338302267 -0.149340706, 39.347362354 -0.150028153, 39.349117151 -0.169606189, 39.350868132 -0.170972279, 39.358856268 -0.169244123, 39.363914657 -0.155818059, 39.36545964 -0.155962796, 39.367202992 -0.170320575, 39.374977501 -0.169406665, 39.38029148 -0.172717822, 39.386345526 -0.18136675, 39.393322747 -0.185844935, 39.397297742 -0.194349126, 39.402684202 -0.196067954, 39.411187332 -0.193760731, 39.41534925 -0.199197943, 39.420140605 -0.195316615, 39.425858951 -0.195642175, 39.437066755 -0.193181082, 39.439325101 -0.193669558, 39.448831517 -0.201992611, 39.45669758 -0.212758371, 39.461050237 -0.214839056, 39.465147303 -0.214838937, 39.471975748 -0.221171642, 39.476194888 -0.222157638, 39.48289363 -0.227214695, 39.485480047 -0.23082437, 39.484072396 -0.237899177, 39.487334027 -0.240341763, 39.489172748 -0.244132381, 39.491267059 -0.245842195, 39.502562603 -0.249451511, 39.504576804 -0.253414028, 39.510508776 -0.252816694, 39.512423793 -0.253884147, 39.515490871 -0.259167473, 39.519210275 -0.270276986, 39.523421786 -0.274972157, 39.524261036 -0.281956357, 39.529369018 -0.284263117, 39.531436625 -0.288107955, 39.526027278 -0.302520013, 39.526622383 -0.303958441, 39.530666042 -0.304365355, 39.534610518 -0.301886293, 39.537013825 -0.295779513, 39.539970274 -0.292278205, 39.543209016 -0.2931013, 39.548713735 -0.299388665, 39.551250559 -0.299469959, 39.553749235 -0.296258184, 39.557316048 -0.295688027, 39.56353413 -0.303884207, 39.565613182 -0.313220493, 39.570396908 -0.317146564, 39.569321142 -0.323470404, 39.572521737 -0.325795282, 39.57509671 -0.332761215, 39.577946346 -0.334805648, 39.582981847 -0.336017629, 39.592228858 -0.342087486, 39.59362888 -0.348365911, 39.59489157 -0.349487658, 39.60035814 -0.346682797, 39.601754348 -0.35298834, 39.605607269 -0.358389046, 39.604764204 -0.361329317, 39.609597522 -0.362242705, 39.609383896 -0.368973548, 39.610856399 -0.373741131, 39.610436774 -0.376844227, 39.607770248 -0.380173621, 39.611829167 -0.386370424, 39.611550689 -0.391581397, 39.614255364 -0.395996033, 39.612683678 -0.399144454, 39.617162222 -0.402093366, 39.618833093 -0.406752329, 39.618833093 -0.411266705, 39.617372035 -0.414234153, 39.619756269 -0.415826198, 39.625333467 -0.414360175, 39.628286102 -0.415137975, 39.626752565 -0.430363828, 39.627446854 -0.435221913, 39.625291508 -0.443056594, 39.626603792 -0.459983023, 39.627996184 -0.46089662, 39.630456713 -0.459068949, 39.633523791 -0.45983766, 39.633149943 -0.462162716, 39.634263857 -0.463420111, 39.642072698 -0.465283034, 39.643949567 -0.467806914, 39.643049281 -0.469489699, 39.644144121 -0.473877248, 39.643354466 -0.493961126, 39.645303815 -0.497579635, 39.654081609 -0.502961596, 39.654112129 -0.514469021, 39.656027146 -0.518222403, 39.66278311 -0.525351308, 39.683497331 -0.539434729, 39.681818831 -0.543858782, 39.675841082 -0.545605458, 39.676951182 -0.556126634, 39.68506139 -0.553999714, 39.687743176 -0.556451091, 39.687708844 -0.562810868, 39.690154113 -0.564402823, 39.696597264 -0.558476451, 39.700579888 -0.558656917, 39.701567916 -0.572941428, 39.699202758 -0.582630718, 39.705886241 -0.5863661, 39.706023574 -0.592897761, 39.712440022 -0.5895768300000001, 39.713622602 -0.5915307319999999, 39.710181678 -0.597881927, 39.713206793 -0.599980357, 39.718135481 -0.602114724, 39.727783041 -0.598413371, 39.736244209 -0.601316211, 39.744266677 -0.601613609, 39.751118008 -0.595859122, 39.752971988 -0.596591596, 39.75320469 -0.601331942, 39.755211261 -0.604832683, 39.760498537 -0.608007296, 39.763203212 -0.612141159, 39.764713862 -0.612701809, 39.768238712 -0.608775111, 39.769856176 -0.6087025190000001, 39.773033883 -0.613695744, 39.777462835 -0.61705136, 39.789620517 -0.62054149, 39.790848874 -0.62197968, 39.789044488 -0.63004036, 39.783459661 -0.635722374, 39.783768659 -0.6420819719999999, 39.795804271 -0.659060306, 39.796372673 -0.663103996, 39.794099069 -0.6704862579999999, 39.798199951 -0.670892664, 39.802850159 -0.669218282, 39.805188615 -0.6714975949999999, 39.805474725 -0.680869637, 39.813310268 -0.679737548, 39.814077038 -0.681230091, 39.810163083 -0.6915165049999999, 39.811887362 -0.7003545370000001, 39.815820394 -0.705971646, 39.817785002 -0.705944171, 39.82092456 -0.7033020760000001, 39.822381803 -0.704269788, 39.819291838 -0.7114260489999999, 39.819776315 -0.713334715, 39.824849963 -0.713098582, 39.826368243 -0.714174825, 39.824170935 -0.718942706, 39.826631464 -0.7218099650000001, 39.824853782 -0.737107662, 39.821546374 -0.735642773, 39.820241722 -0.737334676, 39.821599782 -0.744553456, 39.823057026 -0.746335294, 39.82973288 -0.749138424, 39.835435965 -0.748784523, 39.837610386 -0.7518236659999999, 39.837236539 -0.754085339, 39.835569483 -0.754972235, 39.830091469 -0.755326077, 39.829740511 -0.759496535, 39.831342717 -0.763123804, 39.82985877 -0.764824767, 39.828184085 -0.764671358, 39.823251586 -0.776532086, 39.82285485 -0.781688613, 39.825765523 -0.784139571, 39.836027263 -0.787891759, 39.840124329 -0.788017572, 39.837843095 -0.79041531, 39.844766909 -0.79027823, 39.848184945 -0.7915078209999999, 39.842188123 -0.796728776, 39.839079086 -0.8115835300000001, 39.841356506 -0.813980313, 39.850565368 -0.811961029, 39.854261883 -0.812032667, 39.85549024 -0.813407442, 39.849760453 -0.8218126650000001, 39.858507729 -0.829518189, 39.859163871 -0.831182617, 39.85753115 -0.839650299, 39.860991151 -0.848985267, 39.859682684 -0.8506229360000001, 39.853292939 -0.846942505, 39.850656931 -0.848761415, 39.851973028 -0.852623863, 39.856344759 -0.856223358, 39.854448818 -0.861859599, 39.856669017 -0.864202087, 39.859713205 -0.862835416, 39.861464184 -0.854593854, 39.863356311 -0.853996371, 39.866057172 -0.857668578, 39.870745528 -0.858933988, 39.871683962 -0.860317822, 39.869795652 -0.871390884, 39.864722006 -0.881406299, 39.871252899 -0.887176279, 39.872969548 -0.890857664, 39.872538479 -0.893580694, 39.869292108 -0.896919563, 39.864786861 -0.896567809, 39.863589023 -0.89785265, 39.863959056 -0.89970708, 39.868960224 -0.903116334, 39.865145453 -0.90779416, 39.866534031 -0.912633558, 39.87162294 -0.9185938380000001, 39.872561375 -0.924654544, 39.877554914 -0.927258672, 39.873423516 -0.934252405, 39.874220805 -0.938413504, 39.886008454 -0.939369413, 39.886859149 -0.943177685, 39.89047937 -0.946605236, 39.891608543 -0.949490673, 39.890551852 -0.952973772, 39.884226959 -0.9550741109999999, 39.882079243 -0.958684096, 39.883582265 -0.964165736, 39.882147911 -0.969566678, 39.884932696 -0.9706876800000001, 39.888819949 -0.967746635, 39.892112097 -0.963023693, 39.894534478 -0.962932565, 39.891616178 -0.969681822, 39.892318099 -0.980727049, 39.897033158 -0.979287429, 39.902606542 -0.981827904, 39.906516685 -0.9858252240000001, 39.905494327 -0.987055829, 39.900405419 -0.986252075, 39.898307295 -0.989454998, 39.898093668 -0.991074309, 39.901416336 -0.993705853, 39.900767826 -0.997704425, 39.904224011 -1.002118046, 39.898734554 -1.006461699, 39.89797923 -1.011165867, 39.899341104 -1.01027903, 39.904231644 -1.016040009, 39.911857376 -1.016282218, 39.912730959 -1.017548344, 39.910121656 -1.024985018, 39.912750039 -1.038173612, 39.921810127 -1.046050125, 39.926590039 -1.052742759, 39.925396016 -1.056171623, 39.921955092 -1.060071559, 39.922195423 -1.061636515, 39.931080031 -1.068762078, 39.930977033 -1.070851746, 39.927425481 -1.075222158, 39.93057267 -1.079834661, 39.932464799 -1.086546249, 39.93473459 -1.089250384, 39.939869274 -1.088289882, 39.943409391 -1.116024024, 39.946262843 -1.12168595, 39.946259034 -1.140049425, 39.947487391 -1.14253662, 39.950329398 -1.143847444, 39.954243354 -1.14191023, 39.957710983 -1.142117157, 39.958855417 -1.149823933, 39.967484435 -1.153358045, 39.969811447 -1.155663938, 39.976353786 -1.168018498, 39.976884043 -1.17890966, 39.983525565 -1.187962303, 39.986703274 -1.197794148, 39.995126295 -1.204693113, 39.993909386 -1.213974619, 39.997216794 -1.215637794, 40.003385282 -1.214088689, 40.005368964 -1.216856, 40.003316618 -1.221560644, 40.005182043 -1.224454662, 40.011827377 -1.224868279, 40.014612162 -1.226938635, 40.009771219 -1.238618773, 40.014150581 -1.245491873, 40.009443153 -1.25032418, 40.010835545 -1.251418182, 40.018915234 -1.249804948, 40.022157791 -1.25204707, 40.021612281 -1.257203356, 40.015432352 -1.266694892, 40.017812771 -1.268765487, 40.022844456 -1.269251934, 40.022794865 -1.271160659, 40.026289198 -1.275257031, 40.026006906 -1.276821987, 40.01881606 -1.282026313, 40.020429712 -1.29082721, 40.019807905 -1.292564289, 40.01336094 -1.296664598, 40.013196906 -1.298175319, 40.018327778 -1.305907482, 40.011362004 -1.310813215, 40.011201784 -1.312323936, 40.012838323 -1.315733488, 40.013334245 -1.321350833, 40.018228601 -1.328106045, 40.018278197 -1.337197071, 40.025758968 -1.341961072, 40.020994319 -1.347209619, 40.01483728 -1.360808137, 40.018220986 -1.366930763, 40.016126678 -1.374186372, 40.018564319 -1.375967434, 40.023287007 -1.373161144, 40.024606921 -1.38184463, 40.028684915 -1.387496422, 40.028520881 -1.389296676, 40.023737156 -1.391062602, 40.022936055 -1.392519446, 40.026415128 -1.39464368, 40.035883402 -1.414169332, 40.038378271 -1.435425749, 40.045092272 -1.437702197, 40.046080299 -1.438859614, 40.044012693 -1.441302944, 40.048201316 -1.446086256, 40.047079779 -1.46203441, 40.043406154 -1.466052471, 40.049143573 -1.469206697, 40.045832353 -1.476354432, 40.047358264 -1.480460459, 40.050146864 -1.483516586, 40.049132137 -1.488564521, 40.051997033 -1.494053965, 40.050276572 -1.496379526, 40.045199109 -1.496101558, 40.046316839 -1.501211832, 40.052576883 -1.504655234, 40.084991 -1.484702716, 40.093269058 -1.487955042, 40.100334017 -1.488168642, 40.107044209 -1.502466252, 40.113418698 -1.512675474, 40.115558786 -1.513850293, 40.119388821 -1.522143044, 40.120838441 -1.536045274, 40.129082178 -1.567473959, 40.14033195 -1.584889438, 40.150952281 -1.594118847, 40.160134444 -1.604922987, 40.168332398 -1.622918487, 40.173127578 -1.646171352, 40.174180461 -1.659973931, 40.173802807 -1.679665865, 40.171857281 -1.69698885, 40.172334135 -1.713143452, 40.174127081 -1.719519373, 40.182511958 -1.733498243, 40.184865676 -1.739918863, 40.18321007 -1.751633563, 40.174306399 -1.76995603, 40.171597915 -1.780070373, 40.172742356 -1.799471937, 40.176179476 -1.818383476, 40.172723303 -1.842256293, 40.18066185 -1.852372776, 40.185388359 -1.862111401, 40.187249973 -1.872222761, 40.186815111 -1.916517716, 40.189134502 -1.933412655, 40.18530067 -1.961925983, 40.187940496 -1.968861897, 40.194089915 -1.977785085, 40.19684037 -1.984431347, 40.197332477 -1.98845608, 40.195020733 -2.003409637, 40.208513595 -2.022892127, 40.210203545 -2.033066661, 40.213343106 -2.039033969, 40.250831 -2.252621687, 40.250808204 -2.400516569, 40.443488553 -2.401592089, 40.66492469 -2.469380989, 40.737695277 -2.457612966, 40.753801242 -2.452591129, 40.763013917 -2.452895555, 40.767168204 -2.454273485, 40.751939651 -2.479948339, 40.71685139 -2.500495294, 40.701065871 -2.51206398, 40.680271561 -2.532311737, 40.656906101 -2.5608557, 40.622393871 -2.582993238, 40.611697248 -2.580257644, 40.608580577 -2.577521329, 40.586103935 -2.573073102, 40.572035048 -2.562889283, 40.564668722 -2.562265404, 40.555910002 -2.559119767, 40.537633421 -2.55004378, 40.53492493 -2.54532615, 40.528333002 -2.543778484, 40.528001116 -2.541834359, 40.521592297 -2.539924568, 40.5225231 -2.537861483, 40.525422327 -2.538084143, 40.52644087 -2.536681178, 40.52862292 -2.536597261, 40.530030572 -2.53836807, 40.533334165 -2.538201429, 40.533616453 -2.531653387, 40.535691691 -2.533079713, 40.537377824 -2.538920192, 40.536992525 -2.528293899, 40.539346239 -2.527902212, 40.539430162 -2.525496551, 40.535153801 -2.523267784, 40.534005555 -2.523902158, 40.534791399 -2.525330153, 40.53339901 -2.528931374, 40.531724325 -2.529050812, 40.529511755 -2.5270366, 40.52955372 -2.530030147, 40.527497558 -2.531434543, 40.526734602 -2.528098183, 40.52486155 -2.530451874, 40.523499676 -2.529449417, 40.52615094 -2.526353358, 40.525552019 -2.523812765, 40.524880621 -2.526391025, 40.523057161 -2.527397061, 40.519490346 -2.523566505, 40.513607966 -2.523175539, 40.513569833 -2.543714365, 40.518296338 -2.546575837, 40.523053358 -2.545240813, 40.526509545 -2.549586781, 40.528027824 -2.54895193, 40.528806039 -2.551591696, 40.532151594 -2.550393989, 40.535191969 -2.553040189, 40.52823764 -2.554405015, 40.516266884 -2.554084618, 40.50085139 -2.556535824, 40.460517808 -2.566169223, 40.407339894 -2.587447355, 40.385069259 -2.598171644, 40.362077635 -2.612369613, 40.359266148 -2.612942482, 40.354734197 -2.610803828, 40.352056231 -2.617119673, 40.3193522 -2.637650179, 40.279052964 -2.669557456, 40.272869217 -2.669265425, 40.272716625 -2.666995174, 40.271312789 -2.667892261, 40.270706242 -2.670841467, 40.272682295 -2.671472501, 40.276554288 -2.670193262, 40.277088357 -2.671277967, 40.264171547 -2.684659896, 40.25529839 -2.691597484, 40.242850797 -2.705023993, 40.228846779 -2.722703261, 40.206465531 -2.755242992, 39.973909119 -2.425573675, 39.891132288 -2.312093788, 39.750928035 -2.474205084, 39.505100419 -2.752546531, 39.280757588 -3.002100127, 39.219904372 -3.071305543, 39.219232974 -3.073893101, 39.215521193 -3.066294448, 39.206796807 -3.06751743, 39.203199474 -3.066821553, 39.196580838 -3.062389764, 39.185151777 -3.064255466, 39.181909219 -3.062989344, 39.178891729 -3.058909664, 39.1735129 -3.061688182, 39.168950435 -3.067062839, 39.166936235 -3.067542494, 39.16438415 -3.066167901, 39.163449526 -3.060812082, 39.151753418 -3.045831958, 39.144871569 -3.049497075, 39.143112957 -3.048601658, 39.140816459 -3.042703249, 39.136635466 -3.042622198, 39.133457758 -3.041012307, 39.134239783 -3.035855309, 39.13152366 -3.030753145, 39.129402638 -3.021579881, 39.12355459 -3.021870014, 39.113697217 -3.025372308, 39.104717249 -3.037333393, 39.08819547 -3.045359507, 39.08761563 -3.052461584, 39.085582356 -3.053646894, 39.081763767 -3.052489243, 39.079867819 -3.046644949, 39.066596217 -3.041715155, 39.0547704 -3.019414821, 39.000955324 -2.942353366, 38.625020414 -2.426941036, 38.628056974 -2.425702563, 38.633328992 -2.426283056, 38.635553009 -2.431096524, 38.639100748 -2.429839933, 38.647336848 -2.432755282, 38.669493056 -2.43179286, 38.67860655 -2.428483906, 38.6880443 -2.427038501, 38.701018344 -2.421486708, 38.705382444 -2.418203504, 38.706118693 -2.414802058, 38.716647467 -2.409475552, 38.719741245 -2.403966438, 38.72454023 -2.402031369, 38.726520096 -2.398874517, 38.735149111 -2.392877879, 38.736720793 -2.38453685, 38.740455454 -2.37897362, 38.758800701 -2.376317153, 38.763157171 -2.37153205, 38.771454302 -2.368330614, 38.786862175 -2.368432639, 38.7903031 -2.366325209, 38.792542367 -2.357260407, 38.793877538 -2.35613875, 38.798600228 -2.356048871, 38.800187173 -2.35409497, 38.933776597 -2.096055137, 38.935004954 -2.095530425, 38.972237098 -2.002001606, 39.000306176 -1.945719078, 38.997052126 -1.848913748, 38.959835125 -1.705234238, 38.962886938 -1.692749154, 38.978546585 -1.692749385, 38.994004046 -1.686407306, 39.000306047 -1.673922101, 38.987900341 -1.527175588, 38.986893181 -1.36751855, 38.969570196 -1.060951037, 38.825688293 -0.756623457, 38.756991819 -0.636898084, 38.678460858 -0.505139663, 38.666978385 -0.483525421, 38.425602324 -0.073468742, 38.429123361 -0.07497057, 38.433208984 -0.07885173600000001, 38.436951278 -0.080036935, 38.439488103 -0.079711277, 38.442726846 -0.075097397, 38.444756306 -0.075395975, 38.459611038 -0.08881275299999999, 38.462884115 -0.089817008, 38.46854524 -0.08849623500000001, 38.476121382 -0.082823902, 38.48613135 -0.08052609500000001, 38.490079641 -0.077965851, 38.493909675 -0.07301719399999999, 38.495515695 -0.06358121, 38.497762597 -0.062106574, 38.506185619 -0.06639493, 38.512819511 -0.065852174, 38.516401584 -0.062206257, 38.527388135 -0.065933728, 38.532519006 -0.060035111, 38.536974663 -0.058569527, 38.53607819 -0.046717901, 38.546610782 -0.046672732, 38.548655501 -0.035653432, 38.554457773 -0.023078043, 38.560542338 -0.019395903, 38.565436694 -0.022263836))",Tana River,Tana River,242322052,-32.707,1112.0882999999997,47398304107,0.0,0.0,0.0,0.0,0.0,50.0,47.22222222222222,0.08333333333333333,0.28232985128664,-0.08333333333333333,-1.0,-0.29516302634512354,0,0,0,0,,,0.0,0.0,0.0,0.0,,0,0,0,0,,,0.0,0.0,0.0,0.0,,0,0,0,0,,,0.0,0.0,0.0,0.0,,0,0,0,0,50.0,47.22222222222222,0.08333333333333333,0.28232985128664,-0.08333333333333333,-1.0,-0.29516302634512354,0,0,0,0,,,,,,,,,,,,,,,,,,,,
85,24749629,2022-02-01,Kenya,Kenya_2022-02,54986000,1136187,227237.0,0.2,3.0,0.55,0.25,0.15,0.05,0.0,0.5,0.3,0.15,0.05,0.0,,,,,,Kitui,"POLYGON ((38.324812166 -0.066772822, 38.323572365 -0.069767263, 38.326811108 -0.06915213100000001, 38.332083127 -0.07100677900000001, 38.338644539 -0.065226012, 38.346586899 -0.06535276399999999, 38.363444388 -0.076489549, 38.368891886 -0.08151964, 38.378913299 -0.084803778, 38.381293719 -0.08937245100000001, 38.38279674 -0.08977958900000001, 38.386676365 -0.088947344, 38.391017579 -0.084414952, 38.393626884 -0.07632713300000001, 38.396697778 -0.076155286, 38.405406908 -0.078833268, 38.416816898 -0.07583891, 38.41923165 -0.072862528, 38.425602324 -0.073468742, 38.666978385 -0.483525421, 38.678460858 -0.505139663, 38.756991819 -0.636898084, 38.825688293 -0.756623457, 38.969570196 -1.060951037, 38.986893181 -1.36751855, 38.987900341 -1.527175588, 39.000306047 -1.673922101, 38.994004046 -1.686407306, 38.978546585 -1.692749385, 38.962886938 -1.692749154, 38.959835125 -1.705234238, 38.997052126 -1.848913748, 39.000306176 -1.945719078, 38.972237098 -2.002001606, 38.935004954 -2.095530425, 38.933776597 -2.096055137, 38.800187173 -2.35409497, 38.798600228 -2.356048871, 38.793877538 -2.35613875, 38.792542367 -2.357260407, 38.790818094 -2.365203551, 38.78830416 -2.36795346, 38.771454302 -2.368330614, 38.763157171 -2.37153205, 38.758800701 -2.376317153, 38.740455454 -2.37897362, 38.736720793 -2.38453685, 38.735149111 -2.392877879, 38.726520096 -2.398874517, 38.72454023 -2.402031369, 38.719741245 -2.403966438, 38.716647467 -2.409475552, 38.706118693 -2.414802058, 38.705382444 -2.418203504, 38.701018344 -2.421486708, 38.6880443 -2.427038501, 38.67860655 -2.428483906, 38.669493056 -2.43179286, 38.647336848 -2.432755282, 38.639100748 -2.429839933, 38.635553009 -2.431096524, 38.633328992 -2.426283056, 38.628056974 -2.425702563, 38.625020414 -2.426941036, 39.000955324 -2.942353366, 39.0547704 -3.019414821, 39.066596217 -3.041715155, 39.0633117 -3.045551437, 39.060114919 -3.044981433, 39.053149135 -3.037608544, 39.04579425 -3.035808416, 39.044111933 -3.033944871, 39.042944606 -3.025648905, 39.035166284 -3.028209292, 39.026003194 -3.025052211, 39.011659648 -3.02967545, 39.006036671 -3.03014605, 39.001535237 -3.028970042, 38.993665359 -3.029910762, 38.991021722 -3.031466779, 38.982724598 -3.043725621, 38.977895095 -3.045426347, 38.95679558 -3.045081881, 38.937530967 -3.04061172, 38.932316176 -3.046093895, 38.927841446 -3.046138717, 38.917278339 -3.049096514, 38.907718513 -3.047213902, 38.899558708 -3.043313977, 38.894218025 -3.043385739, 38.861979384 -3.063285453, 38.849344854 -3.065011694, 38.844465753 -3.059411044, 38.84029239 -3.059066564, 38.836069439 -3.064186614, 38.827867676 -3.065515205, 38.818460447 -3.071231251, 38.808286446 -3.073111256, 38.80006942 -3.070594747, 38.797906438 -3.064523738, 38.800263968 -3.062950079, 38.809171465 -3.062571736, 38.810262488 -3.059676884, 38.808622134 -3.05771345, 38.79258482 -3.054299622, 38.782910552 -3.053736775, 38.773983978 -3.050378488, 38.765972952 -3.049879291, 38.756672533 -3.051397171, 38.736812817 -3.048859215, 38.725605005 -3.042306414, 38.705462992 -3.036827835, 38.696109168 -3.039665955, 38.668921273 -3.042408016, 38.664274879 -3.043826957, 38.659281331 -3.032525764, 38.653166245 -3.029122179, 38.647306745 -3.020887722, 38.64217587 -3.017167784, 38.62915986 -3.017036676, 38.610311056 -3.012190085, 38.60689683 -3.008660624, 38.610364455 -3.00117997, 38.608590584 -3.000817609, 38.601617179 -3.003710082, 38.594277553 -3.004023818, 38.582493707 -2.993480016, 38.559357099 -2.991869426, 38.54979727 -2.986519096, 38.543060376 -2.984426454, 38.53676218 -2.979520493, 38.529800218 -2.981498714, 38.520186986 -2.980173713, 38.513759094 -2.98520079, 38.511985227 -2.988972466, 38.501391598 -2.98849735, 38.499453677 -2.96856643, 38.500910915 -2.961148952, 38.498740306 -2.957981615, 38.494555499 -2.958667247, 38.492457373 -2.957788757, 38.493857391 -2.953130245, 38.489092733 -2.946587212, 38.487990257 -2.939123249, 38.485796761 -2.938136049, 38.477888735 -2.939534729, 38.476717598 -2.938584242, 38.473600918 -2.92593539, 38.466383354 -2.911502618, 38.462198542 -2.906316776, 38.461530952 -2.899676235, 38.458059505 -2.897186899, 38.454397321 -2.896985933, 38.451082281 -2.895129779, 38.451349312 -2.891475156, 38.455587523 -2.88672772, 38.455488337 -2.884293928, 38.454031092 -2.88216743, 38.44611925 -2.882570565, 38.443876161 -2.881275834, 38.446664756 -2.873723184, 38.446348128 -2.871280571, 38.439210681 -2.866536481, 38.439721855 -2.85897382, 38.432656892 -2.857106702, 38.428403414 -2.851830508, 38.43227922 -2.844459277, 38.432180033 -2.840813476, 38.427228447 -2.829412154, 38.42665241 -2.821242774, 38.41965611 -2.816716102, 38.41894656 -2.813241708, 38.422524814 -2.807372377, 38.424092679 -2.797756404, 38.431844298 -2.793824997, 38.433251948 -2.791048389, 38.427304707 -2.779719063, 38.420029918 -2.760527652, 38.414517563 -2.752998132, 38.411816694 -2.740277044, 38.405716863 -2.731200329, 38.398556517 -2.711167615, 38.391583099 -2.696988018, 38.387230431 -2.681561365, 38.382790028 -2.673697612, 38.38238947 -2.664994699, 38.373726113 -2.658711996, 38.36776743 -2.652005422, 38.368015386 -2.644533113, 38.363574986 -2.640993639, 38.36202618 -2.630987173, 38.350318617 -2.601335626, 38.347453714 -2.590496441, 38.339911903 -2.587860016, 38.335738529 -2.571782062, 38.332072526 -2.565221384, 38.337962536 -2.561253027, 38.33895056 -2.557589821, 38.333701427 -2.553262923, 38.325598844 -2.551376971, 38.323039129 -2.549358229, 38.324191187 -2.543505586, 38.319952969 -2.538012212, 38.322196054 -2.533255002, 38.321906129 -2.530631207, 38.31836983 -2.526368436, 38.31734365 -2.517004925, 38.312746844 -2.513293328, 38.313952309 -2.50781187, 38.313185537 -2.504690302, 38.302168465 -2.499953365, 38.297632692 -2.490687361, 38.289156259 -2.484775363, 38.283533263 -2.455624681, 38.274202305 -2.425721144, 38.251046621 -2.422433666, 38.245492304 -2.414478844, 38.236428397 -2.411298398, 38.232766209 -2.404122656, 38.223645081 -2.40224481, 38.212280841 -2.358309473, 38.199501344 -2.356936315, 38.197544362 -2.351380716, 38.187542016 -2.341812903, 38.175136369 -2.341208575, 38.15979334 -2.334441928, 38.153758365 -2.331308444, 38.149417147 -2.325045762, 38.14715117 -2.32397703, 38.128210814 -2.324182539, 38.118803574 -2.316089449, 38.116385 -2.30403849, 38.111048129 -2.303094441, 38.110369098 -2.301818542, 38.112287927 -2.296654388, 38.111795819 -2.29209481, 38.113184395 -2.28931844, 38.112322255 -2.287237474, 38.104700333 -2.285124806, 38.102121544 -2.282907002, 38.099203237 -2.274501369, 38.092390049 -2.275365561, 38.088498978 -2.273752809, 38.086225367 -2.265709539, 38.083715244 -2.262641373, 38.077069907 -2.26368627, 38.077176716 -2.256413497, 38.073014794 -2.25246684, 38.072587533 -2.241747087, 38.069585297 -2.227371043, 38.068768935 -2.225950198, 38.065213564 -2.225649581, 38.063805911 -2.223215312, 38.064835899 -2.221035887, 38.07122183 -2.217303781, 38.070691576 -2.215874353, 38.062951396 -2.212802853, 38.060628196 -2.208956797, 38.055855905 -2.195583689, 38.055226463 -2.188735501, 38.048710824 -2.18244445, 38.051804603 -2.176765597, 38.049504291 -2.171318468, 38.044587045 -2.168782643, 38.038548256 -2.169077305, 38.028992243 -2.164819542, 38.026321899 -2.161877965, 38.024086435 -2.152097973, 38.02177468 -2.148984511, 38.010303655 -2.154241883, 37.989932759 -2.159764358, 37.984515781 -2.163514821, 37.97548621 -2.16554406, 37.969607644 -2.169945347, 37.966082791 -2.168839187, 37.966166711 -2.158536389, 37.963835876 -2.145744014, 37.958449411 -2.139562148, 37.955176333 -2.138049283, 37.954592671 -2.135561373, 37.955531099 -2.122590437, 37.958220511 -2.115328628, 37.957083705 -2.109448093, 37.960291928 -2.104601721, 37.958685904 -2.097029521, 37.961299015 -2.079491615, 37.959940949 -2.067224665, 37.955656953 -2.060329037, 37.956252053 -2.051935083, 37.952269422 -2.04004647, 37.948775087 -2.038027012, 37.945036609 -2.040141117, 37.940115547 -2.036347749, 37.939745513 -2.03471926, 37.94317881 -2.03265927, 37.943113957 -2.029239944, 37.944853492 -2.02558651, 37.943800613 -2.023686249, 37.939642508 -2.021946908, 37.942274698 -2.013961087, 37.937098047 -2.010484309, 37.938749841 -2.004569443, 37.934359034 -2.00264892, 37.929094642 -1.997697538, 37.931188952 -1.993465634, 37.926103854 -1.989165553, 37.917574003 -1.961001108, 37.914678587 -1.957172932, 37.917429037 -1.950073948, 37.915601756 -1.942962927, 37.909852886 -1.935985052, 37.910062697 -1.932683493, 37.91236682 -1.930604552, 37.912813148 -1.928433828, 37.911127015 -1.923294945, 37.913919428 -1.919524697, 37.91345021 -1.916159367, 37.91875656 -1.912264197, 37.91946992 -1.906005086, 37.917345089 -1.904384584, 37.908151482 -1.906513473, 37.906347093 -1.905146387, 37.907697518 -1.894808184, 37.90217753 -1.875890438, 37.899640702 -1.871302729, 37.902234747 -1.865397636, 37.898290268 -1.862563933, 37.892655844 -1.861040698, 37.888707553 -1.862268444, 37.887658489 -1.860567125, 37.885583248 -1.853139513, 37.888020886 -1.846501587, 37.893903268 -1.844289142, 37.893376828 -1.841348993, 37.888768577 -1.836045498, 37.882844231 -1.835064855, 37.880387515 -1.83272952, 37.879853447 -1.834456944, 37.877858317 -1.829715826, 37.869210218 -1.819606609, 37.848888902 -1.799657682, 37.839657138 -1.780964029, 37.8412746 -1.776985064, 37.840423905 -1.774687037, 37.843048468 -1.769686541, 37.84707687 -1.769119274, 37.851135792 -1.771799211, 37.853531469 -1.769539326, 37.852840994 -1.767413183, 37.855599076 -1.766040016, 37.854603418 -1.762737861, 37.8568198 -1.757067708, 37.854626302 -1.75243506, 37.855179443 -1.748265497, 37.854042637 -1.74204155, 37.851749955 -1.73754455, 37.851906359 -1.734179816, 37.849651825 -1.728633631, 37.84572642 -1.725275335, 37.8461613 -1.714430181, 37.843658806 -1.71247485, 37.835468484 -1.711909019, 37.838737743 -1.703580262, 37.837272866 -1.69698525, 37.838592776 -1.692780046, 37.833625939 -1.691872471, 37.831722364 -1.687158649, 37.832824833 -1.683912039, 37.832054248 -1.683359793, 37.826240531 -1.685129178, 37.820964697 -1.682982296, 37.820880769 -1.677754013, 37.823650294 -1.672509398, 37.821926013 -1.666909335, 37.816097036 -1.665033392, 37.811488786 -1.66143062, 37.809253326 -1.656761855, 37.804835816 -1.65537534, 37.807288715 -1.652138623, 37.806472352 -1.650736015, 37.80226847 -1.650905398, 37.801688624 -1.649647735, 37.804965514 -1.646040668, 37.802051022 -1.637292097, 37.798350689 -1.633979335, 37.796904887 -1.629256811, 37.793711921 -1.628739371, 37.792163119 -1.621737415, 37.788954892 -1.618225948, 37.788119455 -1.615222385, 37.785410964 -1.614171532, 37.783713386 -1.60711534, 37.776591197 -1.596528134, 37.777182486 -1.593534583, 37.773428745 -1.589326282, 37.773428744 -1.58593437, 37.767492953 -1.584474548, 37.761362607 -1.57902575, 37.757898788 -1.571624717, 37.753740682 -1.568953957, 37.750696487 -1.556388531, 37.744695845 -1.55614072, 37.738374761 -1.550348033, 37.731119054 -1.539851417, 37.725328221 -1.527393031, 37.722039884 -1.525455461, 37.714444661 -1.51182011, 37.704808538 -1.509797315, 37.702946928 -1.510574133, 37.695908664 -1.500837526, 37.699784475 -1.497565645, 37.701817748 -1.493975981, 37.712861522 -1.490961447, 37.718282319 -1.495242936, 37.726682454 -1.496179475, 37.731744662 -1.498914006, 37.738016152 -1.498555812, 37.763407292 -1.490312154, 37.773318078 -1.489965044, 37.779990117 -1.482117489, 37.780802661 -1.474963195, 37.782309496 -1.472829303, 37.789950489 -1.467524014, 37.799624755 -1.457823637, 37.805427026 -1.453041748, 37.811473444 -1.45034941, 37.820651792 -1.449350285, 37.817783081 -1.44743119, 37.81921362 -1.444302229, 37.816764535 -1.443993386, 37.813937785 -1.441260166, 37.814662591 -1.436955074, 37.812804794 -1.431997251, 37.813731783 -1.429347468, 37.811118661 -1.427166137, 37.81111103 -1.422516799, 37.808707721 -1.421086418, 37.809451601 -1.418056631, 37.806243371 -1.40673933, 37.805636818 -1.396409231, 37.804019354 -1.395965217, 37.800292319 -1.398821692, 37.799392032 -1.398314621, 37.800021469 -1.394497885, 37.79845741 -1.390200541, 37.793727086 -1.38468952, 37.792376656 -1.384670806, 37.791014779 -1.378193679, 37.786131867 -1.377214346, 37.784628844 -1.373360301, 37.782290387 -1.374996302, 37.776289742 -1.362944978, 37.773302773 -1.362943429, 37.768728856 -1.359603489, 37.766611656 -1.359665711, 37.76602418 -1.357159801, 37.756880165 -1.359226468, 37.754110637 -1.357144667, 37.752790726 -1.359414326, 37.748895841 -1.360371134, 37.745870723 -1.358795688, 37.745802056 -1.353169519, 37.740301149 -1.350218047, 37.738763792 -1.344365043, 37.736219337 -1.343233135, 37.734964276 -1.344598197, 37.733587142 -1.34384677, 37.732686853 -1.337107763, 37.724908522 -1.324811486, 37.726274211 -1.322153001, 37.72509163 -1.319891091, 37.725877472 -1.316119769, 37.721879587 -1.313386072, 37.720384194 -1.308130133, 37.71806481 -1.306329045, 37.717763441 -1.301553118, 37.714600992 -1.301325331, 37.715157947 -1.293628325, 37.712266347 -1.29170029, 37.70932897 -1.291798272, 37.707650465 -1.281187698, 37.705941446 -1.280734625, 37.704259129 -1.27798412, 37.703751763 -1.274338672, 37.702485257 -1.272927005, 37.699856877 -1.27307946, 37.697995266 -1.270708722, 37.698826886 -1.267661054, 37.694931998 -1.259292485, 37.693902006 -1.252227947, 37.692597353 -1.251024281, 37.689389127 -1.250950379, 37.690377153 -1.248762013, 37.687992918 -1.247277396, 37.689400569 -1.244229967, 37.687687734 -1.240810162, 37.685089871 -1.237091407, 37.676163295 -1.233152495, 37.6745382 -1.229895515, 37.667221459 -1.222954469, 37.666984942 -1.219055962, 37.663715679 -1.217154985, 37.660496007 -1.210885263, 37.65753574 -1.20848699, 37.655536796 -1.202661163, 37.650299109 -1.199339102, 37.640327279 -1.172842108, 37.626693265 -1.151300078, 37.621077915 -1.146304708, 37.612704482 -1.143080748, 37.606089662 -1.143963891, 37.602812767 -1.134375086, 37.59911625 -1.133079876, 37.597628484 -1.12064294, 37.597491143 -1.088860202, 37.734445387 -1.08322267, 37.794638736 -1.127343033, 37.797892738 -1.123970548, 37.798728173 -1.120714521, 37.802195803 -1.119856648, 37.803069385 -1.113697184, 37.80535062 -1.111273996, 37.808585546 -1.101904276, 37.808745765 -1.094966684, 37.819469094 -1.082578735, 37.819175356 -1.079684119, 37.820895819 -1.079096827, 37.821368851 -1.076681865, 37.821132334 -1.07331689, 37.826850681 -1.072523146, 37.828540627 -1.073554928, 37.832454585 -1.070345387, 37.832534695 -1.068518193, 37.835571255 -1.065570532, 37.836811056 -1.060957906, 37.840900493 -1.054862808, 37.844505455 -1.053389751, 37.846767616 -1.050414555, 37.846485322 -1.047565234, 37.848613966 -1.0443458, 37.846973609 -1.03170873, 37.849304436 -1.029059185, 37.849384543 -1.016350357, 37.851539888 -1.005767911, 37.849483724 -1.005124954, 37.848167625 -0.997227814, 37.8494265 -0.996314693, 37.852218916 -0.996912652, 37.851482663 -0.99408115, 37.852611836 -0.992118666, 37.856361759 -0.989107829, 37.860397791 -0.988050894, 37.862083921 -0.985374053, 37.867004981 -0.985411897, 37.86428886 -0.981340493, 37.869652433 -0.98001262, 37.870190316 -0.978429842, 37.868572851 -0.975570866, 37.86409049 -0.97631109, 37.8655134 -0.971653168, 37.859718756 -0.968756645, 37.851017254 -0.968636078, 37.849739305 -0.967260766, 37.847957805 -0.968047059, 37.846794298 -0.967051692, 37.846779039 -0.965902917, 37.852592755 -0.963363092, 37.852550792 -0.961581134, 37.854389515 -0.964955703, 37.856026053 -0.965010534, 37.855926868 -0.961925974, 37.85137584 -0.955176537, 37.853115377 -0.953078583, 37.852711011 -0.9518572749999999, 37.848278241 -0.949115054, 37.850509884 -0.945750854, 37.848327832 -0.945207428, 37.848262981 -0.943063642, 37.852188385 -0.944231787, 37.853893588 -0.94128353, 37.852512639 -0.937746314, 37.8513148 -0.93936503, 37.850277181 -0.93839684, 37.852798746 -0.935693059, 37.848674974 -0.930915702, 37.843956097 -0.930235735, 37.846149591 -0.926564003, 37.842289039 -0.92582098, 37.844715235 -0.922465957, 37.839767472 -0.922690469, 37.840232872 -0.912785845, 37.835033334 -0.915398321, 37.834770114 -0.910848334, 37.838088968 -0.909953927, 37.838520037 -0.907638435, 37.833167908 -0.907935241, 37.830264863 -0.903565364, 37.826087684 -0.902442336, 37.821986801 -0.903010914, 37.820254893 -0.901897719, 37.820472334 -0.898994221, 37.824458774 -0.897150278, 37.825885499 -0.89389437, 37.824054407 -0.89260935, 37.823081638 -0.887190883, 37.821635838 -0.885598391, 37.823409708 -0.884812038, 37.82429855 -0.881194183, 37.827766179 -0.8782826379999999, 37.8257062 -0.875785429, 37.82926157 -0.874113192, 37.828090433 -0.868821254, 37.832584238 -0.8673753749999999, 37.833579894 -0.865593714, 37.830657776 -0.8632862690000001, 37.830940068 -0.8609526, 37.834892175 -0.859009067, 37.833133563 -0.856023561, 37.838252991 -0.853691381, 37.839752197 -0.850797299, 37.83875654 -0.8474230270000001, 37.843597489 -0.846990276, 37.846214424 -0.844214141, 37.844348999 -0.842974357, 37.842464499 -0.837772652, 37.85058234 -0.834672475, 37.847854774 -0.830257481, 37.849571423 -0.826893042, 37.849365424 -0.824369311, 37.8459512 -0.820352142, 37.847339776 -0.813297078, 37.856827122 -0.812458514, 37.861114929 -0.814485961, 37.867157532 -0.812117723, 37.871941261 -0.813991464, 37.879326664 -0.808403374, 37.885064085 -0.808404982, 37.885636301 -0.8045064750000001, 37.881581194 -0.800027829, 37.881428603 -0.7971150930000001, 37.885830851 -0.788622493, 37.885560002 -0.78491369, 37.894589573 -0.782310988, 37.892296891 -0.7705691569999999, 37.904958128 -0.760242328, 37.905763044 -0.756759942, 37.913873253 -0.742451704, 37.913186593 -0.73843525, 37.916513075 -0.731552307, 37.914372986 -0.726685252, 37.912496114 -0.710239726, 37.910508616 -0.709814128, 37.908784338 -0.71379381, 37.905991922 -0.711576956, 37.901631635 -0.712380951, 37.900216353 -0.711005698, 37.899564026 -0.7058766440000001, 37.904576637 -0.687135233, 37.902627286 -0.685253326, 37.90358098 -0.687442587, 37.897919854 -0.686889506, 37.895470768 -0.683116872, 37.896733458 -0.6797521949999999, 37.895890392 -0.676305628, 37.897805408 -0.67194606, 37.895470765 -0.66834537, 37.893403155 -0.654649873, 37.894208072 -0.647693922, 37.907830632 -0.641491601, 37.923707723 -0.626723314, 37.918923995 -0.6230135570000001, 37.90208939 -0.603887614, 37.902894307 -0.600025282, 37.88372506 -0.585258967, 37.888470637 -0.563333343, 37.888508784 -0.557480872, 37.886059697 -0.5481452999999999, 37.88303458 -0.542789769, 37.882920136 -0.53747095, 37.8931361 -0.512606364, 37.898839187 -0.504457234, 37.912000158 -0.476264058, 37.914525538 -0.468114272, 37.918847677 -0.464596155, 37.928758461 -0.452205015, 37.934038109 -0.442752984, 37.936563489 -0.435598149, 37.934911691 -0.432115315, 37.939210942 -0.430379128, 37.940527039 -0.428543023, 37.945867724 -0.430759967, 37.947271562 -0.430416436, 37.948133701 -0.428028442, 37.953363757 -0.428906607, 37.957720229 -0.423389262, 37.960928455 -0.421426746, 37.962210219 -0.416994466, 37.966349249 -0.414263149, 37.966417914 -0.402964912, 37.971060495 -0.400197448, 37.971136789 -0.384294837, 37.975661111 -0.380559451, 37.975035487 -0.37085314, 37.968874626 -0.366817971, 37.973753722 -0.361517656, 37.979262257 -0.35833413, 37.979678067 -0.356443581, 37.973227282 -0.349088582, 37.972918285 -0.346953705, 37.977675309 -0.339156687, 37.981360381 -0.329496058, 37.986781176 -0.327280364, 37.98694521 -0.321020621, 37.980563091 -0.314208422, 37.983065584 -0.311096892, 37.986239475 -0.300205925, 37.993296808 -0.291658163, 37.994654868 -0.284530088, 37.99427339 -0.278107459, 37.998816786 -0.26789497, 38.007258883 -0.268004215, 38.009219677 -0.269469821, 38.011138509 -0.268619637, 38.02263624 -0.270954439, 38.024932735 -0.26948916, 38.028232515 -0.27090059, 38.032959022 -0.276156741, 38.047630646 -0.278962198, 38.069622823 -0.277652264, 38.073689372 -0.276313753, 38.079453497 -0.277643979, 38.089677094 -0.277074864, 38.103971055 -0.282910767, 38.107782015 -0.278695517, 38.115411565 -0.279899243, 38.117643208 -0.276190439, 38.126337079 -0.270699972, 38.12969408 -0.264376874, 38.137666959 -0.25942006, 38.140390708 -0.247940476, 38.144716662 -0.242956231, 38.148020257 -0.24162663, 38.152754392 -0.243779952, 38.155317921 -0.241572811, 38.160975232 -0.240098608, 38.163382354 -0.237620051, 38.164652674 -0.234571503, 38.164381825 -0.226303099, 38.183566325 -0.191529799, 38.185797967 -0.174721664, 38.185050271 -0.16838009, 38.187251396 -0.155118128, 38.189570778 -0.153924101, 38.194480394 -0.153996648, 38.196414484 -0.149464464, 38.204398808 -0.148424396, 38.206569414 -0.146850394, 38.207992325 -0.131127696, 38.209518234 -0.129110379, 38.212688312 -0.128287238, 38.214527033 -0.117512943, 38.221878104 -0.107471534, 38.229854797 -0.102830871, 38.234817819 -0.09699598, 38.244156387 -0.09344089699999999, 38.250862761 -0.088212123, 38.25960241 -0.09138764100000001, 38.262139235 -0.09459018700000001, 38.272603162 -0.09717772700000001, 38.276875709 -0.089225847, 38.280206007 -0.08688283400000001, 38.288072073 -0.087624808, 38.290071014 -0.08009804199999999, 38.300729494 -0.071802438, 38.304269605 -0.06230349, 38.309415736 -0.056314657, 38.313154215 -0.056043298, 38.32170694 -0.062584157, 38.324812166 -0.066772822))",Kitui,Kitui,643231742,-79.69480000000001,2827.1692000000016,125185569537,0.0,0.0,0.0,0.0,0.0,50.0,51.666666666666664,0.25,0.38069349381344064,-0.25,-1.0,-0.6566962768281847,0,0,0,0,,,0.0,0.0,0.0,0.0,,0,0,0,0,,,0.0,0.0,0.0,0.0,,0,0,0,0,,,0.0,0.0,0.0,0.0,,0,0,0,0,50.0,51.666666666666664,0.25,0.38069349381344064,-0.25,-1.0,-0.6566962768281847,0,0,0,0,-3.0999999999999996,48.79789631855751,67.37693443121621,25.057500000000008,22.19833305858145,-28.157500000000006,-1.1237154544547538,-1.2684511006160823,1.0,0.0,0.0,0.0,-0.559712497783882,0.0,0.0,0.0,0.0,-1.1667141185030527,0.2714133581360441,-0.559712497783882
86,24749629,2022-02-01,Kenya,Kenya_2022-02,54986000,143920,21588.0,0.15,2.0,0.4,0.45,0.1,0.05,0.0,0.4,0.45,0.1,0.05,0.0,,,,,,Lamu county,"MULTIPOLYGON (((40.999132823 -2.093762259, 40.999262527 -2.095498025, 40.996973663 -2.094723475, 40.995409608 -2.09733845, 40.996138232 -2.101451507, 40.99447499 -2.099003413, 40.992773602 -2.099647562, 40.995485902 -2.093830204, 40.999132823 -2.093762259)), ((41.134038415 -2.094858328, 41.137765447 -2.095956143, 41.133794271 -2.098438808, 41.135983953 -2.102341599, 41.135056965 -2.105507031, 41.1400238 -2.109523535, 41.144414602 -2.10887557, 41.146661501 -2.106259642, 41.151227783 -2.107591324, 41.152189108 -2.110971073, 41.155145557 -2.112431727, 41.15437879 -2.1162661, 41.151296455 -2.118060514, 41.149545475 -2.117014192, 41.142110485 -2.11857045, 41.128972408 -2.11257645, 41.125573443 -2.107445917, 41.131055268 -2.102438629, 41.132909244 -2.097490705, 41.132306508 -2.094381536, 41.133946859 -2.09359268, 41.134038415 -2.094858328)), ((41.11229801 -2.058796074, 41.109211858 -2.05653989, 41.109764999 -2.053546581, 41.111847864 -2.053254543, 41.113118184 -2.054844172, 41.113595032 -2.057320636, 41.11229801 -2.058796074)), ((41.107178584 -2.05521369, 41.104218321 -2.055416567, 41.103810139 -2.052334098, 41.105934967 -2.05196053, 41.107178584 -2.05521369)), ((40.971986883 -2.052168249, 40.974275747 -2.052852685, 40.972700247 -2.054364598, 40.970945451 -2.053408389, 40.968626071 -2.055165374, 40.96679498 -2.054851169, 40.965978617 -2.051443288, 40.968584102 -2.043727339, 40.971216296 -2.045921303, 40.971986883 -2.052168249)), ((41.240584959 -2.043260643, 41.239822005 -2.043415601, 41.241668353 -2.041939448, 41.241653095 -2.042897564, 41.240584959 -2.043260643)), ((41.242915783 -2.041539894, 41.242862376 -2.040400835, 41.24503298 -2.039204559, 41.244727799 -2.040090918, 41.242915783 -2.041539894)), ((41.248599792 -2.038946373, 41.248176352 -2.038820262, 41.249049934 -2.038059776, 41.249210155 -2.038529656, 41.248599792 -2.038946373)), ((41.041579755 -2.031529254, 41.04075195 -2.031910212, 41.043525287 -2.02793733, 41.044227205 -2.029030617, 41.041579755 -2.031529254)), ((41.059642692 -2.018513976, 41.058765295 -2.018053871, 41.060371312 -2.015827722, 41.06216044 -2.015653691, 41.059642692 -2.018513976)), ((41.069248287 -2.01776016, 41.06960306 -2.016014858, 41.073196575 -2.014672206, 41.072475583 -2.015758103, 41.069248287 -2.01776016)), ((41.048698188 -2.152159643, 41.055488483 -2.153542817, 41.060916906 -2.157911433, 41.061164868 -2.16156367, 41.058994265 -2.164676893, 41.053413255 -2.166673707, 41.047408803 -2.164530048, 41.042712816 -2.160883535, 41.041888825 -2.159320607, 41.04302181 -2.156335403, 41.048698188 -2.152159643)), ((41.024024237 -2.141442297, 41.028083156 -2.144411525, 41.025832443 -2.147560985, 41.021308122 -2.144565295, 41.020014915 -2.146266733, 41.01925196 -2.144576978, 41.022036741 -2.14067633, 41.024024237 -2.141442297)), ((40.985296675 -2.144522167, 40.987383356 -2.146029548, 40.988111977 -2.145269062, 40.988848229 -2.147230112, 40.989763774 -2.1465688, 40.989641703 -2.149860104, 40.980284071 -2.155830993, 40.976267116 -2.155528709, 40.975954304 -2.153639415, 40.978151612 -2.152687257, 40.97917397 -2.15029876, 40.978151609 -2.146665357, 40.984014911 -2.143737127, 40.985296675 -2.144522167)), ((41.087238774 -2.058114989, 41.091404504 -2.056771383, 41.096947368 -2.058536231, 41.099098902 -2.062203962, 41.098980641 -2.058126664, 41.096481964 -2.054775761, 41.102959446 -2.054730939, 41.104534948 -2.056736093, 41.107674506 -2.057292509, 41.109333934 -2.061657075, 41.111348134 -2.062549392, 41.11396507 -2.067970531, 41.115967826 -2.068302378, 41.118043063 -2.071454935, 41.120587516 -2.070773358, 41.115140017 -2.063367091, 41.119935185 -2.061697119, 41.121030026 -2.064200045, 41.124325989 -2.065334812, 41.126309672 -2.067945016, 41.127930952 -2.072499345, 41.129159308 -2.071620853, 41.129437788 -2.073256731, 41.133214412 -2.0739569, 41.132344645 -2.075766331, 41.127106964 -2.076243366, 41.127133668 -2.077265134, 41.137650993 -2.07697047, 41.14327015 -2.074024598, 41.140142037 -2.072745125, 41.138059169 -2.067730214, 41.135003536 -2.067218855, 41.135991561 -2.065074953, 41.140119145 -2.067483234, 41.143426555 -2.071845414, 41.155809305 -2.074106838, 41.161718388 -2.076557791, 41.163625775 -2.078697877, 41.164632879 -2.085422808, 41.163793629 -2.086183294, 41.162332571 -2.084955791, 41.158708543 -2.094218696, 41.151407074 -2.100855664, 41.152253952 -2.098422348, 41.150853929 -2.095938256, 41.15190299 -2.093414349, 41.149057171 -2.09437652, 41.14576884 -2.099426002, 41.13725427 -2.099961923, 41.138242295 -2.097673314, 41.141328445 -2.097515255, 41.13689186 -2.087052027, 41.131699954 -2.085838591, 41.131032369 -2.084266366, 41.126218127 -2.084932925, 41.122517797 -2.082750168, 41.119195131 -2.083839404, 41.116826157 -2.082115797, 41.116250127 -2.083210515, 41.112332357 -2.082989762, 41.106385133 -2.09199377, 41.104279379 -2.09281028, 41.104645599 -2.095522042, 41.101437375 -2.094712687, 41.095101044 -2.102433406, 41.099171408 -2.106839928, 41.103760578 -2.107475491, 41.107243467 -2.110246373, 41.107083248 -2.113447325, 41.104962235 -2.113703365, 41.108670194 -2.114954945, 41.109887109 -2.119274931, 41.107590617 -2.121050034, 41.10740751 -2.123644982, 41.106629296 -2.122750995, 41.105908304 -2.123927483, 41.107449474 -2.126637575, 41.105328462 -2.127969499, 41.106923037 -2.129251118, 41.109654413 -2.128831539, 41.111630467 -2.13282492, 41.11340052 -2.130218767, 41.114201625 -2.135009347, 41.111847913 -2.139460692, 41.108509989 -2.141553816, 41.100098418 -2.143473153, 41.092892314 -2.143067168, 41.089901532 -2.140322747, 41.084084005 -2.140547797, 41.078422883 -2.139045663, 41.080280673 -2.133021616, 41.079838161 -2.1365301, 41.08210032 -2.134791233, 41.082935756 -2.136119102, 41.081955361 -2.138199829, 41.083244754 -2.138948633, 41.085556506 -2.139939885, 41.087193042 -2.138156676, 41.088703693 -2.13915818, 41.089798532 -2.138406276, 41.090088453 -2.135521676, 41.085041509 -2.135275415, 41.084251851 -2.133875074, 41.085117803 -2.132490704, 41.083111233 -2.131815327, 41.08499191 -2.122572687, 41.093186039 -2.120681004, 41.092796929 -2.115374294, 41.089718409 -2.116888353, 41.08998926 -2.120703415, 41.087776693 -2.121917809, 41.082828933 -2.120866721, 41.079319341 -2.116079718, 41.076229376 -2.116762011, 41.07516887 -2.11802909, 41.077656101 -2.118170458, 41.075817383 -2.12122885, 41.080273037 -2.122298772, 41.079758045 -2.125499963, 41.077652291 -2.126407063, 41.077240295 -2.124246713, 41.073055491 -2.126386087, 41.071968281 -2.125655163, 41.067962773 -2.130262658, 41.064125114 -2.13179579, 41.07426859 -2.129232304, 41.07764085 -2.132310957, 41.069996048 -2.133442392, 41.062297841 -2.136463598, 41.058319035 -2.139705795, 41.055862322 -2.139510073, 41.052860095 -2.136973534, 41.049297098 -2.136743245, 41.049247505 -2.13467277, 41.054267745 -2.135289976, 41.054935327 -2.129773715, 41.059551196 -2.12162126, 41.058914129 -2.120953273, 41.054355479 -2.125154541, 41.05281431 -2.123302915, 41.053928221 -2.119694065, 41.052268793 -2.115528084, 41.054111327 -2.114639578, 41.054668281 -2.109937442, 41.057807836 -2.106072553, 41.057170768 -2.10357797, 41.051852982 -2.113846911, 41.044707915 -2.114435039, 41.045589127 -2.11404526, 41.037291998 -2.113124816, 41.030867924 -2.116541997, 41.028098403 -2.122458766, 41.024043302 -2.125565316, 41.021845993 -2.12520653, 41.014533078 -2.128552432, 41.010317754 -2.126885327, 41.006911165 -2.131627515, 41.016715133 -2.13839583, 41.017005056 -2.139887478, 41.01388839 -2.143101305, 41.007967864 -2.143787176, 40.99580637 -2.14241974, 40.993376359 -2.138987068, 40.984663418 -2.135924391, 40.98564381 -2.129204941, 40.983755494 -2.121540012, 40.978960326 -2.12191692, 40.975900877 -2.119832142, 40.974817483 -2.120764989, 40.970052831 -2.118727654, 40.972345504 -2.109284998, 40.988157731 -2.104092947, 40.992521827 -2.09976533, 40.995211242 -2.101009759, 40.996176381 -2.103341278, 40.994711511 -2.108786259, 40.995844501 -2.113658133, 41.000609154 -2.117413355, 41.000456561 -2.114520173, 41.002112172 -2.115069676, 41.005457731 -2.121068927, 41.006583088 -2.120217612, 41.005194507 -2.113790676, 41.0030239 -2.110429999, 41.004771065 -2.109306673, 41.004229365 -2.104886084, 41.006354191 -2.10132086, 41.013365742 -2.101592151, 41.020587107 -2.105271562, 41.025832415 -2.099405808, 41.028598124 -2.098877758, 41.030509324 -2.09655172, 41.04482616 -2.092536635, 41.043559654 -2.088587356, 41.048274712 -2.089349508, 41.049358109 -2.092639143, 41.049819695 -2.089718306, 41.054370718 -2.090272814, 41.060924498 -2.093808472, 41.061275459 -2.097605416, 41.058113017 -2.103178894, 41.060790985 -2.101077902, 41.063182848 -2.10211445, 41.064674425 -2.104707251, 41.066597069 -2.103538391, 41.068214533 -2.104105774, 41.068519714 -2.102631767, 41.072464188 -2.102364284, 41.071712677 -2.10054794, 41.066711511 -2.100464266, 41.064491312 -2.098143475, 41.063144694 -2.091508896, 41.060394241 -2.08761588, 41.065784513 -2.086623193, 41.069187288 -2.083354772, 41.075771583 -2.082161593, 41.078731845 -2.079273654, 41.080677376 -2.074940316, 41.079235391 -2.074101399, 41.081276294 -2.073990305, 41.083309566 -2.070126847, 41.082821274 -2.068445912, 41.077488222 -2.066201649, 41.081886652 -2.064505216, 41.080929144 -2.06335829, 41.083111192 -2.0614206, 41.08237494 -2.057949545, 41.085094869 -2.052313369, 41.087238774 -2.058114989)), ((40.784063755 -2.339172941, 40.786463249 -2.342994915, 40.785791852 -2.346395883, 40.784948786 -2.344534005, 40.783987465 -2.347456034, 40.783117692 -2.339852373, 40.781935114 -2.341409104, 40.780767793 -2.34067818, 40.781729115 -2.339410863, 40.778715443 -2.336973259, 40.784063755 -2.339172941)), ((40.746087649 -2.259606643, 40.749116578 -2.259422122, 40.750058827 -2.260696114, 40.750917153 -2.264664941, 40.749597243 -2.265932497, 40.74567184 -2.26203972, 40.743623308 -2.263452937, 40.742585689 -2.261943887, 40.743093052 -2.259465514, 40.746087649 -2.259606643)), ((40.722771762 -2.261334795, 40.721287815 -2.260739758, 40.721905807 -2.257872322, 40.723752158 -2.260248421, 40.722771762 -2.261334795)), ((40.89210949 -2.251176369, 40.895210903 -2.257836455, 40.90100173 -2.26263037, 40.904862287 -2.275202932, 40.912613911 -2.285925532, 40.916031951 -2.293760437, 40.914097865 -2.299586137, 40.910462389 -2.300956444, 40.900761421 -2.297822726, 40.884846193 -2.297798658, 40.863483473 -2.304509299, 40.848117577 -2.313291366, 40.825053478 -2.333992794, 40.819239767 -2.336812553, 40.815100739 -2.335805092, 40.815417354 -2.317755603, 40.814116511 -2.31002583, 40.815333423 -2.308505335, 40.813307776 -2.304285, 40.81382658 -2.296815078, 40.819850097 -2.283442451, 40.82221907 -2.281874991, 40.825022928 -2.282992832, 40.827384269 -2.278920538, 40.829692207 -2.279794737, 40.83091675 -2.282126256, 40.833041578 -2.281418217, 40.83393805 -2.282601617, 40.844585079 -2.28295849, 40.846042321 -2.281781286, 40.84630554 -2.280876571, 40.841674407 -2.28147042, 40.841601925 -2.27968912, 40.843448275 -2.279542028, 40.843875528 -2.278040367, 40.842391581 -2.276532271, 40.83930543 -2.276147262, 40.839015507 -2.274447732, 40.837100491 -2.273618351, 40.838763731 -2.272820437, 40.835570765 -2.271052251, 40.837356078 -2.2704441, 40.837874885 -2.267034312, 40.841929988 -2.267942362, 40.84004549 -2.266696979, 40.843970888 -2.2619176, 40.850093597 -2.261755963, 40.851257101 -2.259322171, 40.853401004 -2.260829313, 40.855907309 -2.260256444, 40.858829425 -2.262377696, 40.860778772 -2.259978948, 40.867263886 -2.262258254, 40.8672677 -2.260124365, 40.86969008 -2.260148442, 40.869209417 -2.257481499, 40.87049118 -2.256530295, 40.871338062 -2.26044453, 40.873916847 -2.260025427, 40.875679269 -2.25482361, 40.876648224 -2.259678081, 40.878048245 -2.260083354, 40.879871705 -2.258353785, 40.87999759 -2.253723884, 40.886116484 -2.25262201, 40.8865857 -2.251138467, 40.887341025 -2.252050573, 40.887974275 -2.248423844, 40.89210949 -2.251176369)), ((40.75664695 -2.279180912, 40.757394646 -2.279650076, 40.75784479 -2.28140396, 40.754258903 -2.279527304, 40.75664695 -2.279180912)), ((40.761545123 -2.287503337, 40.761426865 -2.288308164, 40.760217582 -2.287414416, 40.760785981 -2.284375334, 40.761545123 -2.287503337)), ((40.796438845 -2.290769349, 40.797915162 -2.289736614, 40.798762042 -2.290829901, 40.794111836 -2.292797868, 40.792727072 -2.291217299, 40.79517997 -2.289414542, 40.796438845 -2.290769349)), ((40.804991555 -2.274744081, 40.804064565 -2.275134098, 40.806765422 -2.272246159, 40.806425908 -2.273313461, 40.804991555 -2.274744081)), ((40.79127745 -2.27724797, 40.79220444 -2.276641011, 40.792833878 -2.277607709, 40.792418069 -2.280411493, 40.789312846 -2.283101086, 40.788202751 -2.287985596, 40.786966765 -2.28795103, 40.785387451 -2.291533894, 40.778124124 -2.290774367, 40.779833142 -2.290211512, 40.784002684 -2.283360942, 40.787321535 -2.282443589, 40.787603826 -2.279404747, 40.789144994 -2.278652366, 40.788603294 -2.275623536, 40.79127745 -2.27724797)), ((40.760248095 -2.278470964, 40.761739671 -2.278686235, 40.761590897 -2.281914842, 40.758771779 -2.280100645, 40.758916739 -2.278644518, 40.760248095 -2.278470964)), ((40.973016973 -2.225679318, 40.975469872 -2.22755669, 40.97643883 -2.237817759, 40.986059694 -2.252425271, 40.985067856 -2.25569965, 40.985666777 -2.26011118, 40.989821065 -2.261235694, 40.978647604 -2.271178988, 40.970907439 -2.283567752, 40.969637124 -2.289148381, 40.970854038 -2.291479423, 40.968828394 -2.291744521, 40.96566595 -2.294886353, 40.961092042 -2.300995985, 40.961275153 -2.303988579, 40.959569952 -2.307851798, 40.950696798 -2.316272927, 40.929372227 -2.322740166, 40.924504578 -2.322195194, 40.915581824 -2.318464053, 40.912751259 -2.311993731, 40.913422657 -2.309669125, 40.915188894 -2.306257668, 40.92048761 -2.302787562, 40.924012453 -2.292465699, 40.923005361 -2.304483991, 40.925183595 -2.303070536, 40.927846306 -2.303636488, 40.927247386 -2.301620845, 40.924840265 -2.302067363, 40.924851706 -2.297799348, 40.928346033 -2.290913734, 40.929601093 -2.291110888, 40.927708968 -2.293871284, 40.928365111 -2.296592105, 40.931409299 -2.296334634, 40.933835492 -2.293220934, 40.938523846 -2.292202023, 40.943605125 -2.296923943, 40.946729423 -2.297000943, 40.947675488 -2.29889858, 40.952504987 -2.296079775, 40.951974735 -2.298223438, 40.953267943 -2.298276123, 40.953275572 -2.297209059, 40.954194933 -2.298989167, 40.955232551 -2.298273261, 40.956739387 -2.299790178, 40.95749471 -2.296859567, 40.956628756 -2.296381582, 40.960454971 -2.293898917, 40.963476267 -2.28880414, 40.964872469 -2.281677271, 40.955350803 -2.289846177, 40.953042866 -2.28926163, 40.951783989 -2.285999172, 40.948789393 -2.286382993, 40.944482514 -2.282889531, 40.934121595 -2.286339614, 40.928262103 -2.282938651, 40.915486419 -2.262258462, 40.91159535 -2.258881814, 40.911290167 -2.257046637, 40.909237821 -2.258785504, 40.908440533 -2.257936573, 40.910057995 -2.256767952, 40.909363704 -2.251813831, 40.905785445 -2.247550586, 40.905869367 -2.243038452, 40.902920545 -2.238132488, 40.902817539 -2.22631445, 40.904736369 -2.224548883, 40.908203998 -2.226406944, 40.911728847 -2.226004528, 40.917615042 -2.229251964, 40.923978086 -2.236477287, 40.925179738 -2.235363497, 40.924271822 -2.233646803, 40.925793916 -2.233699011, 40.929490434 -2.241036382, 40.933000023 -2.239404077, 40.93274062 -2.240561732, 40.938882403 -2.241078095, 40.934934116 -2.245152297, 40.934461087 -2.249149494, 40.932588035 -2.250499059, 40.933370064 -2.252966702, 40.93192427 -2.259315922, 40.936540146 -2.262772909, 40.937783761 -2.262409592, 40.93866116 -2.264126286, 40.940381622 -2.263292135, 40.939778887 -2.261683434, 40.943154959 -2.260883373, 40.940114585 -2.258753539, 40.937047509 -2.259200773, 40.936311256 -2.256995366, 40.942765845 -2.249020755, 40.944673227 -2.241567758, 40.949819354 -2.240991074, 40.949586651 -2.237754362, 40.946111391 -2.234024648, 40.946946826 -2.233544517, 40.952821576 -2.235851239, 40.955095179 -2.234112134, 40.956869052 -2.240167886, 40.963254981 -2.241217304, 40.963232093 -2.242835779, 40.965742214 -2.243980797, 40.962022814 -2.249148524, 40.960294722 -2.248689849, 40.959176996 -2.251403996, 40.952928401 -2.253663762, 40.953836317 -2.254828806, 40.957418388 -2.254417093, 40.957796053 -2.258621218, 40.959478369 -2.261141546, 40.964960196 -2.260419916, 40.967386388 -2.255778093, 40.96682943 -2.25419657, 40.974653526 -2.25259454, 40.972807174 -2.247895265, 40.969251807 -2.248216626, 40.970594604 -2.244516709, 40.969030545 -2.241200374, 40.973634973 -2.237306162, 40.970442005 -2.231505734, 40.96540269 -2.229260994, 40.966760747 -2.225904606, 40.969103017 -2.225973978, 40.966871375 -2.225126956, 40.966684449 -2.222622599, 40.973016973 -2.225679318)), ((40.788469775 -2.272829527, 40.787920448 -2.271808475, 40.78977824 -2.269959946, 40.789579873 -2.271815387, 40.788469775 -2.272829527)), ((40.757016974 -2.264946722, 40.759069322 -2.265758223, 40.760511308 -2.268749624, 40.76598932 -2.266852937, 40.765398032 -2.270507081, 40.762723876 -2.269289591, 40.758924365 -2.272124607, 40.756952127 -2.271927931, 40.757264936 -2.267406261, 40.754968442 -2.265865028, 40.757016974 -2.264946722)), ((40.795256255 -2.272667413, 40.791773368 -2.273467475, 40.791147745 -2.272527954, 40.801192033 -2.260976913, 40.805769759 -2.259813773, 40.798029591 -2.267319697, 40.795256255 -2.272667413)), ((40.800875406 -2.258816086, 40.794939625 -2.266609277, 40.791784809 -2.2678611, 40.798510247 -2.259488128, 40.800875406 -2.258816086)), ((40.726556015 -2.258716721, 40.727067195 -2.260361896, 40.726689533 -2.260959318, 40.724755441 -2.257488979, 40.726556015 -2.258716721)), ((40.815325762 -2.2587889, 40.814654362 -2.258554556, 40.815150282 -2.257007838, 40.815978088 -2.257549236, 40.815325762 -2.2587889)), ((40.771329994 -2.255768918, 40.770036786 -2.25508329, 40.771661878 -2.253833375, 40.772218835 -2.255107605, 40.771329994 -2.255768918)), ((40.962301295 -2.252403353, 40.961534525 -2.251011832, 40.963327467 -2.250738152, 40.96295362 -2.251543456, 40.962301295 -2.252403353)), ((40.81782061 -2.23758995, 40.817885463 -2.240546784, 40.810187253 -2.240728208, 40.81247993 -2.238274628, 40.81782061 -2.23758995)), ((40.932195102 -2.231746538, 40.933629457 -2.233806285, 40.933392942 -2.234647348, 40.929875721 -2.232391641, 40.930776006 -2.23114268, 40.932195102 -2.231746538)), ((40.941678624 -2.230070365, 40.943395272 -2.231677396, 40.942964204 -2.232573291, 40.939549981 -2.22993758, 40.941182702 -2.227900956, 40.941678624 -2.230070365)), ((40.991728431 -2.228429927, 40.992624904 -2.231792035, 40.991427067 -2.233484652, 40.988726208 -2.233117523, 40.983286341 -2.228766787, 40.983580077 -2.226804305, 40.98705915 -2.228617071, 40.9900423 -2.226578539, 40.991728431 -2.228429927)), ((40.823558037 -2.252240853, 40.824622358 -2.252628247, 40.823725888 -2.254121326, 40.817023334 -2.256281919, 40.816706707 -2.25446486, 40.818595018 -2.252346466, 40.82139506 -2.250986649, 40.823882289 -2.247673887, 40.825999488 -2.247183027, 40.823558037 -2.252240853)), ((41.245967599 -2.038552305, 41.249358929 -2.034687416, 41.250282104 -2.035391163, 41.247573617 -2.037754391, 41.245967599 -2.038552305)), ((41.260135657 -2.032538741, 41.259475702 -2.032467222, 41.259761809 -2.031888395, 41.260120398 -2.0323218, 41.260135657 -2.032538741)), ((41.536923854 -1.6890943, 41.521077301 -1.702889611, 41.50351029 -1.727045643, 41.492508499 -1.74714404, 41.482746502 -1.752842322, 41.468914149 -1.768922664, 41.460819207 -1.775531859, 41.459239894 -1.779800234, 41.450229408 -1.787450269, 41.441077777 -1.799818772, 41.425727142 -1.810731389, 41.423232284 -1.815236253, 41.42381976 -1.817820711, 41.422625738 -1.819548731, 41.425036674 -1.820114922, 41.423564173 -1.823000357, 41.419848587 -1.824858423, 41.418509605 -1.831314206, 41.41501909 -1.831915563, 41.394278187 -1.851432158, 41.393446569 -1.856215112, 41.395678211 -1.856085542, 41.390795307 -1.863938332, 41.385378334 -1.86823031, 41.382295995 -1.860370253, 41.379026735 -1.859181489, 41.373705129 -1.860246291, 41.371656598 -1.863078445, 41.367025466 -1.864259822, 41.366121367 -1.866792072, 41.370638055 -1.865095639, 41.37774116 -1.864769628, 41.379022925 -1.869133956, 41.38378376 -1.870139868, 41.384432273 -1.872950207, 41.390474868 -1.867735276, 41.389925544 -1.872346107, 41.382620259 -1.876993297, 41.360849368 -1.896692862, 41.353750084 -1.907893577, 41.352109734 -1.911701488, 41.352582767 -1.914457949, 41.341943371 -1.916886145, 41.32306408 -1.941970136, 41.322793233 -1.944790965, 41.325600905 -1.9448955, 41.326016716 -1.947597846, 41.320546337 -1.95280324, 41.317570815 -1.953051532, 41.314267225 -1.956581593, 41.313996377 -1.959348187, 41.315617657 -1.962328979, 41.313626347 -1.964989487, 41.311875364 -1.958962343, 41.303795678 -1.958494494, 41.300080091 -1.960298563, 41.297753083 -1.964107547, 41.296589581 -1.970735452, 41.28340955 -1.98036311, 41.277717915 -1.986843689, 41.276615444 -1.984440531, 41.277824722 -1.975227095, 41.276581102 -1.968213703, 41.283680386 -1.957066628, 41.282101068 -1.951662891, 41.282421507 -1.947404649, 41.280289048 -1.945409746, 41.279415464 -1.942364348, 41.27213688 -1.942238598, 41.270809338 -1.940116034, 41.268169515 -1.939098081, 41.267383674 -1.94198292, 41.262622839 -1.941148534, 41.262607578 -1.938617357, 41.260028792 -1.93823211, 41.258033668 -1.940024735, 41.258331221 -1.942040259, 41.250880972 -1.941453569, 41.252914248 -1.94673036, 41.247550681 -1.950217987, 41.248721818 -1.954872205, 41.246440586 -1.956439188, 41.242179484 -1.952892086, 41.239837215 -1.954061423, 41.237597943 -1.952699344, 41.24169882 -1.948761386, 41.241801818 -1.946681971, 41.238254081 -1.94704827, 41.237079128 -1.942231346, 41.24062305 -1.94059034, 41.243091208 -1.941328415, 41.24426997 -1.937059802, 41.248672216 -1.935426783, 41.253742045 -1.930963159, 41.253841228 -1.928259979, 41.251838473 -1.928380251, 41.252628129 -1.926137176, 41.250957258 -1.924539323, 41.253185084 -1.923370105, 41.250598668 -1.921890975, 41.251380695 -1.918319076, 41.249198645 -1.917065349, 41.252448829 -1.914683526, 41.252437384 -1.912902584, 41.244895582 -1.915886718, 41.245135913 -1.918010952, 41.243030161 -1.92067146, 41.239490054 -1.922592701, 41.237475854 -1.921166971, 41.24172932 -1.913377714, 41.241885724 -1.910557004, 41.237502554 -1.915354025, 41.237407181 -1.909089317, 41.235969012 -1.907545222, 41.237327069 -1.904659668, 41.227938916 -1.90592842, 41.224173738 -1.908762959, 41.221560622 -1.912870655, 41.219790568 -1.913397393, 41.219706641 -1.909085155, 41.22261731 -1.906649573, 41.225672939 -1.900299279, 41.223151375 -1.900085558, 41.221812388 -1.896010048, 41.218886458 -1.895507509, 41.210677073 -1.902289423, 41.203345082 -1.902398255, 41.201288921 -1.903964999, 41.201143962 -1.908621006, 41.196184761 -1.913030156, 41.193892083 -1.912752782, 41.192823949 -1.916442687, 41.190374867 -1.919103792, 41.183473947 -1.923985564, 41.180132206 -1.921123971, 41.181406341 -1.923192657, 41.177835718 -1.93017661, 41.174963194 -1.928408304, 41.169958217 -1.93487887, 41.165372861 -1.93468589, 41.163145035 -1.93618946, 41.161779348 -1.937691956, 41.163450219 -1.938892282, 41.166139632 -1.938472941, 41.166154893 -1.941691415, 41.150373191 -1.957099122, 41.149545383 -1.952209129, 41.14761511 -1.955393991, 41.145719168 -1.954365787, 41.14288098 -1.959161019, 41.13666672 -1.964259017, 41.134438894 -1.965084586, 41.132363657 -1.963197796, 41.129899314 -1.963092426, 41.128819735 -1.964657859, 41.12901429 -1.968798333, 41.127248052 -1.970301425, 41.124116121 -1.963705586, 41.121106268 -1.968329291, 41.122681771 -1.973037625, 41.119607067 -1.976504273, 41.115674034 -1.969683388, 41.117260977 -1.966797237, 41.113808608 -1.964233998, 41.112164442 -1.967065913, 41.108841776 -1.966907381, 41.105908216 -1.96508484, 41.104904933 -1.970040631, 41.100102137 -1.971854952, 41.097576757 -1.971008287, 41.094612681 -1.973615872, 41.09459742 -1.970505749, 41.086948805 -1.975334359, 41.084442502 -1.978393467, 41.077572098 -1.979071113, 41.070278258 -1.985391133, 41.066139229 -1.983226374, 41.068447168 -1.985800342, 41.067192109 -1.987248483, 41.067729994 -1.990990954, 41.066017162 -1.992322162, 41.061832357 -1.991775878, 41.063278156 -1.993835505, 41.062946273 -1.996367517, 41.064498885 -1.997332904, 41.062560982 -1.999134588, 41.062175692 -2.001720954, 41.063957191 -2.003065868, 41.063056905 -2.004341767, 41.065830245 -2.005025488, 41.063388792 -2.007804241, 41.061550071 -2.005708973, 41.060253049 -2.00641582, 41.062354993 -2.015101803, 41.060317905 -2.014896544, 41.058307517 -2.008136092, 41.057365268 -2.007703402, 41.056331465 -2.009241538, 41.054504189 -2.007905803, 41.052699803 -2.009843015, 41.054969594 -2.013031808, 41.051791889 -2.013352215, 41.051212046 -2.017457645, 41.049304659 -2.01600438, 41.04273181 -2.020424974, 41.043601579 -2.022015079, 41.042361779 -2.024050988, 41.044932936 -2.02502436, 41.045936222 -2.02747317, 41.043475694 -2.026418505, 41.037574244 -2.030232378, 41.037658172 -2.035729568, 41.031573614 -2.042138628, 41.031688059 -2.045248751, 41.029048238 -2.046409506, 41.022326606 -2.039076189, 41.022898823 -2.041787951, 41.020819775 -2.046890119, 41.014407145 -2.05013494, 41.015860575 -2.052456923, 41.011038703 -2.051486412, 41.012877421 -2.049504143, 41.01029482 -2.048747712, 41.006884412 -2.044249406, 41.009421234 -2.041813944, 41.008776537 -2.040847246, 41.010996732 -2.037878967, 41.007857172 -2.032494064, 41.001845094 -2.036588293, 41.000429813 -2.035396548, 40.996012307 -2.035564859, 40.991873281 -2.037369286, 40.992453128 -2.040442696, 40.990408408 -2.036412839, 40.990503775 -2.031855648, 40.98838276 -2.029498382, 40.989843817 -2.027932354, 40.989233452 -2.025527885, 40.985075349 -2.023525832, 40.982588116 -2.020165393, 40.982878038 -2.017913498, 40.985914594 -2.014537322, 40.987539687 -2.013712469, 40.986479181 -2.015440845, 40.989466148 -2.017145857, 40.990549542 -2.014350655, 40.989092298 -2.011775733, 40.989481402 -2.006404416, 40.988077566 -2.007789502, 40.98638762 -2.003333869, 40.986013768 -1.996218562, 40.9889931 -1.98642272, 40.993296163 -1.987258417, 40.992582799 -1.983172417, 40.993834043 -1.981552392, 40.991133183 -1.979846784, 40.990358776 -1.964431576, 40.991896129 -1.962757077, 40.995504903 -1.962499487, 40.99320841 -1.961598111, 40.993479257 -1.958894334, 40.986822479 -1.956569493, 40.984495465 -1.950378689, 40.989412705 -1.948790488, 40.987680797 -1.946559215, 40.991220904 -1.944294563, 41.002428697 -1.930411405, 41.005312661 -1.924006519, 41.009402098 -1.927491757, 41.009367762 -1.921687036, 41.014933515 -1.923199421, 41.012225026 -1.920453927, 41.011790139 -1.914704037, 41.013033753 -1.911764009, 41.016516638 -1.909436182, 41.022009909 -1.908028327, 41.024249181 -1.909336647, 41.025469909 -1.91220146, 41.028777315 -1.909765282, 41.026419785 -1.908231081, 41.026522783 -1.906214722, 41.045920891 -1.892114142, 41.048335642 -1.893820108, 41.050227769 -1.893582783, 41.047786311 -1.887211393, 41.050536762 -1.887533704, 41.053310098 -1.881418469, 41.052493736 -1.879014358, 41.049796692 -1.878167694, 41.047698564 -1.871850182, 41.044810779 -1.867667393, 41.038585073 -1.870757733, 41.037993787 -1.877946468, 41.034583384 -1.882751474, 41.027671019 -1.886240533, 41.024897683 -1.891894828, 41.018908494 -1.89676611, 41.015646864 -1.897592753, 41.011851164 -1.894396451, 41.009585192 -1.899534736, 41.004542059 -1.888862432, 41.005228722 -1.89846386, 41.001566542 -1.899462744, 41.003641779 -1.901928719, 41.001993799 -1.904299575, 40.999586678 -1.903850318, 40.998735985 -1.905813277, 41.001719136 -1.90590923, 41.002813976 -1.907282275, 40.999563792 -1.910179512, 40.99110263 -1.913227419, 40.993174052 -1.914707742, 40.989569093 -1.915652391, 40.985544507 -1.912799857, 40.984899809 -1.910558213, 40.981115555 -1.909667446, 40.986093837 -1.918721512, 40.99018709 -1.923355227, 40.991781664 -1.921734843, 40.991461225 -1.92611145, 40.985929808 -1.930747315, 40.983469281 -1.931220296, 40.983457835 -1.92926735, 40.978162929 -1.924526595, 40.978365115 -1.929933314, 40.980371686 -1.930437283, 40.980554796 -1.932453404, 40.977014688 -1.934139348, 40.976659913 -1.932358524, 40.973520357 -1.934107285, 40.961686942 -1.94896787, 40.96559327 -1.95118758, 40.964033032 -1.958612804, 40.965253761 -1.961947854, 40.971441321 -1.961904343, 40.973062601 -1.965293032, 40.972333981 -1.968051759, 40.967153524 -1.973844683, 40.966779679 -1.978501644, 40.968122481 -1.982867283, 40.971818998 -1.988251828, 40.964696822 -1.995086904, 40.963735505 -2.004039535, 40.960027546 -2.003293594, 40.960447173 -2.007425247, 40.962404151 -2.006979683, 40.957204619 -2.011859666, 40.953149521 -2.020002108, 40.952264496 -2.023972606, 40.953313562 -2.029233782, 40.949155461 -2.030875384, 40.95690708 -2.034157387, 40.957917996 -2.03778197, 40.957200823 -2.045622123, 40.958234627 -2.046081989, 40.959958903 -2.044506424, 40.960050458 -2.045528193, 40.961389443 -2.045291464, 40.957864596 -2.050232714, 40.959127294 -2.064074264, 40.960748574 -2.068448605, 40.96273607 -2.067803979, 40.961263569 -2.069415303, 40.961141498 -2.072191432, 40.958471159 -2.074509365, 40.956750695 -2.071808093, 40.953511953 -2.071531793, 40.953889613 -2.066612477, 40.952668886 -2.067174617, 40.949384372 -2.073914809, 40.95044488 -2.077530333, 40.952985519 -2.07844935, 40.947408323 -2.08021039, 40.94276956 -2.078461991, 40.943852954 -2.07667044, 40.941995158 -2.074014463, 40.939649073 -2.073185321, 40.936818508 -2.065711109, 40.938493191 -2.061748716, 40.940892682 -2.060489027, 40.941400047 -2.062432436, 40.942807698 -2.062656767, 40.942342294 -2.059139939, 40.944043681 -2.055873665, 40.943696535 -2.05366778, 40.942143924 -2.055523461, 40.935559623 -2.047954131, 40.935326921 -2.045495069, 40.930043459 -2.040347372, 40.924512038 -2.037505925, 40.924561628 -2.033798618, 40.923466789 -2.03513817, 40.919297243 -2.033551642, 40.922947976 -2.027371444, 40.926209607 -2.028868573, 40.927418888 -2.025476426, 40.930936109 -2.028980617, 40.931599879 -2.028373897, 40.931630396 -2.026493185, 40.926575821 -2.021426543, 40.9344724 -2.022918187, 40.933759037 -2.022213725, 40.936250081 -2.019398735, 40.935670234 -2.016478853, 40.937177068 -2.014777176, 40.936990143 -2.011838699, 40.92518724 -2.0139776, 40.923775772 -2.011112788, 40.921338133 -2.011124709, 40.920350106 -2.009706488, 40.922223155 -2.001168428, 40.916172923 -1.994755559, 40.909802252 -1.992321652, 40.900013549 -1.994168636, 40.905415262 -1.986883348, 40.903408692 -1.986722908, 40.901703489 -1.988578589, 40.896832026 -1.988548077, 40.897991717 -1.990671595, 40.896923583 -1.994362096, 40.892643411 -1.997269585, 40.890064625 -1.997055625, 40.891025946 -1.99474866, 40.893429252 -1.994384269, 40.895191676 -1.992130704, 40.893135514 -1.99346227, 40.886719067 -1.992927073, 40.885071087 -1.995361343, 40.878513492 -1.990793546, 40.878673711 -1.988722594, 40.874538497 -1.986855592, 40.875957591 -1.984367326, 40.874691086 -1.983057575, 40.878212118 -1.978026091, 40.879959281 -1.972833809, 40.875381555 -1.973725177, 40.874908522 -1.971257056, 40.877308012 -1.969916073, 40.873264351 -1.96396176, 40.875560839 -1.954745103, 40.873432195 -1.953201247, 40.871841436 -1.955400219, 40.867492602 -1.966418799, 40.868888811 -1.970260204, 40.86522663 -1.970861085, 40.865924734 -1.972750259, 40.863986831 -1.974832179, 40.856071178 -1.973041585, 40.853767055 -1.97058467, 40.857303347 -1.96751531, 40.857734414 -1.963192462, 40.853465681 -1.957581917, 40.852969757 -1.951144252, 40.84963946 -1.949728177, 40.84871247 -1.947776066, 40.845847576 -1.947453756, 40.845481356 -1.943945629, 40.843123826 -1.942112598, 40.844237736 -1.936640677, 40.842738529 -1.934354572, 40.837153706 -1.939849381, 40.836943896 -1.943593283, 40.840945596 -1.951799492, 40.845492806 -1.955854618, 40.846091728 -1.960393214, 40.843585424 -1.963172087, 40.836711205 -1.963324307, 40.832690434 -1.961285183, 40.834693189 -1.960640915, 40.82820426 -1.958089, 40.827071274 -1.960170085, 40.821387263 -1.958186866, 40.819792689 -1.959409365, 40.815317961 -1.958229661, 40.818224816 -1.95579408, 40.814730484 -1.95576166, 40.81803026 -1.951942066, 40.816187724 -1.950225968, 40.813959898 -1.951159769, 40.811751147 -1.955837233, 40.805086739 -1.952426375, 40.804087266 -1.947652839, 40.801569517 -1.948306644, 40.800985856 -1.946408291, 40.797831039 -1.945796805, 40.795034812 -1.947653559, 40.78827122 -1.947009653, 40.787687559 -1.9448853, 40.788881582 -1.943147745, 40.786119686 -1.941269776, 40.783971972 -1.946055711, 40.780012238 -1.945155646, 40.778047629 -1.942119308, 40.775007255 -1.941335818, 40.776186017 -1.936722722, 40.77412604 -1.937204165, 40.769010435 -1.944362506, 40.787794377 -1.953457689, 40.79079279 -1.957514723, 40.790350278 -1.959766857, 40.793154135 -1.959745757, 40.794519823 -1.957781964, 40.795519296 -1.962320321, 40.803858391 -1.968595991, 40.809076999 -1.969485566, 40.814024761 -1.97302492, 40.817171947 -1.972714049, 40.818442267 -1.974376508, 40.814448202 -1.976876577, 40.816233517 -1.978701264, 40.820246657 -1.979311796, 40.821154572 -1.977755423, 40.823676137 -1.977680326, 40.824778607 -1.98060891, 40.826548661 -1.979675467, 40.824271243 -1.982164807, 40.827769389 -1.982251343, 40.83448339 -1.984857134, 40.840194102 -1.981432682, 40.846679215 -1.983631768, 40.856868476 -1.992201648, 40.854251544 -1.995785467, 40.860606954 -1.994702189, 40.864108915 -1.996009316, 40.872917228 -2.003640033, 40.873722146 -2.005727911, 40.87374885 -2.00740074, 40.870307927 -2.008851386, 40.864192846 -2.007203592, 40.863365043 -2.010342323, 40.860008045 -2.013013799, 40.855964386 -2.011499267, 40.848094511 -2.01218633, 40.838492732 -2.015470727, 40.834403295 -2.013865843, 40.829554724 -2.021313359, 40.83211825 -2.020198138, 40.83497933 -2.022193278, 40.837050751 -2.021476656, 40.838469847 -2.022984992, 40.846301572 -2.019259562, 40.855869021 -2.020035299, 40.85844018 -2.025087163, 40.863422271 -2.022016133, 40.865806501 -2.018559141, 40.865184692 -2.016498202, 40.868442507 -2.01499344, 40.873500895 -2.015276891, 40.875022989 -2.016703933, 40.874237147 -2.017608887, 40.878860651 -2.019041411, 40.879265018 -2.02087635, 40.882419834 -2.019751592, 40.881901024 -2.01750971, 40.88272883 -2.018195815, 40.88831747 -2.016209014, 40.889282608 -2.018631362, 40.889976895 -2.015583222, 40.893455965 -2.011501153, 40.89638571 -2.011524753, 40.902054462 -2.014203852, 40.902908971 -2.012810184, 40.903656667 -2.014075355, 40.902683903 -2.020261273, 40.903500265 -2.022095974, 40.900406491 -2.031847116, 40.901364007 -2.048049509, 40.900417945 -2.050266122, 40.892216183 -2.04527553, 40.891453226 -2.041080702, 40.887668972 -2.041202764, 40.886692389 -2.038771595, 40.888458627 -2.035432848, 40.887749079 -2.034981563, 40.88499863 -2.038375619, 40.883255278 -2.036641522, 40.881286857 -2.037430616, 40.878162558 -2.036611487, 40.882297772 -2.038433074, 40.882782249 -2.040819663, 40.884144123 -2.040772936, 40.883098877 -2.044363907, 40.879127699 -2.043880202, 40.875915662 -2.045439318, 40.876796875 -2.046396719, 40.875118376 -2.047574161, 40.871841486 -2.045941384, 40.875385411 -2.048866986, 40.875293857 -2.050657584, 40.87865467 -2.048492463, 40.879528254 -2.050399398, 40.882431295 -2.049573113, 40.884979565 -2.053684263, 40.888824855 -2.052847727, 40.890655946 -2.053957939, 40.89113661 -2.059400774, 40.894043467 -2.061205674, 40.893764991 -2.06456969, 40.891865235 -2.065123487, 40.884762125 -2.058142282, 40.880287397 -2.057587058, 40.880050884 -2.060960133, 40.878399088 -2.063132167, 40.876487888 -2.06326114, 40.873176668 -2.067894621, 40.87246712 -2.066430627, 40.870521586 -2.066559601, 40.870777177 -2.069054899, 40.868927014 -2.070558229, 40.850787774 -2.07331935, 40.857406405 -2.075698784, 40.869152088 -2.074943537, 40.868625652 -2.080251916, 40.870384262 -2.079490238, 40.872516717 -2.075102307, 40.879852521 -2.071078643, 40.884052582 -2.065648202, 40.885967598 -2.06704759, 40.885914193 -2.069669954, 40.884552319 -2.069798212, 40.88515124 -2.071976681, 40.881714132 -2.075326395, 40.876594709 -2.077041423, 40.882423683 -2.080787109, 40.884071664 -2.080504846, 40.883655853 -2.07810896, 40.890613994 -2.073805657, 40.89203309 -2.07377681, 40.891842352 -2.075341408, 40.89522987 -2.077073358, 40.895615161 -2.074052871, 40.898117651 -2.074013535, 40.899964001 -2.075033156, 40.900257742 -2.080114582, 40.895596095 -2.087932566, 40.897755255 -2.087423588, 40.903553705 -2.080381822, 40.906697079 -2.083515545, 40.909306387 -2.090872704, 40.912674832 -2.093328188, 40.912671029 -2.114495669, 40.910817057 -2.126614566, 40.911621979 -2.134606815, 40.913414924 -2.138827151, 40.912442157 -2.139153993, 40.91218657 -2.142807184, 40.913365338 -2.149569306, 40.915184984 -2.148879861, 40.917729438 -2.151155356, 40.916501085 -2.156193156, 40.917702738 -2.156327372, 40.915970833 -2.159494235, 40.917691297 -2.161915391, 40.919209575 -2.160584183, 40.919537647 -2.163387012, 40.915955587 -2.181755956, 40.916199737 -2.189161272, 40.9169131 -2.190453382, 40.918007939 -2.189538653, 40.918954006 -2.194420063, 40.918797604 -2.201762442, 40.919797075 -2.202602075, 40.920762218 -2.211570558, 40.919800895 -2.211246339, 40.919976377 -2.21423917, 40.923363898 -2.220274657, 40.927972145 -2.224147647, 40.924107782 -2.225916076, 40.908509174 -2.218449501, 40.906639935 -2.216164232, 40.904240443 -2.216221687, 40.903111269 -2.213564757, 40.900742295 -2.212229498, 40.90396196 -2.208500018, 40.903694925 -2.206438603, 40.899990778 -2.201642064, 40.897137332 -2.206392834, 40.892052239 -2.20264691, 40.889977005 -2.206573782, 40.88763092 -2.206947589, 40.885689199 -2.202284313, 40.886318635 -2.201189357, 40.889290343 -2.20107707, 40.889870183 -2.193200443, 40.886902288 -2.189551068, 40.885952411 -2.190845325, 40.883720769 -2.190414305, 40.883301145 -2.191734784, 40.885181829 -2.193667465, 40.881393764 -2.19994779, 40.878101616 -2.201244908, 40.875469423 -2.20065154, 40.869537455 -2.204248711, 40.872875382 -2.207454668, 40.879051498 -2.206072202, 40.879982303 -2.208593961, 40.8787158 -2.209933752, 40.879898381 -2.212708211, 40.879375758 -2.214915288, 40.883865747 -2.217206278, 40.877823147 -2.216789087, 40.8756678 -2.214956056, 40.867534706 -2.214523371, 40.863945006 -2.215495555, 40.862625094 -2.214186043, 40.860557488 -2.214993494, 40.863273608 -2.217856398, 40.870929857 -2.220450864, 40.870903155 -2.222955698, 40.87389775 -2.221703876, 40.880527826 -2.225529423, 40.874626374 -2.226242233, 40.875385515 -2.228149167, 40.878395371 -2.229664415, 40.87708309 -2.230570323, 40.868312927 -2.227118344, 40.867450791 -2.231107198, 40.862667069 -2.23533612, 40.860595648 -2.23570945, 40.862895956 -2.236330472, 40.873977868 -2.23420945, 40.877701086 -2.235922566, 40.866012626 -2.238469604, 40.863117214 -2.237695532, 40.859233779 -2.242104204, 40.855228268 -2.241512506, 40.851562273 -2.24403999, 40.848941524 -2.24313909, 40.849086485 -2.241438845, 40.85151268 -2.241354451, 40.856616842 -2.236772464, 40.851329568 -2.237158908, 40.842723444 -2.240054479, 40.834746759 -2.24558934, 40.828368461 -2.247595929, 40.829013156 -2.24542485, 40.831851347 -2.245358097, 40.834327131 -2.241023567, 40.841228051 -2.237090256, 40.841888006 -2.235163534, 40.837146243 -2.232447721, 40.833979982 -2.23275001, 40.830245319 -2.230620653, 40.825820185 -2.232895914, 40.822398333 -2.231805967, 40.816748656 -2.232699242, 40.809565444 -2.238640092, 40.802431823 -2.242311167, 40.801882492 -2.236081385, 40.79797998 -2.235860156, 40.79431017 -2.238007874, 40.791143913 -2.243600185, 40.791430021 -2.244657713, 40.796057338 -2.242346215, 40.797617581 -2.243058544, 40.798926049 -2.244946883, 40.798220317 -2.24691008, 40.800554958 -2.248118988, 40.801756611 -2.247267435, 40.800856326 -2.250116991, 40.798613241 -2.250291499, 40.797026297 -2.253006361, 40.795149429 -2.253289101, 40.795317281 -2.255513342, 40.79358156 -2.255859018, 40.791712323 -2.259252357, 40.790533557 -2.256966134, 40.789888862 -2.259417329, 40.787252855 -2.260270791, 40.785662098 -2.263844597, 40.783396124 -2.265330286, 40.780920336 -2.263570205, 40.780844034 -2.253912517, 40.777010187 -2.252479517, 40.777487036 -2.255273049, 40.77582761 -2.25623355, 40.772874975 -2.254247708, 40.773706593 -2.25006909, 40.771791576 -2.247494169, 40.772733823 -2.243939197, 40.776895738 -2.242966536, 40.776655407 -2.242062535, 40.770456403 -2.243345113, 40.768079804 -2.250211416, 40.763902629 -2.250207604, 40.766328827 -2.254310172, 40.764284111 -2.257965986, 40.758893838 -2.257502308, 40.757001709 -2.255099032, 40.753080123 -2.254416505, 40.75350356 -2.250211187, 40.750886627 -2.251607001, 40.749734562 -2.244364987, 40.75057381 -2.241886138, 40.749272972 -2.240422621, 40.749726929 -2.238767195, 40.747911097 -2.238055105, 40.749780333 -2.234761177, 40.747792836 -2.233624264, 40.747411356 -2.22888613, 40.746099074 -2.228200502, 40.746980287 -2.229935553, 40.745999898 -2.242162919, 40.747491478 -2.248518336, 40.746041865 -2.249713658, 40.739011238 -2.245327163, 40.739507155 -2.241112548, 40.736752892 -2.24418143, 40.735986121 -2.241252489, 40.733373002 -2.242177946, 40.731362616 -2.239793027, 40.729668854 -2.235056324, 40.730454696 -2.232460184, 40.732106492 -2.232114507, 40.731900493 -2.230559446, 40.728780007 -2.225788415, 40.728661746 -2.221339217, 40.726876435 -2.224434084, 40.729081377 -2.230372783, 40.727147288 -2.232066116, 40.722668743 -2.227314873, 40.721192422 -2.221393338, 40.718270307 -2.221948327, 40.71668336 -2.219381988, 40.712780847 -2.217406159, 40.71144186 -2.214667458, 40.70680691 -2.211534928, 40.707146424 -2.209083972, 40.703690239 -2.20796637, 40.705361108 -2.204953273, 40.698158821 -2.209781526, 40.703495687 -2.209305206, 40.710076173 -2.216658548, 40.711735602 -2.22117831, 40.71326151 -2.220317459, 40.716275182 -2.222647069, 40.724469319 -2.234402405, 40.728459578 -2.245755807, 40.727212153 -2.254945046, 40.722481835 -2.253142055, 40.717465414 -2.261883588, 40.709809166 -2.261440652, 40.708454923 -2.263449621, 40.703194349 -2.256962851, 40.701405221 -2.257408177, 40.701862995 -2.260093477, 40.705418365 -2.263055315, 40.706066877 -2.265270258, 40.709694727 -2.267436328, 40.712052256 -2.267234643, 40.712510027 -2.264819446, 40.717759154 -2.265889367, 40.721310707 -2.265098365, 40.724526563 -2.270818691, 40.726205063 -2.271205608, 40.731969181 -2.266686318, 40.734094008 -2.263717563, 40.733243312 -2.262307924, 40.736100575 -2.259862926, 40.736146354 -2.262693171, 40.739224878 -2.2665962, 40.740083204 -2.270420321, 40.741860888 -2.271530295, 40.743691977 -2.267947191, 40.745889289 -2.272547292, 40.750371647 -2.274757465, 40.751332972 -2.277966522, 40.753560799 -2.278877196, 40.751062123 -2.278717472, 40.745137779 -2.274112605, 40.742814584 -2.276177361, 40.744855491 -2.281229939, 40.741544266 -2.277978448, 40.740437984 -2.280801066, 40.741155164 -2.284688838, 40.739530072 -2.286589815, 40.742383524 -2.290366255, 40.74337155 -2.290564123, 40.744008616 -2.288600926, 40.746110557 -2.291202786, 40.747918758 -2.290268985, 40.749944403 -2.29104425, 40.752794043 -2.299721887, 40.755487275 -2.303471389, 40.755674196 -2.299637016, 40.75686059 -2.299318994, 40.758668795 -2.303847338, 40.756399006 -2.304329378, 40.759069348 -2.306822052, 40.759870453 -2.311107231, 40.757814288 -2.307592074, 40.756116717 -2.310940118, 40.754728139 -2.309838726, 40.753331929 -2.303944369, 40.749433228 -2.298261233, 40.747869173 -2.300424445, 40.745389569 -2.297398001, 40.741342095 -2.29662536, 40.738919713 -2.293562679, 40.736730033 -2.293429655, 40.733380662 -2.290458758, 40.732137046 -2.291056896, 40.730832392 -2.288074316, 40.729264523 -2.290952003, 40.727578393 -2.290357205, 40.727715723 -2.287625894, 40.728898302 -2.287208699, 40.727494465 -2.285618594, 40.728314639 -2.281765388, 40.730267802 -2.281111941, 40.73113757 -2.282069342, 40.731744118 -2.279717558, 40.726700987 -2.27586221, 40.725030119 -2.279445313, 40.723652986 -2.279347572, 40.722603925 -2.28271278, 40.718163529 -2.279534955, 40.716340069 -2.281499345, 40.716618545 -2.278062856, 40.713551466 -2.274096414, 40.710636982 -2.277057064, 40.707939936 -2.274555331, 40.708748671 -2.280233463, 40.710427171 -2.280683555, 40.709816809 -2.282610516, 40.711701307 -2.283621078, 40.712963999 -2.28756249, 40.716523183 -2.290307148, 40.710297473 -2.286860175, 40.708489271 -2.287766798, 40.706768806 -2.283328568, 40.705208567 -2.286522608, 40.701920232 -2.284437593, 40.703133331 -2.286932175, 40.702244489 -2.287982075, 40.698753972 -2.286855891, 40.699860258 -2.289639887, 40.697338695 -2.291894644, 40.690601807 -2.291676515, 40.690876472 -2.293213697, 40.69492776 -2.294339165, 40.694679801 -2.296437533, 40.697201365 -2.295801489, 40.698135986 -2.297500542, 40.699898409 -2.295463679, 40.702213976 -2.296166233, 40.702938784 -2.298037408, 40.706669631 -2.297490285, 40.706044009 -2.29903748, 40.707299071 -2.301839355, 40.704163332 -2.30662684, 40.705921942 -2.307185402, 40.702007987 -2.308790768, 40.706044017 -2.311118947, 40.707680556 -2.313703405, 40.712933494 -2.309021767, 40.713887188 -2.309852579, 40.71355149 -2.312810128, 40.72848251 -2.315676601, 40.728970799 -2.31352364, 40.725793093 -2.311004743, 40.728116287 -2.307872924, 40.736321866 -2.313885521, 40.738255955 -2.313530547, 40.740933926 -2.315399099, 40.746831565 -2.316485946, 40.749829977 -2.318715906, 40.753915597 -2.317942068, 40.757509114 -2.320388254, 40.757589225 -2.321699436, 40.760061198 -2.321723512, 40.762163146 -2.336325069, 40.767461872 -2.34661808, 40.765333229 -2.347868711, 40.766111447 -2.354767433, 40.768808491 -2.354691621, 40.769109857 -2.352249724, 40.774553539 -2.355507172, 40.775373716 -2.357694461, 40.772878858 -2.362219232, 40.774736654 -2.365598742, 40.776388449 -2.363191173, 40.775968823 -2.360994348, 40.777803729 -2.362737265, 40.778913826 -2.360231, 40.777902914 -2.364572919, 40.77976834 -2.367002895, 40.781046288 -2.365943221, 40.780458811 -2.362815218, 40.782549306 -2.36275824, 40.783358039 -2.364999884, 40.78012693 -2.37028514, 40.77488925 -2.372552534, 40.77916561 -2.373577875, 40.780535112 -2.372825495, 40.778734542 -2.375269538, 40.778059326 -2.374293781, 40.773870707 -2.375121974, 40.772409647 -2.371280689, 40.771104996 -2.373832488, 40.76836599 -2.373736416, 40.768732209 -2.375635007, 40.771097368 -2.375975674, 40.769395981 -2.377361237, 40.769140393 -2.379767136, 40.770189454 -2.378372992, 40.771021075 -2.379357808, 40.771303367 -2.378254031, 40.774332297 -2.378548687, 40.776964488 -2.376971692, 40.780622855 -2.377346926, 40.777338339 -2.380796289, 40.77113552 -2.38290229, 40.769308247 -2.386585042, 40.771295745 -2.388716784, 40.770872306 -2.390073738, 40.761613858 -2.397265695, 40.760599131 -2.400033958, 40.768610148 -2.394010146, 40.774313236 -2.39855136, 40.774172084 -2.390584859, 40.772474508 -2.386192163, 40.777254416 -2.383889248, 40.779245728 -2.386318985, 40.78356786 -2.378428053, 40.784960252 -2.378751794, 40.786455641 -2.376670114, 40.78587961 -2.375296234, 40.788610986 -2.374632774, 40.787477997 -2.371984665, 40.788897091 -2.370083689, 40.78702785 -2.366297236, 40.789713449 -2.364259181, 40.792334197 -2.364056781, 40.791449168 -2.361354317, 40.788713976 -2.360598124, 40.791910753 -2.357854176, 40.78932815 -2.35393303, 40.790781578 -2.353325117, 40.789221335 -2.351609139, 40.790319988 -2.34970864, 40.794626868 -2.353464815, 40.797144618 -2.35384148, 40.796606734 -2.352178187, 40.797533724 -2.352520762, 40.798590414 -2.349779438, 40.796141327 -2.344203103, 40.800593171 -2.352127883, 40.803912025 -2.355460428, 40.810618396 -2.358544084, 40.817328581 -2.358842791, 40.821837645 -2.364515675, 40.825091651 -2.372875767, 40.82529766 -2.390173829, 40.823905269 -2.39258998, 40.821864368 -2.395585912, 40.814639192 -2.398932291, 40.780279559 -2.427769728, 40.772978091 -2.438006962, 40.771280522 -2.444076781, 40.771692523 -2.451916455, 40.770223837 -2.453989076, 40.753801242 -2.452591129, 40.737695277 -2.457612966, 40.66492469 -2.469380989, 40.443488553 -2.401592089, 40.250808204 -2.400516569, 40.250831 -2.252621687, 40.213343106 -2.039033969, 40.500122377 -1.905535448, 40.899036827 -1.71762199, 41.563352577 -1.661719074, 41.554879976 -1.673452607, 41.547975242 -1.678152482, 41.54536594 -1.682720283, 41.540051965 -1.684932607, 41.539437788 -1.687988377, 41.536923854 -1.6890943)), ((41.20590485 -2.007816081, 41.209990471 -2.009112242, 41.210886944 -2.012067407, 41.213656469 -2.013329239, 41.215479933 -2.019582621, 41.214091355 -2.017188881, 41.207327765 -2.016709946, 41.204512462 -2.014851407, 41.201750565 -2.010344042, 41.203783839 -2.01236636, 41.205092305 -2.009697508, 41.202349482 -2.006166378, 41.20590485 -2.007816081)), ((41.201384346 -2.008274282, 41.201849749 -2.009494158, 41.201453013 -2.009684399, 41.200682427 -2.007389116, 41.201384346 -2.008274282)), ((41.166841579 -1.992029236, 41.172952844 -1.993295834, 41.172014412 -1.995340324, 41.166967468 -1.994443002, 41.169496662 -1.995750487, 41.169908659 -1.997476718, 41.167100987 -1.997724532, 41.164957083 -1.993369741, 41.166841579 -1.992029236)), ((41.164728191 -1.983416203, 41.163553244 -1.988426348, 41.15903274 -1.988739723, 41.156488285 -1.984674703, 41.154084979 -1.985147922, 41.154783083 -1.987506619, 41.153302953 -1.988665823, 41.147687609 -1.98852851, 41.144586198 -1.987167386, 41.14702765 -1.983638279, 41.148988444 -1.985525307, 41.150876756 -1.985052684, 41.152230998 -1.981308067, 41.155992361 -1.978003172, 41.163908013 -1.980144566, 41.164728191 -1.983416203)), ((41.178823778 -1.993911848, 41.176077143 -1.994674957, 41.175493482 -1.99289473, 41.178327854 -1.98741232, 41.183149727 -1.989168824, 41.181681041 -1.992398265, 41.178823778 -1.993911848)), ((41.189901866 -1.977389043, 41.190611416 -1.981185153, 41.189085509 -1.985336832, 41.186392281 -1.985231939, 41.184439117 -1.983869384, 41.186438056 -1.982591934, 41.185450029 -1.980179479, 41.183321386 -1.979043163, 41.187326896 -1.977808265, 41.188345439 -1.975899423, 41.186964491 -1.974816387, 41.188559064 -1.972970004, 41.187754147 -1.972627547, 41.19039397 -1.973528089, 41.189901866 -1.977389043)), ((41.16620831 -1.960794381, 41.165491136 -1.96626499, 41.169370757 -1.963131859, 41.17349071 -1.962529786, 41.176649342 -1.963610556, 41.177305485 -1.968663374, 41.17563843 -1.967580696, 41.171922842 -1.968643351, 41.168844323 -1.971368585, 41.158597847 -1.972756178, 41.147367159 -1.972481432, 41.145986211 -1.971109102, 41.146890311 -1.96885673, 41.150209162 -1.96802973, 41.149949754 -1.962795373, 41.155057735 -1.964895288, 41.154756366 -1.9622467, 41.157953144 -1.959873936, 41.160886704 -1.961868123, 41.161382623 -1.958811639, 41.163160307 -1.959261373, 41.16437722 -1.961556179, 41.167162002 -1.95773742, 41.16620831 -1.960794381)), ((41.307320534 -1.971507017, 41.300171656 -1.980249385, 41.293045666 -1.985900225, 41.288769312 -1.994195836, 41.279423128 -2.005743896, 41.267940671 -2.016264587, 41.260238653 -2.026770971, 41.257362319 -2.032841029, 41.254836939 -2.031976604, 41.25101454 -2.034775384, 41.259967803 -2.023733798, 41.262668657 -2.015955628, 41.268798991 -2.010052922, 41.269439871 -2.006887968, 41.270519453 -2.008766771, 41.272064433 -2.004687565, 41.27344538 -2.004794127, 41.275009434 -1.999684332, 41.278412209 -1.99823309, 41.283398113 -1.993100526, 41.286289707 -1.987292823, 41.302994581 -1.969144509, 41.306771205 -1.968840908, 41.307320534 -1.971507017)), ((41.189402116 -1.949951491, 41.188517092 -1.955358925, 41.187208626 -1.956807185, 41.185755196 -1.953247089, 41.183283224 -1.951713365, 41.183737181 -1.950501356, 41.186377003 -1.951402017, 41.186308336 -1.949512604, 41.188185203 -1.94724998, 41.189402116 -1.949951491)), ((41.269043105 -1.951753012, 41.264343306 -1.951894979, 41.263813052 -1.949364399, 41.268684515 -1.949620077, 41.269043105 -1.951753012)), ((41.210730496 -1.93249357, 41.209887432 -1.935260998, 41.207877047 -1.934703151, 41.207236165 -1.932633749, 41.209914133 -1.930451464, 41.211348487 -1.930422498, 41.210730496 -1.93249357)), ((41.210741935 -1.924094973, 41.209025288 -1.924684768, 41.207682486 -1.920265728, 41.209216023 -1.917551581, 41.211386628 -1.916789425, 41.212962131 -1.921497402, 41.210741935 -1.924094973)), ((41.377229997 -1.896353972, 41.374311697 -1.897180614, 41.377592396 -1.889564911, 41.380110145 -1.889317335, 41.381609351 -1.890806836, 41.378755903 -1.892889829, 41.377229997 -1.896353972)), ((41.351033975 -1.924132446, 41.348924408 -1.925988484, 41.353002394 -1.917277705, 41.357961595 -1.91304938, 41.358007371 -1.911205262, 41.361375813 -1.909456025, 41.363344237 -1.912490575, 41.3588924 -1.915452537, 41.351033975 -1.924132446)), ((41.229987453 -1.913908391, 41.226897488 -1.914563388, 41.228591245 -1.91017653, 41.231047957 -1.908437663, 41.23608727 -1.908232162, 41.236613709 -1.91001239, 41.23535865 -1.911343001, 41.229987453 -1.913908391)), ((41.348821405 -1.917880017, 41.348661185 -1.919832843, 41.343904165 -1.91928799, 41.341516119 -1.92235568, 41.338704633 -1.922088439, 41.342691066 -1.917400366, 41.348821405 -1.917880017)), ((41.226241351 -1.920142109, 41.225398287 -1.922511773, 41.222979721 -1.920797225, 41.223773193 -1.918897799, 41.227141635 -1.916976797, 41.226241351 -1.920142109)), ((41.345155414 -1.928027612, 41.345399561 -1.931019372, 41.33513783 -1.939250619, 41.327279406 -1.947812998, 41.326978037 -1.945399828, 41.330342664 -1.942330707, 41.330502883 -1.940197175, 41.339101374 -1.931344429, 41.339078483 -1.927547842, 41.343042031 -1.928844003, 41.341645823 -1.925401913, 41.345155414 -1.928027612)), ((41.235927062 -1.931131477, 41.234565189 -1.933266797, 41.231963513 -1.928858486, 41.232467061 -1.926896123, 41.235927062 -1.931131477)), ((41.214240081 -1.924940207, 41.215907137 -1.92619465, 41.215231924 -1.928039721, 41.213442795 -1.926035044, 41.211096711 -1.927186263, 41.212065662 -1.925069538, 41.214240081 -1.924940207)), ((41.242663946 -1.926602413, 41.240836671 -1.927535975, 41.242015433 -1.923674186, 41.243384936 -1.92274122, 41.2455708 -1.923823182, 41.242663946 -1.926602413)), ((41.38921219 -1.888229168, 41.387506988 -1.890075551, 41.386007782 -1.888703579, 41.393297806 -1.881181921, 41.405001516 -1.863385602, 41.416964633 -1.852097273, 41.419249681 -1.850521351, 41.422515125 -1.85039035, 41.425647051 -1.84726759, 41.429705967 -1.845969399, 41.433795399 -1.839790154, 41.435798153 -1.839317294, 41.434302762 -1.83794544, 41.43767502 -1.836657262, 41.438945339 -1.838436178, 41.438556234 -1.840569948, 41.432818822 -1.849002161, 41.427325552 -1.850356615, 41.394560496 -1.881406133, 41.392637853 -1.885847107, 41.38921219 -1.888229168)), ((41.454269268 -1.823030975, 41.452098664 -1.82402819, 41.454936852 -1.819812143, 41.456107984 -1.814332951, 41.458068777 -1.816111032, 41.454269268 -1.823030975)), ((41.5066079 -1.75850459, 41.506001353 -1.762816829, 41.500580565 -1.766475744, 41.49420227 -1.773308555, 41.491947739 -1.769524366, 41.494297638 -1.769512206, 41.497345636 -1.761264871, 41.510991069 -1.75318405, 41.511548025 -1.750878515, 41.513730074 -1.751210005, 41.51100633 -1.75628428, 41.5066079 -1.75850459)), ((41.511548025 -1.750354281, 41.510121301 -1.751802303, 41.507794287 -1.745026593, 41.509976337 -1.745936552, 41.511548025 -1.750354281)), ((41.25605 -1.964490077, 41.255779152 -1.966678201, 41.250552914 -1.964696413, 41.248958338 -1.962122087, 41.251220497 -1.961070399, 41.252883738 -1.961746133, 41.2537001 -1.964104591, 41.25605 -1.964490077)), ((41.244292872 -1.962028995, 41.245620414 -1.963744855, 41.241149501 -1.962973406, 41.239772367 -1.961004488, 41.244292872 -1.962028995)), ((41.24513975 -1.959261567, 41.245837854 -1.961330731, 41.241469939 -1.958715044, 41.243014922 -1.958812309, 41.24513975 -1.959261567)), ((41.281380078 -1.955641493, 41.279842726 -1.957261757, 41.277801826 -1.961305443, 41.276588727 -1.959354405, 41.277374569 -1.956243566, 41.276806168 -1.95704899, 41.275192519 -1.955568547, 41.276203431 -1.951815587, 41.278026891 -1.9500232, 41.280262348 -1.95058963, 41.281380078 -1.955641493)), ((41.239402333 -1.957922257, 41.237987054 -1.960916521, 41.236361959 -1.957302547, 41.239337481 -1.956710964, 41.239402333 -1.957922257)))",Lamu,Lamu,1370684426,-332.4908,6459.011599999996,266315162783,0.0,13.0,0.0,0.0,13.0,55.37190082644628,57.509827543747264,6.916666666666667,8.525749573914391,6.083333333333333,0.8795180722891566,0.7135247500050976,0,0,0,0,,,0.0,0.0,0.0,0.0,,0,0,0,0,,,0.0,0.0,0.0,0.0,,0,0,0,0,,,0.0,0.0,0.0,0.0,,0,0,0,0,55.37190082644628,57.509827543747264,6.916666666666667,8.525749573914391,6.083333333333333,0.8795180722891566,0.7135247500050976,0,0,0,0,,,,,,,,,,,,,,,,,,,,
87,24749629,2022-02-01,Kenya,Kenya_2022-02,54986000,1157873,57894.0,0.05,1.0,0.85,0.1,0.05,0.0,0.0,0.55,0.3,0.1,0.05,0.0,,,,,,Narok,"POLYGON ((35.815185652 -0.474972195, 35.815120801 -0.476552978, 35.827797305 -0.473731395, 35.831207714 -0.467165696, 35.836773474 -0.467032699, 35.839657446 -0.473818141, 35.832684036 -0.494799575, 35.854859336 -0.504738087, 35.853665311 -0.506589361, 35.890672464 -0.526030236, 35.906473273 -0.547313269, 35.913912088 -0.549828597, 35.933516227 -0.550823486, 35.936255237 -0.55616418, 35.939017136 -0.557060017, 35.945376368 -0.5553919510000001, 35.947638531 -0.558293126, 35.948267971 -0.565159622, 35.952185747 -0.569200097, 35.982597157 -0.631447104, 35.950934515 -0.666256324, 35.916487075 -0.635798758, 35.87605807 -0.64004736, 35.878312605 -0.650573135, 35.893487787 -0.649489438, 35.930346169 -0.6958306359999999, 35.931578343 -0.700944853, 35.930746722 -0.705488525, 35.945929535 -0.713701784, 36.012558419 -0.663809583, 36.029431179 -0.67963117, 36.056916643 -0.660863642, 36.09774238 -0.640159968, 36.099844328 -0.67725255, 36.143470121 -0.715916519, 36.142798719 -0.7134582860000001, 36.144072855 -0.711751302, 36.14781515 -0.711563862, 36.151427745 -0.716355228, 36.154750415 -0.71699884, 36.153136765 -0.718208647, 36.154719899 -0.726197576, 36.160064402 -0.734378652, 36.159953775 -0.741544216, 36.16210531 -0.745250398, 36.166179492 -0.747466896, 36.169132129 -0.747523038, 36.170516893 -0.751563155, 36.173881527 -0.754836408, 36.184551458 -0.759117543, 36.18735532 -0.76535449, 36.193725997 -0.765955071, 36.184517129 -0.7791148959999999, 36.191730872 -0.7847042360000001, 36.188927015 -0.80507933, 36.175212896 -0.819292871, 36.167552827 -0.829570593, 36.160243715 -0.832583399, 36.159400651 -0.83778761, 36.169715813 -0.869286313, 36.181633181 -0.893955293, 36.184337858 -0.895547786, 36.189655659 -0.906802098, 36.186584766 -0.9149324559999999, 36.195862303 -0.916051192, 36.206539866 -0.93404219, 36.25072642 -0.918777847, 36.265161534 -0.9152012899999999, 36.272714795 -0.930994684, 36.3099394 -0.998152288, 36.311198278 -1.002672, 36.336402517 -1.047446197, 36.348853982 -1.174822974, 36.230195396 -1.302729619, 36.201977503 -1.3313076, 36.051488432 -1.491669274, 36.059968685 -1.503571127, 36.059556692 -1.51055485, 36.068170464 -1.527092214, 36.072462093 -1.542078688, 36.083772914 -1.562613969, 36.085497199 -1.578329104, 36.079961961 -1.587239197, 36.079454599 -1.595551149, 36.075796229 -1.597036722, 36.073682842 -1.596446452, 36.070737836 -1.598682975, 36.068674043 -1.60246586, 36.067514353 -1.609114159, 36.062875586 -1.612938408, 36.063226547 -1.61731204, 36.061940969 -1.619523769, 36.055940325 -1.620536006, 36.057386127 -1.625245539, 36.056550693 -1.630566085, 36.055463483 -1.634332163, 36.051927187 -1.639287248, 36.052106485 -1.64741921, 36.047940751 -1.652210754, 36.053094519 -1.663548559, 36.052869449 -1.667704416, 36.058412322 -1.674426019, 36.055787759 -1.682770513, 36.057760001 -1.688221819, 36.061235263 -1.690711755, 36.064393902 -1.698848365, 36.064077276 -1.700700114, 36.059030328 -1.703890941, 36.0565698 -1.711892382, 36.054109269 -1.71198798, 36.048791469 -1.708889655, 36.046552197 -1.712391828, 36.042016427 -1.711653037, 36.039460527 -1.713130743, 36.039716118 -1.715028502, 36.04801326 -1.721763573, 36.049420917 -1.73172261, 36.048337522 -1.73594939, 36.04657891 -1.73690429, 36.042035511 -1.735704559, 36.041901996 -1.742281933, 36.036294276 -1.746347797, 36.036626164 -1.753206004, 36.033631566 -1.756128634, 36.033807047 -1.75999591, 36.031274037 -1.763208312, 36.033021207 -1.76865926, 36.031911108 -1.771151105, 36.02210332 -1.777992866, 36.023636861 -1.780850412, 36.029973207 -1.783182647, 36.029954134 -1.785775692, 36.028248931 -1.790416926, 36.02316002 -1.794989383, 36.025796033 -1.798932946, 36.021706593 -1.801067436, 36.01999376 -1.805365258, 36.016484167 -1.808241639, 36.016510871 -1.809976336, 36.018288557 -1.810123903, 36.023827612 -1.808822967, 36.028515974 -1.812038107, 36.030568329 -1.822738915, 36.029202641 -1.82731745, 36.032017946 -1.827728683, 36.03790033 -1.822796246, 36.039758127 -1.824497923, 36.041528187 -1.831566395, 36.043687352 -1.834190072, 36.042012666 -1.837042374, 36.048711417 -1.844552712, 36.047486877 -1.850794067, 36.049565934 -1.859471241, 36.047311404 -1.86556622, 36.047387703 -1.874673821, 36.045342985 -1.879549279, 36.039727634 -1.879404217, 36.03963608 -1.881084559, 36.037877468 -1.882201927, 36.037339589 -1.892193742, 36.02953074 -1.89092452, 36.026356847 -1.893168791, 36.03357441 -1.904646651, 36.037873665 -1.908503079, 36.043454685 -1.910265545, 36.043321169 -1.912686706, 36.03614939 -1.915800413, 36.034310669 -1.919348, 36.03490959 -1.921011415, 36.038434444 -1.922978188, 36.03746168 -1.930837066, 36.041547308 -1.93561466, 36.043725549 -1.943307373, 36.04230264 -1.947831553, 36.038812121 -1.952035686, 36.04208139 -1.963579345, 36.037160334 -1.975478815, 36.040795817 -1.977156771, 36.037232822 -1.991570376, 36.032594059 -2.002602676, 36.036572874 -2.007768976, 36.032357548 -2.013968493, 36.029610909 -2.013665253, 36.028271926 -2.021559294, 36.026856646 -2.024872536, 36.025643546 -2.02368675, 36.022019512 -2.032163911, 36.022969393 -2.035346034, 36.021817333 -2.039617394, 36.024060423 -2.042295783, 36.027093171 -2.043277262, 36.027299189 -2.084513269, 36.000858971 -2.084209803, 36.000794131 -2.107058725, 35.371741032 -1.750485343, 35.248451211 -1.681928348, 35.01359819 -1.545982003, 34.890357954 -1.477173121, 34.730381397 -1.385314216, 34.722061356 -1.353650185, 34.718994272 -1.34446951, 34.716083595 -1.339818144, 34.712959286 -1.323419994, 34.707095966 -1.303417518, 34.705566236 -1.289395114, 34.697501788 -1.262984163, 34.696212389 -1.249693162, 34.687316315 -1.209063605, 34.680213199 -1.211740569, 34.673461041 -1.209366135, 34.671996165 -1.206404884, 34.671912238 -1.196878174, 34.669325818 -1.196251548, 34.664423827 -1.192130138, 34.661589446 -1.187191025, 34.658617734 -1.187502135, 34.653399117 -1.185139381, 34.653837814 -1.177508167, 34.655268356 -1.177158557, 34.655169171 -1.175516596, 34.649736926 -1.172440916, 34.646982655 -1.16793509, 34.64397661 -1.168246199, 34.643999498 -1.165621088, 34.638227738 -1.161047439, 34.636888751 -1.162163973, 34.632166055 -1.161020025, 34.631422173 -1.158375723, 34.627466247 -1.155266428, 34.626146333 -1.151439677, 34.631601462 -1.138827866, 34.633749182 -1.136584905, 34.632021087 -1.134363162, 34.630472283 -1.121912033, 34.62292665 -1.112636476, 34.623258534 -1.105862299, 34.620424151 -1.094961109, 34.616243153 -1.090363381, 34.615140681 -1.087249675, 34.616143966 -1.080882561, 34.618932568 -1.07465336, 34.601483768 -1.056217271, 34.593941948 -1.041620568, 34.591626372 -1.016297178, 34.643381455 -0.966995839, 34.656172405 -0.9638368940000001, 34.669051097 -0.970628352, 34.673850088 -0.9706164900000001, 34.675692625 -0.969355905, 34.680701429 -0.970941067, 34.684977795 -0.970540618, 35.013483558 -0.88881606, 35.083244401 -0.905489966, 35.234462213 -1.030521469, 35.241439442 -1.036002219, 35.243007315 -1.03453095, 35.244498894 -1.036229887, 35.248775259 -1.033463406, 35.247958896 -1.032225648, 35.248790517 -1.030321807, 35.251380751 -1.030053967, 35.250976384 -1.027435532, 35.253475063 -1.02901825, 35.257781947 -1.027967156, 35.260581992 -1.021343885, 35.264545545 -1.020003376, 35.264873617 -1.021710062, 35.266586452 -1.021206447, 35.268451878 -1.022996214, 35.270996335 -1.022972135, 35.270050269 -1.019612523, 35.272030139 -1.020887828, 35.271602884 -1.02013795, 35.28031202 -1.016437546, 35.281227565 -1.01175304, 35.284508274 -1.013851412, 35.286572068 -1.010946661, 35.289127969 -1.011906566, 35.289997738 -1.00905462, 35.295059948 -1.008103414, 35.299523236 -1.002727675, 35.300133601 -1.004181898, 35.302353801 -1.003705937, 35.302754353 -1.004988395, 35.306885756 -1.002555491, 35.307942449 -1.000100953, 35.309407324 -1.001095725, 35.312619366 -1.000666013, 35.313286952 -0.99947498, 35.311139232 -0.997513389, 35.311173564 -0.995671651, 35.315404153 -0.995486773, 35.314023202 -0.992451679, 35.315129487 -0.990538899, 35.317208541 -0.990784984, 35.319558444 -0.988810339, 35.319459259 -0.987374711, 35.321961753 -0.988740786, 35.324902946 -0.985493815, 35.32792425 -0.986264553, 35.329358606 -0.983611728, 35.332276911 -0.984752577, 35.33176573 -0.982549012, 35.32901146 -0.9810201710000001, 35.331204957 -0.979866924, 35.33328401 -0.976032007, 35.338842141 -0.979523154, 35.340070499 -0.978224365, 35.33876966 -0.9760650829999999, 35.339780575 -0.9744410019999999, 35.342199144 -0.97461521, 35.345662962 -0.97145889, 35.348638488 -0.973114438, 35.346921839 -0.975649674, 35.350706099 -0.979003505, 35.350706098 -0.975039793, 35.349363296 -0.972835335, 35.352411303 -0.971150223, 35.350790022 -0.9701101559999999, 35.352781335 -0.966762582, 35.355928526 -0.966332632, 35.355253311 -0.967713309, 35.35321622 -0.967747222, 35.358640834 -0.970624258, 35.358682797 -0.97213218, 35.360765665 -0.972125385, 35.362261058 -0.969815614, 35.365091623 -0.971687627, 35.365366288 -0.976590683, 35.366228427 -0.973603029, 35.368097668 -0.972675068, 35.367441526 -0.974173156, 35.369612134 -0.973426138, 35.369261174 -0.968522963, 35.37215659 -0.970647916, 35.375635667 -0.967148363, 35.377535424 -0.961073823, 35.378855337 -0.962059416, 35.38035073 -0.960471869, 35.382845594 -0.960907897, 35.383463588 -0.958542937, 35.385294681 -0.959980531, 35.387701805 -0.958059824, 35.392359649 -0.958353707, 35.394827809 -0.9562344739999999, 35.397589708 -0.957844608, 35.402716768 -0.952676156, 35.402720582 -0.949461727, 35.404265567 -0.949056988, 35.404406714 -0.950176799, 35.412845 -0.946772485, 35.421054401 -0.945914193, 35.421069659 -0.941182724, 35.424026111 -0.940951001, 35.421607541 -0.936144735, 35.424838658 -0.936202247, 35.426002164 -0.93300695, 35.424792879 -0.9290417479999999, 35.425620685 -0.924311053, 35.422534529 -0.922050572, 35.424842469 -0.91867582, 35.427684478 -0.918895383, 35.428504655 -0.917893936, 35.424934022 -0.9113709719999999, 35.425964011 -0.909909239, 35.425067538 -0.907154321, 35.423820106 -0.90638555, 35.427039778 -0.904736317, 35.429099757 -0.905569098, 35.431083441 -0.902898273, 35.429538456 -0.900856044, 35.430579889 -0.895376066, 35.431873098 -0.895151615, 35.431915061 -0.897878581, 35.434455703 -0.897438619, 35.435695506 -0.898442152, 35.437499895 -0.895834324, 35.440605124 -0.895259428, 35.441150636 -0.8921627680000001, 35.439319543 -0.890680116, 35.438827436 -0.888015908, 35.442489622 -0.888163892, 35.442836767 -0.890177872, 35.443439501 -0.886214399, 35.445713109 -0.8863881300000001, 35.446147993 -0.883128823, 35.44978729 -0.882753048, 35.449058668 -0.884675722, 35.45081728 -0.8849392699999999, 35.453640215 -0.881826636, 35.453415143 -0.884029724, 35.456116006 -0.884790867, 35.454689279 -0.883552393, 35.456199931 -0.883192652, 35.456833183 -0.881089273, 35.45560101 -0.880437912, 35.455299642 -0.877954409, 35.457340548 -0.876972093, 35.458103503 -0.874164548, 35.459469193 -0.875610606, 35.460255037 -0.873426112, 35.462463793 -0.87327467, 35.46104851 -0.871575732, 35.461010362 -0.869516874, 35.462719382 -0.868678669, 35.461586392 -0.864343237, 35.465172283 -0.864346574, 35.466721082 -0.86299355, 35.468525472 -0.8640969120000001, 35.468159253 -0.862507279, 35.469898792 -0.862156716, 35.469807237 -0.860756966, 35.473015464 -0.860805122, 35.471584922 -0.857092443, 35.475086887 -0.8549826270000001, 35.476780649 -0.85607681, 35.477631343 -0.851797341, 35.479458621 -0.851591306, 35.479683693 -0.848566463, 35.477341419 -0.846442224, 35.480156724 -0.842796653, 35.479439545 -0.840592612, 35.482216703 -0.839321894, 35.482128963 -0.837723441, 35.484475051 -0.837382413, 35.485741556 -0.835324687, 35.484856528 -0.834312512, 35.487553575 -0.834360072, 35.487507797 -0.831443282, 35.490128549 -0.83177072, 35.491250093 -0.829315526, 35.494584209 -0.829444916, 35.494950427 -0.826113016, 35.497395699 -0.824751648, 35.500386484 -0.824420156, 35.500901479 -0.826524667, 35.502183244 -0.824674585, 35.50945421 -0.824328789, 35.511327265 -0.822560477, 35.511670594 -0.819382105, 35.513524576 -0.819510124, 35.512818842 -0.81758602, 35.51533278 -0.817461815, 35.516900654 -0.818817759, 35.518018383 -0.816985497, 35.52004403 -0.816626053, 35.520631504 -0.8102329539999999, 35.526822888 -0.810310551, 35.527650694 -0.80734924, 35.531068734 -0.805645355, 35.532148315 -0.803442803, 35.534112926 -0.803417413, 35.534051889 -0.801295141, 35.538236699 -0.799167445, 35.538385475 -0.797280173, 35.540910857 -0.796668207, 35.54683902 -0.788662887, 35.544862964 -0.7846515549999999, 35.534410473 -0.777671227, 35.507596403 -0.773946573, 35.497300319 -0.768583054, 35.488286 -0.766760568, 35.480370336 -0.763439994, 35.426658264 -0.721272358, 35.397307355 -0.6442921579999999, 35.587779176 -0.589134928, 35.599124333 -0.6556663579999999, 35.610633518 -0.671885534, 35.636699893 -0.689786243, 35.640220934 -0.698504311, 35.642273285 -0.701052717, 35.645706584 -0.701280982, 35.647823784 -0.695484114, 35.650177502 -0.694998082, 35.651421118 -0.68817998, 35.653046213 -0.687648234, 35.656876248 -0.6823402, 35.664311248 -0.678859122, 35.665036056 -0.677613198, 35.663857289 -0.674920859, 35.666291116 -0.669964043, 35.665680752 -0.6675882359999999, 35.668145097 -0.665557747, 35.668911867 -0.662523486, 35.673501043 -0.657911273, 35.6774913 -0.65885324, 35.678174144 -0.653479646, 35.681790553 -0.650962111, 35.68148537 -0.646220092, 35.683045613 -0.642138611, 35.686059286 -0.638997429, 35.686963387 -0.627644654, 35.685021665 -0.622928679, 35.689290399 -0.616988236, 35.688771589 -0.6147930740000001, 35.69004191 -0.614613263, 35.688920365 -0.613429323, 35.692971658 -0.606061595, 35.693280654 -0.601383168, 35.695344448 -0.5979431549999999, 35.704087916 -0.591535512, 35.705644344 -0.587083562, 35.708455835 -0.586191002, 35.711026993 -0.577521507, 35.71321286 -0.575065955, 35.713827039 -0.57135399, 35.712468978 -0.570115815, 35.712938194 -0.55954826, 35.711480949 -0.558328023, 35.711652614 -0.553640358, 35.718004217 -0.552803881, 35.724653373 -0.548571375, 35.734686235 -0.534025445, 35.741652017 -0.530461286, 35.750323006 -0.532940795, 35.766634992 -0.533717193, 35.773944106 -0.5374696839999999, 35.77886898 -0.513778895, 35.795295405 -0.474610698, 35.794727003 -0.468847324, 35.797984821 -0.457575513, 35.800697127 -0.45626692, 35.81339652 -0.458603123, 35.816795487 -0.467430169, 35.815185652 -0.474972195))",Narok,Narok,870602428,-107.26530000000002,3534.122899999999,169174260151,0.0,0.0,0.0,0.0,0.0,50.0,47.22222222222222,0.16666666666666666,1.9167454300136624,-0.16666666666666666,-1.0,-0.08695294850160601,0,0,0,0,,,0.0,0.0,0.0,0.0,,0,0,0,0,,,0.0,0.0,0.0,0.0,,0,0,0,0,,,0.0,0.0,0.0,0.0,,0,0,0,0,50.0,47.22222222222222,0.16666666666666666,1.9167454300136624,-0.16666666666666666,-1.0,-0.08695294850160601,0,0,0,0,,,,,,,,,,,,,,,,,,,,
88,24749629,2022-02-01,Kenya,Kenya_2022-02,54986000,926976,370791.0,0.4,3.0,0.25,0.35,0.3,0.1,0.0,0.25,0.35,0.3,0.1,0.0,,,,,,Turkana,"POLYGON ((35.654930399 5.428927271, 35.679962969 5.429011631, 35.728921782 5.397838524, 35.7852584 5.387038503, 35.831100534 5.35231326, 35.834018833 5.347974397, 35.832397525 5.326783599, 35.815272919 5.271785002, 35.81479606 5.262578039, 35.816024407 5.25436472, 35.827228372 5.225543716, 35.833507485 5.218014596, 35.837089552 5.210571779, 35.793574068 4.951755617, 35.795111368 4.90529933, 35.795477454 4.793250506, 35.930878973 4.63388323, 35.929860416 4.623354118, 35.921319087 4.58488708, 35.92542378 4.578409785, 35.945886239 4.574034671, 35.946069338 4.564811505, 35.944951604 4.560931331, 35.926789432 4.544475173, 35.928918072 4.53905494, 35.931096308 4.537167297, 35.928025396 4.523061256, 35.924962124 4.517185211, 35.924389894 4.505068365, 35.925843319 4.500693273, 35.928712031 4.500063897, 35.93351101 4.49002016, 35.939206465 4.483422235, 35.93772631 4.46384876, 35.934262478 4.450797873, 35.925786029 4.437320257, 35.91923604 4.422359801, 35.916703009 4.403956389, 35.91888888 4.408229443, 35.919575538 4.405910778, 35.911247864 4.391395176, 35.908062513 4.380622426, 35.902145751 4.339928279, 35.903713605 4.321433796, 35.903129934 4.311720011, 35.909485297 4.258744994, 35.907661817 4.242449982, 35.908378986 4.233346496, 35.911861864 4.22018022, 35.909668359 4.212275882, 35.906830142 4.189734355, 35.91060293 4.164201874, 35.909050307 4.155243338, 35.912567513 4.137063068, 35.917564862 4.12818415, 35.908218638 4.107993241, 35.889575791 4.076312013, 35.863646695 4.01920131, 35.84965407 3.995985608, 35.847887823 3.991489177, 35.846995157 3.982579037, 35.850024085 3.977071316, 35.849768492 3.974008135, 35.836359518 3.940985439, 35.838934466 3.913028456, 35.837824352 3.897595499, 35.84078461 3.888338487, 35.845816292 3.87896275, 35.848753668 3.876507721, 35.842531749 3.857243708, 35.842272333 3.846041368, 35.844984636 3.841444568, 35.845400438 3.832864372, 35.842455416 3.817271215, 35.841738224 3.802074512, 35.838663503 3.79103381, 35.839556151 3.779754468, 35.836733205 3.767964957, 35.835916834 3.758197062, 35.834345141 3.752789474, 35.821386322 3.72981623, 35.81641565 3.710702171, 35.821046779 3.698948891, 35.819826043 3.691419796, 35.821985197 3.679883461, 35.824884425 3.676912777, 35.820112117 3.652614748, 35.817792713 3.630800828, 35.820916994 3.60528434, 35.82394592 3.59752638, 35.835256723 3.585208569, 35.859030405 3.574631292, 35.878748969 3.553144915, 35.895541608 3.54172896, 35.897799952 3.536948596, 35.89444294 3.527451766, 35.886424265 3.512347812, 35.878951109 3.502223044, 35.878821403 3.498699518, 35.881171303 3.49484104, 35.886019883 3.493827367, 35.896003145 3.481646876, 35.906119931 3.479096721, 35.908057838 3.479672213, 35.917026384 3.485456224, 35.923854846 3.498108252, 35.9243584 3.502672148, 35.921936026 3.513342379, 35.923522977 3.518397613, 35.914195859 3.531637307, 35.914134824 3.533832478, 35.909744018 3.536934521, 35.912078668 3.543753901, 35.905097629 3.547018771, 35.905135779 3.549846413, 35.908099861 3.550615245, 35.911807829 3.555569158, 35.917716917 3.553710123, 35.923252154 3.548678723, 35.929252783 3.531136419, 35.933521488 3.495204076, 35.932872969 3.487514064, 35.936542776 3.477344468, 35.936786918 3.472737899, 35.930118671 3.452190836, 35.924999221 3.429607137, 35.92258445 3.408947548, 35.926006287 3.387005849, 35.925849863 3.36543224, 35.927680943 3.348923639, 35.929149626 3.341466304, 35.933647241 3.332364972, 35.937435311 3.328257367, 35.950664958 3.329373537, 35.958656914 3.327049625, 35.96704179 3.322784197, 35.992688518 3.301161937, 35.999005784 3.294811719, 36.022630661 3.248705968, 36.032877147 3.243613536, 36.052919979 3.236435351, 36.056799604 3.231838793, 36.072833104 3.223374215, 36.082808745 3.222255404, 36.097888554 3.217699604, 36.108463115 3.216934814, 36.112552554 3.214850257, 36.116443623 3.210587457, 36.133362153 3.204084418, 36.139000393 3.203838149, 36.142372658 3.207335447, 36.142391735 3.210552392, 36.139397138 3.214763697, 36.143803209 3.218778796, 36.147370025 3.218797865, 36.150643097 3.210087509, 36.148922616 3.189083441, 36.144497458 3.167059746, 36.140488124 3.16216925, 36.137565999 3.155610204, 36.137806324 3.147090093, 36.147121998 3.133047005, 36.148537275 3.125966579, 36.148705107 3.101868343, 36.147232598 3.09553935, 36.150257706 3.082138274, 36.147499617 3.075073825, 36.138626443 3.070306108, 36.138092368 3.062000795, 36.142742569 3.047158363, 36.142582345 3.042676002, 36.13798553 3.029914316, 36.135986574 3.011729072, 36.131309654 3.007587147, 36.123802165 2.996182426, 36.122150363 2.99058484, 36.121086034 2.983028337, 36.122726383 2.976138392, 36.130832781 2.971605485, 36.129936304 2.965486045, 36.13298431 2.964310264, 36.136650311 2.96579262, 36.164204442 2.963912354, 36.169754944 2.965652418, 36.179066812 2.963462486, 36.192819084 2.966018819, 36.202550575 2.959248306, 36.209977944 2.958417722, 36.222444631 2.952855647, 36.224619053 2.952635127, 36.226965143 2.955171443, 36.231546689 2.954785235, 36.243944709 2.948589975, 36.24999113 2.948171343, 36.256247367 2.95287684, 36.254450614 2.962478562, 36.258646863 2.955873979, 36.262755356 2.925358069, 36.267024085 2.917371016, 36.269385424 2.906315542, 36.281562178 2.887891655, 36.292060441 2.884311147, 36.29754609 2.884812256, 36.326668083 2.86894899, 36.34422368 2.861633495, 36.358002651 2.858737426, 36.378293432 2.836615028, 36.383588335 2.827616452, 36.389382967 2.807150215, 36.394914387 2.799399177, 36.400079587 2.787950585, 36.403890546 2.783611977, 36.413381697 2.765195485, 36.416689106 2.76142498, 36.418649898 2.756548786, 36.419859167 2.734797112, 36.427843482 2.715961043, 36.433809788 2.710352011, 36.445063375 2.705097711, 36.444800151 2.697966036, 36.436983667 2.68666097, 36.433485511 2.678438149, 36.433832636 2.648640308, 36.437368923 2.631222234, 36.443239857 2.621075536, 36.45236098 2.609697034, 36.45625968 2.606794536, 36.468138894 2.60676449, 36.47125175 2.604683035, 36.473849608 2.597195431, 36.488952296 2.578425634, 36.492995955 2.571537361, 36.512687822 2.558036396, 36.51555653 2.552618801, 36.517280802 2.54185704, 36.522171336 2.526084868, 36.528629746 2.516606638, 36.529182877 2.496605052, 36.526657491 2.491240146, 36.525539754 2.4788189, 36.526527777 2.47135466, 36.523250866 2.44105977, 36.531959988 2.421398612, 36.537941547 2.40323245, 36.551606071 2.395330028, 36.556801796 2.394182377, 36.575639165 2.40039883, 36.578797801 2.403098207, 36.586331985 2.403970262, 36.593015476 2.407923372, 36.602437968 2.400229551, 36.602395987 2.368655419, 36.604337702 2.357431884, 36.612547097 2.352293689, 36.7242399 2.298910381, 36.722458392 2.285410864, 36.723347231 2.278650377, 36.722294348 2.269671838, 36.718479569 2.265832919, 36.707790563 2.259840319, 36.712604806 2.251440844, 36.713573756 2.245656835, 36.710624927 2.234071893, 36.71192576 2.222177509, 36.700904867 2.213924897, 36.700763716 2.207361566, 36.70251851 2.200756276, 36.701377889 2.195646934, 36.687141142 2.192198518, 36.679973176 2.189186365, 36.664702621 2.178441306, 36.655562412 2.169360261, 36.643164386 2.163510461, 36.618120377 2.156872287, 36.613264165 2.154098531, 36.605894018 2.154818973, 36.597371803 2.146019476, 36.588529149 2.142064222, 36.584466408 2.132982459, 36.580876695 2.117275858, 36.577294617 2.111648003, 36.564377779 2.100636176, 36.565098769 2.094852168, 36.567635592 2.088519844, 36.567383808 2.072212957, 36.570462324 2.056254844, 36.568696081 2.052301971, 36.561577705 2.04669605, 36.557083898 2.045306193, 36.553311078 2.032944077, 36.549828186 2.02948588, 36.547661392 2.028940189, 36.54742869 2.025703939, 36.549885404 2.022616448, 36.546001961 2.020811778, 36.548443415 2.016530868, 36.54941618 2.009825453, 36.547535493 2.005366461, 36.542656394 2.004753543, 36.541523404 2.001958806, 36.544334888 1.990230587, 36.544247146 1.984346095, 36.538936969 1.967164292, 36.531845296 1.960121548, 36.531124301 1.956062111, 36.531395149 1.953188107, 36.53798327 1.9582506, 36.539818178 1.958199105, 36.540344615 1.954584279, 36.539203992 1.944404813, 36.540539162 1.940592356, 36.541225813 1.922280664, 36.538742389 1.91285859, 36.539387084 1.909081177, 36.537109662 1.907044188, 36.538837754 1.903349737, 36.538818676 1.893958415, 36.526794497 1.886972174, 36.524639146 1.881310824, 36.522136653 1.88081913, 36.518360022 1.877351993, 36.515334905 1.876958996, 36.511768084 1.865709723, 36.511531565 1.860982176, 36.515258596 1.84756491, 36.520336064 1.849867949, 36.522979703 1.848000698, 36.524345392 1.844929419, 36.520900643 1.831782261, 36.524044018 1.830394665, 36.523147544 1.826443462, 36.521503373 1.822581538, 36.519077175 1.821466434, 36.515594285 1.822727082, 36.517555075 1.812362382, 36.521720807 1.804549609, 36.527366677 1.805379827, 36.532543327 1.803190499, 36.533458872 1.799820269, 36.528141071 1.792835099, 36.528118181 1.790186619, 36.522788934 1.780146382, 36.517848797 1.77553899, 36.51819594 1.772149927, 36.520423768 1.768944192, 36.518730005 1.764910622, 36.512469956 1.761928389, 36.515533221 1.761227498, 36.521312605 1.756462878, 36.524135541 1.759331875, 36.527065289 1.759136983, 36.528209721 1.755893582, 36.523620542 1.749280073, 36.516582278 1.74575465, 36.520461904 1.742894472, 36.520793788 1.7381767, 36.510966921 1.732360872, 36.507396286 1.721175253, 36.505103603 1.716255202, 36.503081771 1.715032341, 36.502913918 1.706553965, 36.501746595 1.703922174, 36.487971436 1.701147349, 36.486514182 1.678621388, 36.480490647 1.670460918, 36.479063917 1.661935816, 36.471384769 1.65366473, 36.470507368 1.647463291, 36.471697576 1.641165061, 36.468817417 1.634961, 36.468500788 1.627458744, 36.465483296 1.6186515, 36.466383582 1.615742332, 36.465452775 1.612821722, 36.463068539 1.610495916, 36.45905158 1.610644439, 36.456003573 1.609330034, 36.4495299 1.615910886, 36.445310757 1.615363169, 36.441804976 1.612249577, 36.439416924 1.606697177, 36.438699744 1.600902683, 36.434675153 1.596333435, 36.433057686 1.591667635, 36.432775389 1.583234674, 36.427816177 1.577417057, 36.424886426 1.569369468, 36.421174648 1.567277052, 36.420308692 1.564193975, 36.413781608 1.558961863, 36.410439862 1.554583333, 36.405980383 1.540939597, 36.396805838 1.521026838, 36.391804666 1.51981876, 36.387699967 1.520889167, 36.386780608 1.526048689, 36.385182218 1.52911055, 36.38156581 1.531004025, 36.374928105 1.545700292, 36.371666475 1.557291546, 36.371307889 1.564313431, 36.37738102 1.581058959, 36.374451275 1.589604922, 36.370667018 1.592998276, 36.366253321 1.591401967, 36.364178081 1.588335458, 36.361698476 1.587157417, 36.361400919 1.57585093, 36.362427092 1.572652943, 36.360824885 1.569198561, 36.347831756 1.568874703, 36.344062757 1.570071819, 36.340915569 1.576647067, 36.339641432 1.572000219, 36.337379269 1.56943971, 36.327235776 1.564537423, 36.308737918 1.545815463, 36.303511673 1.542925966, 36.297133362 1.531702682, 36.298441829 1.528631642, 36.296027072 1.518868424, 36.297633092 1.515463508, 36.296366585 1.512307958, 36.296896833 1.496936313, 36.299483248 1.488372352, 36.298808032 1.484720458, 36.295386176 1.48091158, 36.289534303 1.466074545, 36.291754501 1.461486342, 36.316886252 1.468909322, 36.325309277 1.465566626, 36.34061034 1.448910848, 36.348957066 1.436105434, 36.358684746 1.4348244, 36.38210366 1.438683573, 36.388157711 1.440959077, 36.396210704 1.440028489, 36.414441513 1.419777078, 36.424558298 1.413895685, 36.428586702 1.41345727, 36.430497904 1.409437528, 36.434205865 1.406675928, 36.446146116 1.409328336, 36.449522193 1.407831675, 36.455953902 1.397390451, 36.461500587 1.397812294, 36.464701185 1.399704813, 36.468782995 1.39598545, 36.467691965 1.384415059, 36.465147506 1.374994301, 36.460420995 1.365896691, 36.445428922 1.361867657, 36.440549822 1.357090289, 36.436185715 1.349050688, 36.424287426 1.345070166, 36.423692318 1.335769441, 36.422277034 1.33191765, 36.41379297 1.327073294, 36.406750889 1.315190009, 36.393853129 1.311922774, 36.396130549 1.307451387, 36.404664202 1.30255279, 36.404751941 1.298286903, 36.407803761 1.296265528, 36.416825707 1.295533764, 36.420293338 1.29299757, 36.424028004 1.292721266, 36.429910391 1.298285703, 36.434480494 1.300342119, 36.438768302 1.298927466, 36.438001529 1.289626383, 36.439378662 1.286157101, 36.442377076 1.283954783, 36.448576084 1.273675434, 36.45152872 1.271120645, 36.455248123 1.256265254, 36.454534758 1.252088885, 36.451219717 1.250133311, 36.445863772 1.252541367, 36.43256165 1.264422393, 36.425790422 1.264768191, 36.419618116 1.270953061, 36.412534077 1.275266034, 36.409177074 1.274575755, 36.40573233 1.271463236, 36.397873891 1.273389373, 36.397229193 1.270424302, 36.39477629 1.266770502, 36.392235649 1.265701409, 36.390644886 1.261903854, 36.394047666 1.259656837, 36.398591062 1.252376887, 36.407456602 1.249620174, 36.411633784 1.254775997, 36.414655087 1.255285095, 36.418691116 1.242852777, 36.423722804 1.234840947, 36.423890653 1.231623533, 36.418717815 1.225445461, 36.412957503 1.228015746, 36.406506715 1.22560531, 36.400841771 1.222074881, 36.396382295 1.215120467, 36.399067894 1.200282719, 36.39774798 1.195337757, 36.398678783 1.190006233, 36.392357698 1.18547227, 36.391819811 1.174499782, 36.395031852 1.170978053, 36.401608526 1.171436012, 36.415063245 1.178462182, 36.418218066 1.181682694, 36.422841575 1.182184043, 36.443529105 1.172116745, 36.44451713 1.166730866, 36.442071856 1.157880118, 36.437570417 1.148855936, 36.436284835 1.139473084, 36.436551868 1.135044611, 36.440275088 1.130158293, 36.446413058 1.109963156, 36.441579734 1.100568266, 36.43960749 1.084541752, 36.440591701 1.08088211, 36.445054988 1.074468738, 36.445085505 1.070256968, 36.44302171 1.065229879, 36.443498555 1.058044934, 36.445375424 1.053436947, 36.443593922 1.046918919, 36.44503972 1.038270451, 36.455160315 1.01383005, 36.456117822 1.006075812, 36.455400642 0.9968290869999999, 36.446378693 0.983526744, 36.447164535 0.977155331, 36.444601003 0.969262942, 36.434343066 0.951974117, 36.418366778 0.93408471, 36.399117412 0.918597456, 36.393288433 0.916062517, 36.393887354 0.918476113, 36.38682239 0.925655993, 36.388523781 0.92943507, 36.387951566 0.939014778, 36.390591392 0.939839215, 36.388352119 0.943190549, 36.388973928 0.94686944, 36.38434279 0.949080221, 36.384266496 0.952604869, 36.381962371 0.9536243760000001, 36.378628256 0.9531066969999999, 36.375042367 0.954983781, 36.369884789 0.953786847, 36.365219318 0.957127156, 36.36401385 0.962042735, 36.358703681 0.963638211, 36.355705267 0.963084593, 36.353877989 0.96493587, 36.351348792 0.964572374, 36.347606498 0.972531515, 36.346648993 0.985364098, 36.342410777 0.987529703, 36.341796599 0.99220158, 36.316893737 0.989325498, 36.172947005 1.168935407, 36.096575175 1.166796645, 35.783424122 1.652561467, 35.791454232 1.661571468, 35.780845337 1.661346306, 35.774982025 1.66304382, 35.768981382 1.666529674, 35.762526782 1.672507619, 35.753775685 1.675708709, 35.74645513 1.681359931, 35.733671818 1.69631427, 35.717466649 1.707125377, 35.701471289 1.706853968, 35.693521295 1.710037535, 35.680238244 1.718134125, 35.672444655 1.720622285, 35.662850495 1.72978177, 35.659482049 1.735402595, 35.653561516 1.739519608, 35.643734651 1.740667021, 35.630409636 1.744427275, 35.62650712 1.746768462, 35.62151739 1.743887427, 35.613147769 1.743790998, 35.608673036 1.746139934, 35.600562824 1.754975913, 35.589381709 1.749464399, 35.581939079 1.749577164, 35.567976996 1.752892926, 35.534658736 1.764038037, 35.524522873 1.76427179, 35.508817434 1.761397554, 35.502061467 1.771643179, 35.49638508 1.774079607, 35.485421415 1.785870051, 35.479634399 1.788188711, 35.473511687 1.801252317, 35.470627716 1.803052698, 35.465786763 1.801598474, 35.460663518 1.805525484, 35.465588399 1.813201534, 35.462254286 1.817718935, 35.465180224 1.82567117, 35.460549091 1.84122949, 35.452992018 1.844058799, 35.447647515 1.843135963, 35.440624513 1.850463004, 35.437832096 1.8512881, 35.378882369 1.912737074, 35.365011844 1.924634802, 35.36571758 1.930812166, 35.370127467 1.939209609, 35.375655083 1.946101688, 35.370779804 1.961214684, 35.372546053 1.97699233, 35.37225995 1.987176448, 35.368899141 2.007150257, 35.362963359 2.031126649, 35.359118067 2.039117509, 35.356745282 2.052267298, 35.337179322 2.119747737, 35.321580718 2.161394905, 35.314981165 2.183968092, 35.310945142 2.206348413, 35.305291653 2.228625272, 35.294377594 2.265053674, 35.281792658 2.29183459, 35.26730796 2.313915017, 35.25738573 2.325805597, 35.241539149 2.335567049, 35.235076917 2.337526683, 35.228214137 2.345190467, 35.232601146 2.372547107, 35.21915026 2.405893509, 35.222377573 2.426584545, 35.227390196 2.435228853, 35.218181335 2.456038142, 35.215774225 2.48121774, 35.217357375 2.510389788, 35.220226096 2.52360538, 35.204650375 2.550740805, 35.199149478 2.57024129, 35.187094799 2.600111856, 35.180602055 2.611682747, 35.176512625 2.631430213, 35.161329823 2.651901225, 35.1400243 2.667549687, 35.136072191 2.668196225, 35.130960387 2.665282527, 35.128404481 2.657619938, 35.12695867 2.642216326, 35.12079016 2.618619929, 35.117864219 2.608203367, 35.109181774 2.590150919, 35.099011552 2.549059449, 35.09852707 2.54032979, 35.103688449 2.515171405, 35.103631224 2.509376188, 35.100091106 2.503146612, 35.090920379 2.499896775, 35.07801117 2.498919351, 35.074970793 2.499921101, 35.064579338 2.49891483, 35.057483852 2.500165947, 35.050582921 2.504062328, 35.033919988 2.530889267, 35.027621795 2.538117261, 35.019126287 2.541773338, 35.014720219 2.542301154, 35.008799682 2.540179892, 35.004618679 2.529408833, 35.003516203 2.519351298, 35.005835565 2.480685761, 35.005362512 2.446416047, 35.007456813 2.424851993, 35.005141237 2.415820048, 35.002322115 2.412291998, 34.965658301 2.439392388, 34.953222129 2.445987676, 34.949979576 2.46036284, 34.944905923 2.462820011, 34.930333496 2.50483767, 34.910107544 2.505306611, 34.895474096 2.572001093, 34.890118154 2.581720585, 34.880073843 2.579847021, 34.876548986 2.576776456, 34.875229065 2.563669571, 34.87106714 2.559216536, 34.863624509 2.560320324, 34.855941549 2.565736493, 34.839549459 2.584171348, 34.825533982 2.612024593, 34.796209805 2.645129759, 34.788439115 2.666703359, 34.784433603 2.673817399, 34.772798538 2.686228172, 34.772607806 2.697216893, 34.779504939 2.719815598, 34.780050463 2.736030959, 34.778391047 2.756118384, 34.771181135 2.783791403, 34.763826253 2.798985711, 34.761384802 2.809767506, 34.755006496 2.814823696, 34.742482583 2.819405955, 34.73654298 2.829398655, 34.733968011 2.8378246, 34.73001209 2.844242519, 34.704571341 2.852790301, 34.703587132 2.858551431, 34.70075657 2.86270862, 34.695938505 2.86217628, 34.687778688 2.852988421, 34.682441813 2.851768542, 34.653968309 2.852228908, 34.648539881 2.854120601, 34.642565946 2.865554418, 34.631972327 2.894272104, 34.626292125 2.898228087, 34.597631704 2.909310522, 34.592374942 2.912519126, 34.584573745 2.948839807, 34.583646764 2.963457907, 34.584890395 2.982414376, 34.583959594 2.988905244, 34.571511987 3.008942381, 34.570234042 3.018056345, 34.570127242 3.037097209, 34.57183628 3.060791128, 34.568628071 3.088324932, 34.552522087 3.101579407, 34.545701273 3.114574976, 34.54083744 3.127154777, 34.523007171 3.134266686, 34.508926828 3.138201459, 34.503956171 3.137720137, 34.485061566 3.126310173, 34.47659659 3.149776671, 34.47118724 3.157049252, 34.461020859 3.162027968, 34.456775012 3.162559361, 34.451110071 3.169018766, 34.450583636 3.175960684, 34.452159145 3.182848962, 34.45132753 3.191701405, 34.447840835 3.209154782, 34.446253904 3.231567557, 34.443610273 3.244569324, 34.442965592 3.266273818, 34.439250008 3.279802446, 34.429159941 3.307848104, 34.426737566 3.320615765, 34.422487912 3.331426654, 34.405016242 3.350832766, 34.398355643 3.356238929, 34.394151776 3.380152428, 34.394315833 3.406809889, 34.39505971 3.401790412, 34.402513791 3.406596754, 34.406435387 3.410899126, 34.409853436 3.420077935, 34.41069651 3.430858545, 34.409376603 3.438174752, 34.40461195 3.445636624, 34.384447051 3.469471467, 34.381738563 3.475148211, 34.383615437 3.479287758, 34.388750127 3.476968376, 34.397436377 3.475919893, 34.415484094 3.476486313, 34.435103512 3.492273988, 34.441870937 3.502290289, 34.447116292 3.544612906, 34.44810052 3.562898297, 34.444903766 3.598775824, 34.453647281 3.649918945, 34.45298733 3.656589332, 34.447490239 3.661746848, 34.396520999 3.678907285, 34.387430396 3.695164157, 34.371553303 3.71201584, 34.362371137 3.719136331, 34.352876155 3.720104953, 34.340588752 3.718912494, 34.322891991 3.715040204, 34.313980665 3.710565474, 34.307106424 3.698590727, 34.300682316 3.674905851, 34.296539461 3.668346799, 34.294380301 3.672933825, 34.29733295 3.685707924, 34.297680102 3.694275486, 34.29324352 3.699995383, 34.275283555 3.714190117, 34.2544854 3.73415648, 34.244402957 3.75433334, 34.236060046 3.765548325, 34.22302876 3.762681595, 34.22087722 3.756872781, 34.217581251 3.756025277, 34.215425906 3.762152834, 34.210535363 3.766020615, 34.160943227 3.749436948, 34.156018356 3.759560065, 34.16091272 3.762237752, 34.171338511 3.764107979, 34.179116848 3.768081835, 34.178941375 3.774851159, 34.176282477 3.778902028, 34.162850645 3.782901651, 34.156621111 3.7824158, 34.151940376 3.78015388, 34.147053646 3.782289934, 34.143181646 3.781600966, 34.143135875 3.789749902, 34.152375273 3.794453734, 34.160454985 3.806299507, 34.169843163 3.815088058, 34.199770103 3.816536779, 34.213556712 3.815766739, 34.21372839 3.830922683, 34.204824728 3.865374368, 34.168916216 3.8644754, 34.16389215 3.862084745, 34.158013571 3.856389649, 34.147801404 3.851589505, 34.140545695 3.851015925, 34.116592702 3.854231465, 34.106597981 3.853227101, 34.097854506 3.850832873, 34.076346776 3.841261909, 34.079600806 3.868619323, 34.102996854 3.879968977, 34.107715739 3.884422256, 34.120804289 3.932643584, 34.121628291 3.943798964, 34.091674664 3.960017957, 34.067290623 3.987778056, 34.050677265 3.991102777, 34.048808025 3.9926507, 34.047495752 4.004982104, 34.049136112 4.010102426, 34.077762221 4.019821907, 34.081840232 4.034106266, 34.081184098 4.042511722, 34.082305651 4.050739332, 34.075149136 4.061313744, 34.070060226 4.066420246, 34.065959341 4.069207129, 34.057666014 4.070643249, 34.047759042 4.079306662, 34.038908773 4.099108054, 34.038767631 4.103226151, 34.041346426 4.108289257, 34.054824053 4.12300225, 34.0447378 4.145571452, 34.040419476 4.151438445, 34.040198223 4.156051934, 34.038023804 4.161239012, 34.030436213 4.16573331, 34.027037249 4.16980373, 34.019297069 4.175432328, 34.011446257 4.179059332, 34.009241318 4.181794243, 33.974412412 4.207868407, 34.12110604 4.333418507, 34.315431055 4.518838104, 34.43827469 4.646439445, 34.597454113 4.794177826, 35.046824014 5.196791412, 35.116096646 5.260107209, 35.246466931 5.45577296, 35.538961213 5.467319666, 35.553266613 5.455112191, 35.566854839 5.446051106, 35.598841732 5.433851713, 35.632015032 5.429377875, 35.654930399 5.428927271))",Turkana,Turkana,1545298569,492.1123999999996,6291.520600000004,299582391225,0.0,7.0,0.0,0.0,7.0,70.58823529411765,47.40217164111251,1.0833333333333333,3.500517560076766,5.916666666666667,5.461538461538463,1.690226249439787,0,0,1,0,,,0.0,0.0,0.0,0.0,,0,0,0,0,,,0.0,0.0,0.0,0.0,,0,0,0,0,,,0.0,0.0,0.0,0.0,,0,0,0,0,70.58823529411765,47.40217164111251,1.0833333333333333,3.500517560076766,5.916666666666667,5.461538461538463,1.690226249439787,0,0,1,0,15.100000000000001,43.15751134068408,60.78151000251362,123.38499999999986,78.06702398037321,-108.28499999999985,-0.8776188353527574,-1.3870773404558592,1.0,0.0,0.0,0.0,-0.4495312502407137,0.0,0.0,0.0,0.0,-0.8371006840882841,0.2857190522356854,-0.4495312502407137
89,24749629,2022-02-01,Kenya,Kenya_2022-02,54986000,1453787,218068.0,0.15,2.0,0.5,0.35,0.15,0.0,0.0,0.5,0.4,0.1,0.0,0.0,,,,,,Kilifi,"MULTIPOLYGON (((39.975782888 -3.351397829, 39.97632077 -3.35078205, 39.976995986 -3.352355467, 39.975714225 -3.354744679, 39.969095591 -3.351675805, 39.96898496 -3.349106843, 39.971704888 -3.343704059, 39.970728304 -3.341226403, 39.97409675 -3.342905428, 39.975782888 -3.351397829)), ((39.980494147 -3.367910365, 39.97952901 -3.367839086, 39.98007452 -3.365812237, 39.978819458 -3.363208471, 39.982191715 -3.361133463, 39.986193411 -3.360604935, 39.980494147 -3.367910365)), ((39.96388462 -3.361857491, 39.961668242 -3.36712415, 39.957639843 -3.369226812, 39.953519887 -3.368290156, 39.948823898 -3.364242186, 39.949659331 -3.361925685, 39.959863851 -3.3643218, 39.959341225 -3.361509197, 39.962408303 -3.361732334, 39.965402897 -3.358463675, 39.96388462 -3.361857491)), ((40.18493131 -2.977250839, 40.184656646 -2.977296373, 40.182985775 -2.976791689, 40.184065356 -2.976482965, 40.18493131 -2.977250839)), ((40.161287344 -2.972174441, 40.159654621 -2.972221406, 40.158048597 -2.96653374, 40.160116198 -2.958173884, 40.162237215 -2.963119182, 40.161108044 -2.965363687, 40.162370738 -2.970011705, 40.161287344 -2.972174441)), ((40.167631262 -2.909656585, 40.164987632 -2.919961759, 40.165170738 -2.9158549, 40.16303447 -2.921754742, 40.16222193 -2.930267171, 40.165052505 -2.946771607, 40.16449555 -2.950127994, 40.163145121 -2.95082602, 40.163526593 -2.943408547, 40.160963065 -2.942949874, 40.159479112 -2.935073011, 40.162565266 -2.938633463, 40.162900965 -2.937131802, 40.159860586 -2.930079555, 40.160844797 -2.930567075, 40.161825186 -2.920408279, 40.16680727 -2.908418115, 40.166498271 -2.905352096, 40.169962081 -2.900038948, 40.170355004 -2.902724962, 40.167631262 -2.909656585)), ((40.177603132 -2.978534134, 40.17337254 -2.967205053, 40.169653134 -2.963156604, 40.170892933 -2.961138337, 40.171861886 -2.961245853, 40.171385041 -2.963589054, 40.176695212 -2.972845515, 40.177603132 -2.978534134)), ((40.17052665 -2.87802254, 40.170332101 -2.884028705, 40.169218185 -2.881343406, 40.169782769 -2.878158904, 40.167554943 -2.879282707, 40.166612693 -2.877646592, 40.16855441 -2.875311018, 40.169229622 -2.87165592, 40.170511385 -2.871111898, 40.17052665 -2.87802254)), ((40.182211265 -2.833743214, 40.179933845 -2.833474305, 40.182051041 -2.829121419, 40.182737701 -2.830703657, 40.182211265 -2.833743214)), ((40.185499588 -2.818869645, 40.183775308 -2.815307762, 40.184999849 -2.813940556, 40.185850544 -2.815414085, 40.185499588 -2.818869645)), ((40.181043929 -2.81342896, 40.179750721 -2.812860623, 40.18040686 -2.810797538, 40.181055372 -2.811728476, 40.181043929 -2.81342896)), ((40.09475361 -2.596223672, 40.180441124 -2.718373775, 40.179952839 -2.72599937, 40.182348519 -2.73004925, 40.182134895 -2.733495751, 40.178461273 -2.739767732, 40.17507757 -2.740693667, 40.17798442 -2.730659549, 40.176267771 -2.728798149, 40.178846552 -2.722246769, 40.17241103 -2.721882265, 40.171556519 -2.71927802, 40.167634932 -2.718160181, 40.165262147 -2.722658013, 40.167821864 -2.72957509, 40.166299774 -2.734813858, 40.16409865 -2.73497883, 40.161168903 -2.732521201, 40.158117085 -2.733655018, 40.165964078 -2.741082499, 40.165082868 -2.743634059, 40.166604966 -2.748652784, 40.166917776 -2.746490526, 40.168813718 -2.747148976, 40.170137446 -2.750096512, 40.171205583 -2.749814964, 40.169797929 -2.746316018, 40.172899338 -2.744594315, 40.17132766 -2.756228073, 40.175451434 -2.761868058, 40.170099307 -2.760905655, 40.173143497 -2.762928687, 40.173341866 -2.764665168, 40.172121141 -2.766909673, 40.172189805 -2.765082363, 40.170553267 -2.764658971, 40.16732216 -2.7710933, 40.16523929 -2.765731522, 40.167093269 -2.765015139, 40.167245859 -2.763649126, 40.164030003 -2.760196906, 40.162668135 -2.768691695, 40.163724828 -2.769703688, 40.160051203 -2.771254223, 40.159120401 -2.774448024, 40.161394004 -2.772745393, 40.162977136 -2.774778915, 40.164003309 -2.773773834, 40.166524875 -2.774440628, 40.167482387 -2.780680898, 40.166563025 -2.778474776, 40.165159189 -2.778467148, 40.163946094 -2.782140842, 40.162660515 -2.781762269, 40.162774957 -2.779374011, 40.160997275 -2.782198059, 40.159135665 -2.78087925, 40.158208677 -2.784453055, 40.16166105 -2.789343045, 40.155359048 -2.792542333, 40.155343792 -2.795852947, 40.159143304 -2.794392765, 40.16275971 -2.795944963, 40.164628952 -2.800936034, 40.163885073 -2.802836294, 40.16570472 -2.802644622, 40.166784296 -2.796438441, 40.168619202 -2.79667183, 40.168375058 -2.798734438, 40.170263371 -2.800396776, 40.171438325 -2.805271033, 40.172052504 -2.805975972, 40.171972391 -2.802403121, 40.175657469 -2.811806436, 40.179865167 -2.817057358, 40.181097342 -2.820918429, 40.179418841 -2.820250681, 40.180033021 -2.822185746, 40.178781777 -2.823679541, 40.179842285 -2.826192956, 40.176500546 -2.828855611, 40.177908202 -2.835321642, 40.176775219 -2.840270519, 40.174791539 -2.843022333, 40.176229712 -2.84847494, 40.169561501 -2.863903976, 40.169836162 -2.86030371, 40.172723941 -2.854394093, 40.168993097 -2.859544656, 40.168714622 -2.863931869, 40.163572319 -2.877767223, 40.163438808 -2.885464812, 40.162054044 -2.883693526, 40.159372259 -2.884112391, 40.157369502 -2.882359462, 40.159372256 -2.880421773, 40.15682017 -2.876435544, 40.158719923 -2.872118895, 40.157056682 -2.871243265, 40.157712821 -2.869207357, 40.15572151 -2.869933038, 40.155595625 -2.872339176, 40.157262682 -2.874273286, 40.156015253 -2.87611061, 40.152932914 -2.873481575, 40.151937261 -2.877227263, 40.152490406 -2.879931396, 40.154371089 -2.880734553, 40.15329151 -2.882960702, 40.155725338 -2.887200346, 40.155629971 -2.889787426, 40.153669179 -2.890639696, 40.152868079 -2.89433103, 40.150499104 -2.892804817, 40.148275089 -2.888953759, 40.146108298 -2.889145908, 40.147081067 -2.892093682, 40.143853772 -2.89604058, 40.145433088 -2.895966675, 40.146981889 -2.899266561, 40.143273932 -2.902526638, 40.147546479 -2.904973537, 40.149362313 -2.907504355, 40.149484382 -2.902221962, 40.150533443 -2.901081233, 40.156370045 -2.900215849, 40.158071435 -2.902104664, 40.157525921 -2.899482063, 40.158723758 -2.897789446, 40.160661662 -2.896756233, 40.163282413 -2.89957551, 40.16388133 -2.896490657, 40.166189266 -2.894715315, 40.167474842 -2.891331035, 40.170465624 -2.892160177, 40.166505898 -2.901960189, 40.163251899 -2.904876021, 40.163465533 -2.912944317, 40.162687317 -2.909978186, 40.15975376 -2.914612381, 40.159143394 -2.91229755, 40.156404388 -2.912236999, 40.158613139 -2.909521183, 40.156877417 -2.908898731, 40.15514551 -2.909199112, 40.151216297 -2.913372964, 40.149057135 -2.912615341, 40.150644083 -2.915716165, 40.150632641 -2.918185715, 40.148622257 -2.920485291, 40.150975972 -2.92054608, 40.150235909 -2.924047412, 40.153219059 -2.921041228, 40.152795618 -2.91991099, 40.158475814 -2.918711135, 40.16020772 -2.91714463, 40.157758642 -2.925712845, 40.158849674 -2.934494662, 40.15757554 -2.934170443, 40.157133025 -2.932244199, 40.156530292 -2.933791632, 40.15775484 -2.941080847, 40.155435457 -2.94045911, 40.154947165 -2.938976283, 40.154344433 -2.941807959, 40.152574377 -2.939874087, 40.151693166 -2.941883056, 40.149698041 -2.942717208, 40.153062688 -2.965435451, 40.15102942 -2.972700829, 40.151429975 -2.976834149, 40.157587017 -2.975136283, 40.166956101 -2.977586516, 40.168043313 -2.980082051, 40.169191557 -2.976724949, 40.172769812 -2.974206524, 40.173956207 -2.974919806, 40.168337053 -2.9826143, 40.168237873 -2.987905752, 40.16771906 -2.983329491, 40.163065037 -2.982873203, 40.158720011 -2.983972215, 40.158372869 -2.986668005, 40.155031129 -2.987639474, 40.154165178 -2.990408213, 40.151922092 -2.991134133, 40.152356979 -2.99420921, 40.156522711 -2.995109154, 40.156427344 -2.997759648, 40.153573895 -2.998757579, 40.153531934 -3.001570659, 40.151319367 -3.002450345, 40.165342472 -3.002507787, 40.165529398 -3.005338747, 40.159040469 -3.005345665, 40.152158621 -3.007939903, 40.154840413 -3.015272743, 40.157789234 -3.017548952, 40.156900393 -3.018753094, 40.157094957 -3.031687541, 40.15907101 -3.032833989, 40.159265559 -3.027216887, 40.161424719 -3.025930021, 40.162748447 -3.02743025, 40.165094532 -3.027246682, 40.168905484 -3.020295987, 40.174383494 -3.015514223, 40.176298506 -3.010826628, 40.178968848 -3.011809774, 40.18070075 -3.005892291, 40.17705001 -3.002657967, 40.182878982 -3.002344232, 40.186293199 -2.99588225, 40.193144531 -2.996055798, 40.200629112 -2.992022359, 40.21690675 -2.9959752, 40.226531418 -2.990519247, 40.226642043 -2.986512276, 40.230338553 -2.980230999, 40.238788273 -2.978186264, 40.240501106 -2.978926008, 40.240741438 -2.980562839, 40.241450991 -2.987309701, 40.240394303 -2.991751985, 40.237346303 -2.996313945, 40.233157679 -2.992447394, 40.221640888 -3.001849051, 40.213362831 -3.002039298, 40.20698835 -3.006731664, 40.197935903 -3.017351526, 40.196570217 -3.021061694, 40.197417101 -3.026849487, 40.196188747 -3.029727174, 40.182543309 -3.035223657, 40.177744328 -3.039036816, 40.171900102 -3.04669555, 40.169859204 -3.053110805, 40.17205652 -3.061321422, 40.174345386 -3.064520941, 40.174734499 -3.071349574, 40.166010117 -3.075818326, 40.159509748 -3.081089757, 40.156179458 -3.089206927, 40.159544095 -3.09698223, 40.164217219 -3.130118641, 40.16327116 -3.135320456, 40.153566388 -3.147849875, 40.142415826 -3.169688446, 40.126554016 -3.188275767, 40.122712548 -3.197804721, 40.12141935 -3.21017107, 40.130006418 -3.225556703, 40.12602763 -3.249268587, 40.132512749 -3.255285473, 40.130609185 -3.264387219, 40.12427667 -3.272905851, 40.123975305 -3.274878106, 40.126008582 -3.278919165, 40.119637923 -3.291897244, 40.117555057 -3.292369986, 40.112000753 -3.298472706, 40.088860355 -3.313803058, 40.074581665 -3.319625908, 40.071251371 -3.323510107, 40.053985721 -3.336943056, 40.041351198 -3.342691525, 40.035423045 -3.346768351, 40.027053435 -3.349436493, 40.023581995 -3.353673519, 40.023971103 -3.354704346, 40.025985303 -3.354466901, 40.025268127 -3.355607391, 40.019961781 -3.359059379, 40.018947051 -3.358689626, 40.020476774 -3.357512184, 40.019469673 -3.356563367, 40.014689763 -3.357454736, 40.013160041 -3.359989132, 40.015494683 -3.360638045, 40.015349723 -3.361723703, 40.013106638 -3.363372218, 40.012412346 -3.360378911, 40.010005224 -3.360164356, 40.007617178 -3.361677461, 39.99118315 -3.378184534, 39.976240695 -3.389416365, 39.972883695 -3.389962535, 39.969259658 -3.387677507, 39.972109284 -3.376711261, 39.982802086 -3.368776458, 39.987082263 -3.370798296, 39.992693791 -3.367997607, 39.995943975 -3.36417706, 39.99821758 -3.365223858, 39.996672595 -3.363407277, 39.992934121 -3.366360061, 39.990603294 -3.366109031, 39.99171339 -3.362652518, 39.993410964 -3.36230708, 39.992796783 -3.360091661, 39.991663796 -3.36023756, 39.989733518 -3.35755274, 39.991404388 -3.356908829, 39.993780988 -3.352655116, 39.9902218 -3.347195122, 39.990000539 -3.343251327, 39.984881109 -3.337765825, 39.983553565 -3.334040403, 39.987410294 -3.32698982, 39.991686651 -3.323204554, 39.993285041 -3.323546652, 39.997443136 -3.315102879, 39.989546558 -3.317019356, 39.990309515 -3.319551366, 39.971670537 -3.322844593, 39.967951136 -3.325932787, 39.954191254 -3.331192782, 39.950124709 -3.3339918, 39.948888726 -3.338045497, 39.956407648 -3.343121908, 39.955419625 -3.346325244, 39.947706158 -3.351362095, 39.94798082 -3.349037012, 39.945867434 -3.347799974, 39.94217092 -3.348617439, 39.938718553 -3.351795985, 39.937513091 -3.358391466, 39.938871156 -3.365409623, 39.932824743 -3.367957373, 39.936494557 -3.36981734, 39.934877095 -3.372107379, 39.937230809 -3.370748278, 39.937391031 -3.372693117, 39.939531118 -3.372111904, 39.937082036 -3.375108552, 39.937085853 -3.376872449, 39.943078859 -3.374487523, 39.94444455 -3.37674776, 39.939069542 -3.384821782, 39.936132169 -3.386941369, 39.935510364 -3.390813645, 39.938524034 -3.38966171, 39.94500151 -3.380166367, 39.94785496 -3.379593736, 39.952352584 -3.387061267, 39.960207203 -3.389332941, 39.96126008 -3.388852333, 39.961366891 -3.385442069, 39.96709287 -3.3908458, 39.967417129 -3.393839584, 39.969080371 -3.395664985, 39.968119052 -3.399302442, 39.969950147 -3.403977159, 39.967924508 -3.410003589, 39.961199073 -3.420955773, 39.961275371 -3.423705678, 39.958288407 -3.427209157, 39.95675869 -3.43506242, 39.947698621 -3.453416344, 39.942918717 -3.460214466, 39.935037415 -3.480620507, 39.926664 -3.494043674, 39.925496684 -3.498341727, 39.926664007 -3.500999848, 39.906201619 -3.559781793, 39.89937319 -3.57491307, 39.895615643 -3.580018575, 39.885529408 -3.606026461, 39.87672111 -3.61939575, 39.870495415 -3.634906315, 39.870316119 -3.633739602, 39.865814691 -3.637977344, 39.857666335 -3.637686747, 39.851402475 -3.634336566, 39.845676501 -3.634948059, 39.84119032 -3.627724646, 39.837631136 -3.626886686, 39.83499131 -3.624211402, 39.830512766 -3.623871929, 39.8302381 -3.620832612, 39.827682201 -3.620129344, 39.824126824 -3.611710849, 39.816123426 -3.606996087, 39.804324332 -3.607232826, 39.800349337 -3.605987923, 39.790720852 -3.608086061, 39.787054858 -3.61200602, 39.782107098 -3.612462792, 39.779352826 -3.606992308, 39.77861275 -3.596490224, 39.779772441 -3.595783615, 39.782488551 -3.587079037, 39.784033534 -3.586887604, 39.782240589 -3.585224789, 39.782534325 -3.583985126, 39.788618885 -3.580488081, 39.79057968 -3.582051484, 39.79141893 -3.581399468, 39.789843423 -3.575647437, 39.79152192 -3.57279645, 39.789229242 -3.573060834, 39.787672812 -3.570936245, 39.786314745 -3.562786897, 39.78333159 -3.559505848, 39.780043254 -3.558866233, 39.784079287 -3.56113338, 39.783121781 -3.563305174, 39.784151772 -3.566054363, 39.783716893 -3.571554888, 39.788821065 -3.577140992, 39.787394342 -3.579883031, 39.782664027 -3.583370063, 39.777186014 -3.584604963, 39.780497241 -3.589025548, 39.779432922 -3.591432878, 39.774092238 -3.590161752, 39.773264433 -3.590913417, 39.772314553 -3.589484946, 39.77085731 -3.590146498, 39.77203989 -3.590335545, 39.772127632 -3.5929858, 39.774607236 -3.594033074, 39.774176172 -3.599841131, 39.77703344 -3.603013948, 39.778872169 -3.611045289, 39.780859668 -3.613449756, 39.788248886 -3.615270622, 39.804545596 -3.61451465, 39.805827365 -3.619823503, 39.811278681 -3.624721594, 39.811534277 -3.631949063, 39.807189246 -3.627448139, 39.797202173 -3.630532763, 39.794177057 -3.629902207, 39.792597737 -3.625543365, 39.793219544 -3.62424005, 39.791605893 -3.622839472, 39.786597096 -3.622997534, 39.789107221 -3.627681309, 39.791747045 -3.628601517, 39.792098009 -3.632789668, 39.793822287 -3.63328577, 39.798068138 -3.642590385, 39.801947762 -3.642125508, 39.806842119 -3.645052059, 39.806014314 -3.645731252, 39.807189265 -3.646833835, 39.811351184 -3.648313559, 39.820476122 -3.648061088, 39.82310831 -3.642839008, 39.826720897 -3.63989576, 39.827773771 -3.636475483, 39.830680631 -3.639286176, 39.830753111 -3.637965221, 39.83445344 -3.636749633, 39.838626797 -3.632105186, 39.839412643 -3.634782141, 39.84355549 -3.638152349, 39.851753437 -3.637276234, 39.857204751 -3.640627131, 39.861793924 -3.641482017, 39.86823709 -3.655940286, 39.869175536 -3.668241788, 39.866451797 -3.677389783, 39.860485494 -3.680163771, 39.857071271 -3.678846395, 39.855297403 -3.680756669, 39.851532222 -3.680615542, 39.840789816 -3.676120823, 39.839462276 -3.677108263, 39.839603427 -3.681178646, 39.837467154 -3.681741503, 39.835304181 -3.685208268, 39.838878623 -3.684843041, 39.84151844 -3.678119301, 39.851726778 -3.682786381, 39.853443424 -3.681753645, 39.856109952 -3.68283644, 39.857372639 -3.679985692, 39.860615198 -3.681312366, 39.864586374 -3.679119352, 39.868614777 -3.681657318, 39.870735806 -3.697006241, 39.867073634 -3.706942138, 39.86154222 -3.714446629, 39.862522623 -3.720271372, 39.857838088 -3.72712361, 39.854832062 -3.742350956, 39.850563338 -3.749329305, 39.846889723 -3.761508751, 39.844402496 -3.765826116, 39.843357259 -3.777161636, 39.841034064 -3.779371098, 39.83711631 -3.796317999, 39.830753283 -3.811141505, 39.829437199 -3.824286455, 39.806895755 -3.873409761, 39.787345079 -3.909485858, 39.783522691 -3.923302612, 39.775179802 -3.942542416, 39.767035271 -3.952419194, 39.762617765 -3.953780205, 39.762903875 -3.954965036, 39.75876103 -3.953792844, 39.757475453 -3.95580229, 39.754980592 -3.956510092, 39.754541895 -3.958192934, 39.750921675 -3.958585339, 39.744867629 -3.956998578, 39.736955782 -3.950519682, 39.731969877 -3.954269189, 39.723218788 -3.954919067, 39.715600683 -3.952628084, 39.704579796 -3.946350399, 39.700387356 -3.942617828, 39.698598219 -3.934631545, 39.700616224 -3.924959556, 39.69907124 -3.92419192, 39.693783964 -3.924304926, 39.690648223 -3.926758983, 39.68674571 -3.926789264, 39.677018036 -3.925123836, 39.671627758 -3.92205234, 39.649853035 -3.925697208, 39.644584835 -3.927411047, 39.64162839 -3.931113349, 39.645992497 -3.937098528, 39.650554966 -3.937791542, 39.651527736 -3.940260376, 39.649170209 -3.942704659, 39.650883044 -3.944114534, 39.650448161 -3.945951381, 39.654087456 -3.946545461, 39.654228604 -3.948463361, 39.652462364 -3.948473614, 39.647426867 -3.951978526, 39.647808349 -3.956121381, 39.650654172 -3.958362783, 39.650062886 -3.961655994, 39.643791396 -3.959227455, 39.628539938 -3.965236972, 39.62282159 -3.962898307, 39.623451025 -3.960147687, 39.621528376 -3.957751803, 39.618251489 -3.960585865, 39.613597465 -3.959838497, 39.610396871 -3.961577842, 39.610290054 -3.958357343, 39.603652346 -3.955557859, 39.600421228 -3.951742563, 39.584357234 -3.968010524, 39.584048242 -3.972090682, 39.570326508 -3.977473691, 39.569876368 -3.981345968, 39.57225679 -3.984546677, 39.574492248 -3.984527127, 39.574919507 -3.988525275, 39.570933074 -3.993648422, 39.556261447 -3.986466502, 39.552164382 -3.987591023, 39.544943024 -3.99603623, 39.542669419 -3.995540129, 39.540048665 -3.991615647, 39.546808432 -3.980818897, 39.548986655 -3.968496176, 39.545732644 -3.95923471, 39.541231211 -3.959490992, 39.532678484 -3.954919031, 39.528081675 -3.948200305, 39.531507331 -3.937894179, 39.527463665 -3.932414637, 39.523362782 -3.931440315, 39.522050499 -3.92985784, 39.520471169 -3.916452086, 39.517762676 -3.913169845, 39.50037874 -3.900614707, 39.497582506 -3.895740214, 39.497605388 -3.889624865, 39.496342696 -3.887969917, 39.486668426 -3.883226312, 39.467441945 -3.861579444, 39.460270167 -3.858046176, 39.451187188 -3.855861757, 39.450641673 -3.853220562, 39.437469247 -3.840417486, 39.436118813 -3.836274631, 39.422206325 -3.82803113, 39.420005195 -3.823011453, 39.414973509 -3.822923251, 39.409979974 -3.827087092, 39.404913951 -3.822928268, 39.404685068 -3.826194063, 39.401297551 -3.828439286, 39.398657727 -3.827535766, 39.395674568 -3.821485024, 39.391424908 -3.820184337, 39.383780093 -3.811168185, 39.379934799 -3.809342309, 39.378847587 -3.807180769, 39.381174598 -3.806220743, 39.382662354 -3.800918801, 39.37946557 -3.79778079, 39.378408875 -3.794787006, 39.383501594 -3.790342812, 39.384150103 -3.78824349, 39.38857524 -3.78790687, 39.390494069 -3.78559013, 39.390673357 -3.779148653, 39.385317412 -3.77704314, 39.384638381 -3.77498101, 39.386152842 -3.771216726, 39.390845014 -3.771712348, 39.39267229 -3.770607854, 39.395464694 -3.760148439, 39.391825386 -3.7461548, 39.392531114 -3.741432162, 39.389994287 -3.739207925, 39.377222429 -3.743139813, 39.372556959 -3.741350412, 39.371362933 -3.73920699, 39.362627098 -3.735682304, 39.358743653 -3.730970638, 39.353944648 -3.710309761, 39.350183278 -3.707760113, 39.347978336 -3.704268797, 39.348081326 -3.695077177, 39.353776781 -3.692867712, 39.354631279 -3.681622066, 39.353647063 -3.677515208, 39.356252548 -3.671443959, 39.354772407 -3.662768707, 39.357385522 -3.657203812, 39.354802914 -3.651016946, 39.355966418 -3.648989858, 39.353032851 -3.642640167, 39.349458405 -3.639285215, 39.345220191 -3.638798413, 39.3441902 -3.636537222, 39.347707409 -3.623734605, 39.34642182 -3.612462737, 39.34818805 -3.601913446, 39.346475213 -3.597969891, 39.330746894 -3.591290033, 39.325844906 -3.587003666, 39.323063931 -3.581468099, 39.31957341 -3.578990446, 39.320961978 -3.56794386, 39.31879137 -3.566705153, 39.311936224 -3.569059565, 39.307224978 -3.568690293, 39.303696315 -3.571369398, 39.289440506 -3.571889593, 39.087417712 -3.571714086, 39.15683874 -3.320036768, 39.219557229 -3.072020257, 39.280757588 -3.002100127, 39.505100419 -2.752546531, 39.750928035 -2.474205084, 39.891132288 -2.312093788, 39.973909119 -2.425573675, 40.09475361 -2.596223672)), ((40.173845437 -2.791673602, 40.174776243 -2.793807251, 40.174352806 -2.798031878, 40.1727773 -2.791991385, 40.173219818 -2.796920474, 40.171957128 -2.797256376, 40.171678643 -2.788455725, 40.173845437 -2.791673602)), ((40.171476459 -2.786999598, 40.170267177 -2.788040916, 40.17085084 -2.792219294, 40.169832296 -2.792338016, 40.16889386 -2.790059421, 40.169832292 -2.787561977, 40.168050793 -2.787419179, 40.171770195 -2.785488879, 40.171476459 -2.786999598)), ((40.164766272 -2.784111905, 40.166524884 -2.786525193, 40.165418601 -2.788796637, 40.166601183 -2.791509113, 40.165052386 -2.792424081, 40.161023981 -2.786195971, 40.161603825 -2.783915945, 40.164766272 -2.784111905)), ((40.174043804 -2.790280411, 40.172376744 -2.784782747, 40.172796368 -2.783144962, 40.173212178 -2.783479194, 40.174043804 -2.790280411)), ((40.176874354 -2.77484661, 40.175695592 -2.779623603, 40.172929882 -2.779155871, 40.175153893 -2.77745324, 40.175665071 -2.775281923, 40.174013276 -2.777354783, 40.173296098 -2.776613847, 40.176420394 -2.772847892, 40.176874354 -2.77484661)), ((40.182565985 -2.761444899, 40.176737018 -2.769989278, 40.175810028 -2.769972114, 40.175390402 -2.768624935, 40.177713597 -2.765447821, 40.182565985 -2.761444899)), ((40.183878269 -2.764645611, 40.18309624 -2.764320677, 40.185045586 -2.759796146, 40.184866293 -2.762582287, 40.183878269 -2.764645611)), ((40.18890231 -2.744976453, 40.187593844 -2.745846125, 40.188150802 -2.74833284, 40.186178567 -2.750994063, 40.187464143 -2.748677323, 40.187128441 -2.745059654, 40.18890231 -2.744976453)), ((40.184648845 -2.754161402, 40.185671204 -2.754422684, 40.183378527 -2.755980847, 40.183241194 -2.754886606, 40.184648845 -2.754161402)), ((40.192503452 -2.740007072, 40.195074609 -2.74073704, 40.194628283 -2.744319427, 40.187067414 -2.757930929, 40.185362211 -2.758782959, 40.184545848 -2.757155426, 40.187960066 -2.752077813, 40.18964619 -2.744007846, 40.191576467 -2.746303366, 40.193045153 -2.744628629, 40.192362306 -2.741002139, 40.190348107 -2.742903593, 40.19093558 -2.73982756, 40.192503452 -2.740007072)), ((40.169038786 -2.742427292, 40.167890539 -2.741695653, 40.16885186 -2.739424448, 40.17086606 -2.738499706, 40.170911839 -2.741584082, 40.169038786 -2.742427292)), ((40.173219771 -2.73446341, 40.172666632 -2.73779262, 40.172365264 -2.736725556, 40.169652961 -2.73738854, 40.170022992 -2.734375921, 40.173219771 -2.73446341)), ((40.169179926 -2.732821098, 40.167379353 -2.733039948, 40.168634412 -2.73103956, 40.169023519 -2.731455324, 40.169179926 -2.732821098)), ((40.171762521 -2.724261702, 40.170614274 -2.723702186, 40.17166715 -2.722814635, 40.171823556 -2.723420401, 40.171762521 -2.724261702)), ((40.183718032 -2.743118154, 40.183534928 -2.749495265, 40.179907079 -2.749308842, 40.174604546 -2.751367401, 40.175367497 -2.746400883, 40.177908136 -2.746561083, 40.178888531 -2.744244582, 40.183718032 -2.743118154)))",Kilifi,Kilifi,539587778,-215.91660000000002,2472.0351999999984,106288366738,0.0,2.0,0.0,0.0,2.0,57.14285714285714,53.968253968253954,0.6666666666666666,0.9237212077056678,1.3333333333333335,2.0000000000000004,1.4434369615103428,0,0,1,0,,,0.0,0.0,0.0,0.0,,0,0,0,0,,,0.0,0.0,0.0,0.0,,0,0,0,0,,,0.0,0.0,0.0,0.0,,0,0,0,0,57.14285714285714,53.968253968253954,0.6666666666666666,0.9237212077056678,1.3333333333333335,2.0000000000000004,1.4434369615103428,0,0,1,0,-2.23,38.69471591850257,61.68178031427024,14.089166666666666,8.59388448511371,-16.319166666666664,-1.1582776364819305,-1.8989278590996486,1.0,0.0,0.0,0.0,-0.6880461774134393,0.0,0.0,0.0,0.0,-1.2493094830987768,0.3761318080245464,-0.6880461774134393
90,24749629,2022-02-01,Kenya,Kenya_2022-02,54986000,764885,152977.0,0.2,3.0,0.55,0.25,0.15,0.05,0.0,0.55,0.25,0.15,0.05,0.0,,,,,,Meru,"POLYGON ((38.13339443 0.459244967, 38.177779321 0.328312718, 38.197108784 0.320950502, 38.197459736 0.225727683, 38.198722427 0.223728483, 38.203937224 0.223665442, 38.222740247 0.214737582, 38.229622101 0.214330846, 38.241997229 0.203502767, 38.246071409 0.202634494, 38.247673614 0.200445307, 38.258622017 0.193588509, 38.263260782 0.188920676, 38.266121863 0.181439263, 38.271279438 0.177694191, 38.28427256 0.173804665, 38.288472627 0.165074825, 38.297712011 0.158851062, 38.304620567 0.138568671, 38.3063334 0.130046759, 38.306264734 0.118059922, 38.30861082 0.111265928, 38.311132386 0.107864439, 38.318639862 0.106019087, 38.321443721 0.096800571, 38.329298342 0.093860545, 38.329237305 0.090350421, 38.326723369 0.08742828900000001, 38.327165883 0.08512138599999999, 38.324262839 0.078806735, 38.324293357 0.074663347, 38.3293136 0.07026672, 38.338766612 0.06854797999999999, 38.340418409 0.066865313, 38.339754638 0.061292517, 38.340830405 0.05932939, 38.344496403 0.058497138, 38.34920765 0.059745647, 38.347960218 0.052788683, 38.344412478 0.044863696, 38.344919843 0.042900558, 38.354643703 0.038883889, 38.357207231 0.036278442, 38.35579195 0.029837135, 38.35620776 0.022699243, 38.362242734 0.015706119, 38.365962139 0.014186274, 38.370959493 0.006225117, 38.375075635 0.004126267, 38.377963419 -0.004287253, 38.393626884 -0.010068179, 38.3924176 -0.012194181, 38.393733697 -0.014953466, 38.400104371 -0.017260424, 38.400676587 -0.018988371, 38.398887458 -0.023647485, 38.400836807 -0.026750559, 38.403934404 -0.026813901, 38.405425981 -0.028143793, 38.404617249 -0.03089403, 38.40620801 -0.044581919, 38.409015684 -0.046952213, 38.408206952 -0.050860448, 38.410327967 -0.052868867, 38.408199322 -0.057066587, 38.411235883 -0.060178736, 38.408817316 -0.06563396000000001, 38.41306316 -0.067425284, 38.417656149 -0.06731677599999999, 38.425602324 -0.073468742, 38.41923165 -0.072862528, 38.416816898 -0.07583891, 38.405406908 -0.078833268, 38.396697778 -0.076155286, 38.393626884 -0.07632713300000001, 38.391017579 -0.084414952, 38.386676365 -0.088947344, 38.38279674 -0.08977958900000001, 38.381293719 -0.08937245100000001, 38.378913299 -0.084803778, 38.368891886 -0.08151964, 38.351134111 -0.067659741, 38.345472985 -0.064927553, 38.338644539 -0.065226012, 38.332083127 -0.07100677900000001, 38.326811108 -0.06915213100000001, 38.323572365 -0.069767263, 38.324812166 -0.066772822, 38.318872562 -0.060250074, 38.313154215 -0.056043298, 38.304750267 -0.054387663, 38.300611236 -0.052306888, 38.302861953 -0.049828127, 38.302648326 -0.045621425, 38.298646627 -0.043169745, 38.297803562 -0.039062559, 38.294480893 -0.03852878, 38.29242473 -0.036393758, 38.289826868 -0.029337361, 38.287064971 -0.02661431, 38.282883978 -0.024180745, 38.279832159 -0.024542597, 38.276139457 -0.022145228, 38.269772598 -0.021801429, 38.266388893 -0.019250276, 38.254078615 -0.01688003, 38.250179916 -0.017404718, 38.248280158 -0.023701111, 38.245880665 -0.023547309, 38.242798327 -0.019159722, 38.238716518 -0.017205655, 38.237755194 -0.012836178, 38.232280993 -0.012257188, 38.23080849 -0.010990673, 38.229412282 -0.000740971, 38.221988731 0.001357813, 38.22327431 0.006867133, 38.220027937 0.010521909, 38.212573867 0.010874697, 38.208350911 0.015144616, 38.192305969 0.011444554, 38.182921623 0.015470174, 38.180144467 0.019251558, 38.175898623 0.021938314, 38.162585059 0.023892245, 38.159960494 0.02584624, 38.158472732 0.029229566, 38.154734253 0.030839783, 38.137998836 0.0450152, 38.128973079 0.048452672, 38.124921789 0.047168046, 38.122964809 0.048497822, 38.121526639 0.046254326, 38.120378392 0.046353819, 38.117765271 0.047873557, 38.115632812 0.052658994, 38.111997332 0.05171813, 38.110200573 0.047927729, 38.107316603 0.047050208, 38.105687694 0.044218715, 38.101022225 0.046706364, 38.096276645 0.045376506, 38.094697328 0.040989081, 38.089310866 0.039179776, 38.082787601 0.025547123, 38.081238802 0.027428712, 38.074612539 0.030431976, 38.074055581 0.029536403, 38.075680675 0.028152358, 38.073342218 0.02795332, 38.074215802 0.025583238, 38.072636485 0.024380089, 38.073136221 0.023249324, 38.070961799 0.024009183, 38.070122548 0.021584812, 38.068199902 0.024190086, 38.066532845 0.022787923, 38.063351323 0.024958967, 38.061485898 0.021973735, 38.058968147 0.021566644, 38.053989866 0.023800994, 38.054695599 0.02488653, 38.051922258 0.026731911, 38.050491717 0.02249833, 38.046745608 0.025691568, 38.04493359 0.024533656, 38.045318883 0.022027896, 38.043197868 0.025745814, 38.040424526 0.027175067, 38.039924791 0.030087894, 38.038341659 0.030250708, 38.035827723 0.034429957, 38.033886002 0.03515362, 38.033714338 0.036899503, 38.034935066 0.037369913, 38.03393178 0.041178283, 38.030441261 0.043756356, 38.027019408 0.0498081, 38.024738173 0.047863169, 38.024040069 0.049645226, 38.020999693 0.04995274, 38.019420376 0.056049723, 38.017337509 0.057343263, 38.015021941 0.056239611, 38.011298721 0.060310236, 38.008609305 0.060337324, 38.00580163 0.062128366, 38.005652854 0.060056842, 38.001304011 0.059595413, 38.0002168 0.062282042, 37.99521563 0.062933247, 37.987334305 0.061494788, 37.980391415 0.062227368, 37.977938515 0.064823484, 37.978075846 0.062543922, 37.965052205 0.062136591, 37.960451586 0.050268356, 37.957640097 0.050774876, 37.95707551 0.049843149, 37.953871099 0.050729584, 37.954267836 0.054194137, 37.951151165 0.055216258, 37.949655773 0.057839514, 37.950239434 0.061620677, 37.947790348 0.062543297, 37.931699627 0.054103263, 37.910558144 0.014301831, 37.897988461 -0.005779588, 37.890576353 -0.043798358, 37.88970277 -0.059999063, 37.869415797 -0.09505021399999999, 37.864509997 -0.111232543, 37.858021065 -0.125279995, 37.832519294 -0.144527599, 37.807067116 -0.160274258, 37.798342726 -0.168966326, 37.798831017 -0.170938228, 37.788359459 -0.170168727, 37.785906559 -0.166649954, 37.778746226 -0.161774121, 37.77417994 -0.161963796, 37.770586422 -0.159313325, 37.766687721 -0.160154302, 37.756979119 -0.175874274, 37.753126197 -0.186266918, 37.749311422 -0.188509849, 37.749414421 -0.190128953, 37.747129371 -0.191684555, 37.744974023 -0.190589924, 37.742238829 -0.193348493, 37.737462731 -0.194777282, 37.73273241 -0.201452211, 37.724046167 -0.203893712, 37.72331373 -0.205566992, 37.709313505 -0.204516645, 37.697377074 -0.205962882, 37.694866952 -0.207418923, 37.688057578 -0.206622408, 37.684082583 -0.210348602, 37.677174025 -0.209099818, 37.671604453 -0.20994957, 37.667728641 -0.20863773, 37.667816382 -0.217863509, 37.660598827 -0.216515194, 37.658649477 -0.218875729, 37.65460963 -0.215058453, 37.651191591 -0.216143533, 37.64366504 -0.215292649, 37.641746208 -0.214207108, 37.639629007 -0.209973978, 37.63388777 -0.210823685, 37.632247417 -0.209285934, 37.628898044 -0.209095693, 37.627917647 -0.207395206, 37.623549729 -0.20776566, 37.621619453 -0.202890408, 37.617186684 -0.201352433, 37.613524499 -0.19625997, 37.606013207 -0.197281398, 37.602122136 -0.196539417, 37.597708441 -0.192722231, 37.594366698 -0.192758125, 37.591452209 -0.189538019, 37.589987335 -0.185594467, 37.579576814 -0.183694293, 37.577036173 -0.182084158, 37.573404507 -0.184299777, 37.570253503 -0.183738769, 37.564092641 -0.186768187, 37.550164896 -0.182425723, 37.533925397 -0.184007176, 37.525918184 -0.186918796, 37.500858925 -0.186075587, 37.309170271 -0.152805919, 37.167966349 -0.060649571, 37.161542267 -0.054111526, 37.151131744 -0.051497913, 37.146241201 -0.043992448, 37.137280293 -0.042002881, 37.133679145 -0.03449752, 37.134236102 -0.02947894, 37.126667587 -0.02810437, 37.124374907 -0.023329918, 37.118149193 -0.020210208, 37.116199842 -0.01339221, 37.111454261 -0.011927313, 37.109585021 -0.003888628, 37.107433488 -0.002622696, 37.101829582 0.006184541, 37.101169626 0.009656794999999999, 37.099296571 0.010904622, 37.098213175 0.010280693, 37.097705809 0.01270403, 37.093829997 0.015597531, 37.094009292 0.018210756, 37.088104019 0.019992009, 37.092693194 0.02618604, 37.102676462 0.029341986, 37.104221447 0.0329047, 37.109710909 0.036322833, 37.123409769 0.036540161, 37.125950409 0.034975873, 37.138615465 0.040067089, 37.15017042 0.04229185, 37.152966651 0.049209514, 37.179193234 0.051814589, 37.188680581 0.054581968, 37.198396815 0.059619135, 37.199865503 0.061780423, 37.202314589 0.059103828, 37.202375626 0.063498656, 37.203943499 0.065614745, 37.208536488 0.065397885, 37.215277197 0.070371747, 37.220057111 0.070435235, 37.233027348 0.078692014, 37.235564175 0.101842254, 37.241305412 0.103316593, 37.24814912 0.107205508, 37.252932848 0.094436933, 37.26072262 0.105542314, 37.262233271 0.109883112, 37.282035772 0.127590958, 37.28121941 0.134807408, 37.28318402 0.148915016, 37.290554167 0.15803124, 37.303150556 0.167835284, 37.30657241 0.172963166, 37.313240638 0.1745102, 37.315117507 0.178154848, 37.324375968 0.180217625, 37.333767945 0.177568762, 37.337021949 0.180526289, 37.341191498 0.180770855, 37.341180054 0.186169824, 37.337147837 0.190790665, 37.345097829 0.190845719, 37.349263564 0.192709092, 37.348855384 0.204040638, 37.35180802 0.208635076, 37.352254349 0.21209881, 37.355805905 0.216512468, 37.355699092 0.223765409, 37.358907318 0.229680285, 37.357472963 0.235232886, 37.364484521 0.236038609, 37.36382838 0.241374269, 37.366990829 0.24428671, 37.367025162 0.247985549, 37.363523198 0.253347999, 37.366395724 0.254940046, 37.36503385 0.25762583, 37.36638428 0.259299052, 37.373041064 0.260864487, 37.374116831 0.267475543, 37.388620608 0.273175056, 37.400816445 0.281967268, 37.399969566 0.292557414, 37.429118265 0.294451777, 37.470134729 0.277744114, 37.537003926 0.262485817, 37.540685184 0.268536966, 37.544416035 0.270717109, 37.547116896 0.274805504, 37.548619918 0.280910681, 37.546678198 0.286436552, 37.549615575 0.294730663, 37.550489159 0.301984408, 37.550206866 0.304173134, 37.548143073 0.305728498, 37.547578487 0.310919898, 37.555753551 0.326368939, 37.581777948 0.325965687, 37.604933637 0.35390788, 37.599470883 0.400269726, 37.585791099 0.400321609, 37.582968166 0.412920164, 37.581224817 0.438280756, 37.582445546 0.446339689, 37.580847156 0.451178202, 37.582930024 0.463162646, 37.586554061 0.467993172, 37.587255981 0.478358391, 37.827449496 0.560382907, 38.06309579 0.666627222, 38.13339443 0.459244967))",Meru,Meru,1063324214,24.002,4612.3403,209885074196,0.0,0.0,0.0,0.0,0.0,50.0,53.63636363636363,0.8333333333333334,1.44400309124885,-0.8333333333333334,-1.0,-0.5770994109248221,0,0,0,0,,,0.0,0.0,0.0,0.0,,0,0,0,0,,,0.0,0.0,0.0,0.0,,0,0,0,0,,,0.0,0.0,0.0,0.0,,0,0,0,0,50.0,53.63636363636363,0.8333333333333334,1.4440030912488497,-0.8333333333333334,-1.0,-0.5770994109248221,0,0,0,0,-2.28,40.328290955906056,61.23238396044815,12.788333333333325,8.330470772837613,-15.068333333333324,-1.178287501629089,-1.8088213432625238,1.0,0.0,0.0,0.0,-0.663479301129564,0.0,0.0,0.0,0.0,-1.2531513291097902,0.2876671022191714,-0.663479301129564
91,24749629,2022-02-01,Kenya,Kenya_2022-02,54986000,268002,80401.0,0.3,3.0,0.25,0.45,0.25,0.05,0.0,0.25,0.35,0.25,0.15,0.0,,,,,,Isiolo,"POLYGON ((39.09393215 1.897092933, 39.099146946 1.897979174, 39.103011309 1.891483075, 39.108073511 1.886895826, 39.12002138 1.881928091, 39.123477563 1.877096604, 39.129226425 1.873079244, 39.136802558 1.856341345, 39.140598256 1.853816831, 39.142276755 1.849790653, 39.143333444 1.843104673, 39.141574831 1.838255547, 39.147449579 1.831361086, 39.151733565 1.820829751, 39.159904807 1.813138922, 39.163559355 1.802372289, 39.167984491 1.798816349, 39.177731224 1.769511561, 39.178394991 1.760862258, 39.184403254 1.749588911, 39.189011499 1.744422476, 39.192654604 1.736134822, 39.196621967 1.733212185, 39.196580003 1.729231422, 39.207200325 1.711054438, 39.212270156 1.704621278, 39.21616504 1.705154691, 39.220532955 1.702810883, 39.229020826 1.702031915, 39.231962015 1.697896908, 39.234948982 1.696060054, 39.241197581 1.696149688, 39.253031007 1.690484642, 39.264708024 1.680847774, 39.274107627 1.680774105, 39.284396069 1.674819645, 39.284464733 1.67164407, 39.285849495 1.669752981, 39.299578862 1.661961309, 39.301532026 1.661047292, 39.307433481 1.661824465, 39.312640642 1.650487588, 39.313788888 1.64979981, 39.318252174 1.651545117, 39.321071291 1.649889087, 39.325454463 1.642297792, 39.332858938 1.640767635, 39.33625027 1.638478182, 39.339366938 1.632841271, 39.344753398 1.633202203, 39.347881509 1.625149729, 39.350921884 1.624868776, 39.353233635 1.620552827, 39.357544327 1.617231828, 39.360207037 1.610844085, 39.366135192 1.605333404, 39.373181074 1.592331439, 39.378880343 1.585608388, 39.385891895 1.581481605, 39.387303357 1.572787128, 39.38959985 1.571185334, 39.394700203 1.572242864, 39.399964585 1.559919737, 39.406743436 1.556896734, 39.411035057 1.558234858, 39.415971374 1.557392597, 39.419423742 1.553890656, 39.421891901 1.553383464, 39.425580784 1.547800789, 39.438814229 1.536389768, 39.4475348 1.534117121, 39.273710804 1.473865324, 39.398743711 1.150648403, 39.465788311 0.996124265, 39.460958806 0.99062438, 39.455625752 0.986879635, 39.401391113 0.968159199, 39.371605358 0.954990017, 39.362488049 0.952638766, 39.349460595 0.945266688, 39.337180837 0.935352222, 39.311347186 0.920915301, 39.285021427 0.891785535, 39.280825172 0.875193259, 39.27805946 0.871728393, 39.272539482 0.869530311, 39.248163078 0.864954101, 39.243871457 0.862231187, 39.241307928 0.859300032, 39.236348718 0.841866333, 39.225274425 0.815068985, 39.214806683 0.801661521, 39.20538419 0.794514669, 39.189293469 0.767093198, 39.183487381 0.753251075, 39.180580523 0.750193213, 39.176895449 0.738947594, 39.176372822 0.720871177, 39.173778775 0.718690855, 39.167160142 0.716691657, 39.164043471 0.711960067, 39.156734364 0.708784675, 39.154456944 0.705934874, 39.148318973 0.704758921, 39.141612598 0.690563911, 39.136653392 0.689894552, 39.132773766 0.686863808, 39.125651584 0.6872439930000001, 39.118903249 0.689605558, 39.100649556 0.687479832, 39.097902919 0.6848290339999999, 39.098108916 0.6814362819999999, 39.096361749 0.678070708, 39.090330592 0.6781341829999999, 39.086931627 0.674687197, 39.072698707 0.677564476, 39.067487726 0.681237762, 39.061143758 0.682079246, 39.057817275 0.684693989, 39.051351233 0.682975086, 39.049520142 0.6814280069999999, 39.047803492 0.674714917, 39.040662235 0.668571837, 39.034718816 0.663894423, 39.028706732 0.663659245, 39.026993899 0.662121165, 39.023423269 0.653245753, 39.025128471 0.642977027, 39.022229242 0.639855751, 39.016304898 0.639077683, 39.013596408 0.636833947, 39.012402383 0.631486994, 39.013825293 0.62647475, 39.012928821 0.62471055, 38.992477817 0.619544544, 38.980098875 0.614052766, 38.962924763 0.612749868, 38.953345866 0.615074958, 38.946479272 0.6133196990000001, 38.939624124 0.614631482, 38.934199515 0.610885844, 38.9241514 0.608216749, 38.902834442 0.605601713, 38.894529679 0.605809656, 38.891378676 0.604162987, 38.858014662 0.605754532, 38.843304893 0.600461399, 38.841935388 0.598633846, 38.838273203 0.583126637, 38.83274941 0.582312273, 38.825192342 0.577191262, 38.821610268 0.570812823, 38.816059771 0.565574222, 38.815704996 0.562461945, 38.8104902 0.557512937, 38.808411147 0.54946077, 38.803200165 0.546122195, 38.801475886 0.541182305, 38.793407638 0.537698845, 38.784069069 0.522444816, 38.77576812 0.515677135, 38.76883286 0.514184113, 38.766975065 0.509805172, 38.765342341 0.509063221, 38.756236476 0.514337405, 38.755092045 0.519521473, 38.75221952 0.521493675, 38.745417778 0.521212903, 38.738017115 0.516598486, 38.735728251 0.516580309, 38.72374986 0.522270496, 38.721491514 0.519610519, 38.723509528 0.510481988, 38.72263213 0.509360091, 38.710070079 0.510209979, 38.705278722 0.504528078, 38.701891202 0.5048807870000001, 38.696058413 0.50818271, 38.680341543 0.505766376, 38.661698741 0.506977735, 38.665784363 0.49942352, 38.675046635 0.496221306, 38.677503349 0.491308802, 38.678727889 0.475087236, 38.688673003 0.451402136, 38.707292907 0.373479241, 38.755809191 0.188428227, 38.757384693 0.175499722, 38.756476776 0.170125638, 38.753325772 0.165077234, 38.736052474 0.145770203, 38.733153246 0.136596261, 38.733504204 0.125974815, 38.730223498 0.116267087, 38.731219154 0.110386394, 38.730601161 0.103184794, 38.732512362 0.093884248, 38.728396221 0.083398466, 38.730833861 0.073772225, 38.728823475 0.065493993, 38.73144041 0.05730626, 38.730379903 0.047906176, 38.732508546 0.042396418, 38.732462769 0.036886649, 38.735278072 0.026292341, 38.738108635 0.022022049, 38.739516286 0.007302189, 38.73927977 0.004135654, 38.737639417 0.001837654, 38.741778447 -0.005843454, 38.742785548 -0.015632574, 38.749133332 -0.0205, 38.751307753 -0.028778238, 38.751151348 -0.036377927, 38.754557941 -0.040313492, 38.752761182 -0.048908373, 38.76420169 -0.054653425, 38.765243124 -0.056580493, 38.764617501 -0.058344707, 38.760482286 -0.064931092, 38.771289541 -0.073779367, 38.766383741 -0.076412092, 38.757571613 -0.076213008, 38.752204226 -0.073118814, 38.744631899 -0.073498759, 38.736544578 -0.067672288, 38.725477918 -0.064921874, 38.720354676 -0.065138979, 38.713263011 -0.058579704, 38.703771853 -0.052798487, 38.69663441 -0.043597443, 38.69233516 -0.046383967, 38.691770573 -0.056806342, 38.689897519 -0.057837716, 38.68313011 -0.057973386, 38.675080936 -0.053015485, 38.662698179 -0.049170369, 38.659615841 -0.050744565, 38.65565992 -0.056317603, 38.644211783 -0.05704131, 38.632996346 -0.044872824, 38.617653324 -0.032288189, 38.61518898 -0.032333415, 38.610554029 -0.036929341, 38.607780688 -0.037363589, 38.599525517 -0.033762804, 38.594436608 -0.028578792, 38.586490433 -0.027592632, 38.572574136 -0.021684842, 38.565436694 -0.022263836, 38.560542338 -0.019395903, 38.554457773 -0.023078043, 38.548655501 -0.035653432, 38.546610782 -0.046672732, 38.53607819 -0.046717901, 38.536974663 -0.058569527, 38.532519006 -0.060035111, 38.527388135 -0.065933728, 38.516401584 -0.062206257, 38.512819511 -0.065852174, 38.506185619 -0.06639493, 38.497762597 -0.062106574, 38.495515695 -0.06358121, 38.493909675 -0.07301719399999999, 38.490079641 -0.077965851, 38.48613135 -0.08052609500000001, 38.476121382 -0.082823902, 38.46854524 -0.08849623500000001, 38.462884115 -0.089817008, 38.459611038 -0.08881275299999999, 38.444756306 -0.075395975, 38.442726846 -0.075097397, 38.43903796 -0.07995553699999999, 38.434925633 -0.07949409, 38.417656149 -0.06731677599999999, 38.41306316 -0.067425284, 38.408817316 -0.06563396000000001, 38.411235883 -0.060178736, 38.408199322 -0.057066587, 38.410327967 -0.052868867, 38.408206952 -0.050860448, 38.409015684 -0.046952213, 38.40620801 -0.044581919, 38.404617249 -0.03089403, 38.405425981 -0.028143793, 38.403934404 -0.026813901, 38.400836807 -0.026750559, 38.398887458 -0.023647485, 38.400676587 -0.018988371, 38.400104371 -0.017260424, 38.393733697 -0.014953466, 38.3924176 -0.012194181, 38.393626884 -0.010068179, 38.377963419 -0.004287253, 38.375075635 0.004126267, 38.370959493 0.006225117, 38.365962139 0.014186274, 38.362242734 0.015706119, 38.35620776 0.022699243, 38.35579195 0.029837135, 38.357207231 0.036278442, 38.354643703 0.038883889, 38.344919843 0.042900558, 38.344412478 0.044863696, 38.347960218 0.052788683, 38.34920765 0.059745647, 38.344496403 0.058497138, 38.340830405 0.05932939, 38.339754638 0.061292517, 38.340418409 0.066865313, 38.338766612 0.06854797999999999, 38.3293136 0.07026672, 38.324293357 0.074663347, 38.324262839 0.078806735, 38.327165883 0.08512138599999999, 38.326723369 0.08742828900000001, 38.329237305 0.090350421, 38.329298342 0.093860545, 38.321443721 0.096800571, 38.318639862 0.106019087, 38.311132386 0.107864439, 38.30861082 0.111265928, 38.306264734 0.118059922, 38.3063334 0.130046759, 38.304620567 0.138568671, 38.297712011 0.158851062, 38.288472627 0.165074825, 38.28427256 0.173804665, 38.271279438 0.177694191, 38.266121863 0.181439263, 38.263260782 0.188920676, 38.258622017 0.193588509, 38.247673614 0.200445307, 38.246071409 0.202634494, 38.241997229 0.203502767, 38.229622101 0.214330846, 38.222740247 0.214737582, 38.203937224 0.223665442, 38.198722427 0.223728483, 38.197459736 0.225727683, 38.197108784 0.320950502, 38.177779321 0.328312718, 38.06309579 0.666627222, 37.827449496 0.560382907, 37.587255981 0.478358391, 37.586554061 0.467993172, 37.582930024 0.463162646, 37.580847156 0.451178202, 37.582445546 0.446339689, 37.581224817 0.438280756, 37.582968166 0.412920164, 37.585791099 0.400321609, 37.599470883 0.400269726, 37.604933637 0.35390788, 37.581777948 0.325965687, 37.555753551 0.326368939, 37.547578487 0.310919898, 37.548143073 0.305728498, 37.550206866 0.304173134, 37.550489159 0.301984408, 37.549615575 0.294730663, 37.546678198 0.286436552, 37.548619918 0.280910681, 37.547116896 0.274805504, 37.544416035 0.270717109, 37.540685184 0.268536966, 37.537003926 0.262485817, 37.470134729 0.277744114, 37.429118265 0.294451777, 37.399969566 0.292557414, 37.400816445 0.281967268, 37.388620608 0.273175056, 37.374116831 0.267475543, 37.374559345 0.271219693, 37.378965411 0.27324607, 37.379407925 0.27504585, 37.38136109 0.273680519, 37.386976439 0.275797516, 37.387674544 0.27858307, 37.38951708 0.279822319, 37.387170993 0.282254747, 37.388891457 0.286125723, 37.39514006 0.290630419, 37.39573135 0.293813888, 37.393671372 0.295097807, 37.393370005 0.297874212, 37.397043634 0.300397946, 37.394266478 0.305055068, 37.396067052 0.309676728, 37.392526942 0.325511765, 37.39384304 0.334067398, 37.392706237 0.335342377, 37.392862644 0.352570728, 37.391638101 0.354903804, 37.38402381 0.357344278, 37.383279929 0.361449987, 37.381025397 0.361078773, 37.379308748 0.364207589, 37.378313092 0.368032884, 37.379049344 0.375286063, 37.377332696 0.379879921, 37.370908614 0.383071109, 37.371461757 0.389094307, 37.366040963 0.405426017, 37.362840366 0.407252201, 37.356671874 0.408128133, 37.354184641 0.411934982, 37.352765547 0.432816267, 37.34975569 0.439896729, 37.348855404 0.44797241, 37.351434193 0.453932702, 37.350037985 0.458137644, 37.358487714 0.466125117, 37.358213051 0.4713251, 37.361249613 0.475531115, 37.360154772 0.479030729, 37.36301204 0.48533482, 37.359746593 0.493491348, 37.361802757 0.495915551, 37.364835506 0.508703962, 36.863795237 0.563163414, 36.86556148 0.571906758, 36.868422562 0.57541573, 36.869093964 0.584881955, 36.867148429 0.589510203, 36.868796413 0.595848595, 36.872107639 0.596826322, 36.876017785 0.603138549, 36.878791127 0.602913621, 36.880683256 0.604424226, 36.881198252 0.61110579, 36.883407007 0.608936791, 36.884757438 0.6109173369999999, 36.885322025 0.609425803, 36.888110626 0.609906054, 36.88854551 0.607103514, 36.891612592 0.620955775, 36.894900929 0.620830497, 36.89882252 0.629303677, 36.906783957 0.629279836, 36.910072295 0.631559571, 36.910324071 0.6384490779999999, 36.909038492 0.64288786, 36.91247942 0.645059183, 36.913467448 0.648685149, 36.912654902 0.655077001, 36.914184627 0.656813548, 36.914279997 0.659878624, 36.920143307 0.659230122, 36.923301942 0.66019885, 36.925056741 0.670416326, 36.927353237 0.674965127, 36.926330878 0.6848288219999999, 36.927151058 0.704168696, 36.917472976 0.728593948, 36.921119904 0.737094485, 36.923088328 0.738749977, 36.928127647 0.739276774, 36.932213273 0.741331104, 36.935097246 0.7529868320000001, 36.944763886 0.7446280790000001, 36.965195825 0.740153057, 36.970265663 0.741999862, 36.973061894 0.745066308, 36.975346945 0.745754501, 36.980618965 0.743632167, 36.991456743 0.7466480720000001, 36.996618136 0.74948053, 37.006631922 0.748553818, 37.018030473 0.754038447, 37.042902813 0.761952523, 37.057929217 0.769419129, 37.062850276 0.764466301, 37.068332109 0.762976853, 37.070079277 0.7642254590000001, 37.071540336 0.768168493, 37.071010084 0.7766046049999999, 37.091514505 0.779769744, 37.099727718 0.784439353, 37.106006839 0.784776803, 37.108200334 0.782155503, 37.10902051 0.778665543, 37.111461967 0.777219841, 37.116047328 0.779853298, 37.124474166 0.774576309, 37.127873129 0.76349172, 37.132263936 0.761811792, 37.13558279 0.75699354, 37.151196667 0.758438107, 37.152695872 0.750246174, 37.161191378 0.749797628, 37.162888953 0.748224919, 37.163220837 0.743459593, 37.165456295 0.740865291, 37.169892879 0.73980913, 37.175550192 0.743157302, 37.179269598 0.740997659, 37.187467551 0.740946819, 37.1902943 0.74256661, 37.203554461 0.744235986, 37.207857527 0.739047145, 37.219702405 0.737288545, 37.226763555 0.741876204, 37.231337472 0.747611331, 37.234934806 0.748209589, 37.238825878 0.753709357, 37.24321287 0.754895801, 37.246993314 0.760214626, 37.252272964 0.762242434, 37.258201125 0.761440046, 37.265281347 0.754922795, 37.26632278 0.751785246, 37.270087963 0.749969074, 37.273914182 0.742862684, 37.279067943 0.737972317, 37.288784176 0.734105568, 37.292011475 0.728029771, 37.299766912 0.7195139149999999, 37.304691785 0.706800834, 37.305210593 0.701519676, 37.310074431 0.696737541, 37.314575864 0.682342091, 37.320568875 0.675805828, 37.327462173 0.664739061, 37.326889956 0.6594393670000001, 37.331162502 0.647801877, 37.343144711 0.642370705, 37.344113664 0.640092043, 37.343419374 0.635307824, 37.353501823 0.617413832, 37.352265835 0.611110068, 37.353642968 0.608379345, 37.354383033 0.598223675, 37.357926959 0.596054258, 37.362951019 0.597032462, 37.36384749 0.5876183270000001, 37.368947844 0.585024324, 37.372320106 0.585504634, 37.384184057 0.580307987, 37.389925293 0.57479296, 37.395876343 0.575210691, 37.401789245 0.577301435, 37.42412857 0.578085521, 37.429331925 0.581189037, 37.435958189 0.577021671, 37.438804011 0.577890688, 37.439738632 0.579754002, 37.447974732 0.577920368, 37.456176499 0.582933029, 37.461791849 0.582943578, 37.465793549 0.588669584, 37.470848127 0.5912485669999999, 37.47273644 0.588246428, 37.476909804 0.586095129, 37.490860438 0.587672603, 37.49191713 0.584019043, 37.490761252 0.576747208, 37.495884495 0.573121898, 37.503155457 0.574326698, 37.506993121 0.571795334, 37.509682537 0.567698951, 37.516736056 0.566606435, 37.523625541 0.569023068, 37.533715621 0.564403998, 37.539060122 0.5713695519999999, 37.544629695 0.576037848, 37.547612849 0.5759210930000001, 37.551393291 0.571770653, 37.555463656 0.570677303, 37.564413119 0.571357926, 37.568025711 0.569396153, 37.576521216 0.573142746, 37.581392684 0.570656678, 37.583860844 0.571923581, 37.582960559 0.5848298790000001, 37.584169843 0.587480262, 37.593519857 0.58730176, 37.598170068 0.589600268, 37.608725552 0.590407897, 37.612460217 0.594207593, 37.621814047 0.597710305, 37.628299165 0.598227507, 37.632365715 0.594710132, 37.634490545 0.595633206, 37.638579985 0.606695977, 37.642947904 0.6116445700000001, 37.64157077 0.613778763, 37.638305323 0.614872352, 37.639743494 0.619422225, 37.645541952 0.621431676, 37.64950932 0.628523819, 37.652381846 0.630134551, 37.658344339 0.629548211, 37.666610958 0.631739201, 37.672123309 0.637321335, 37.677746287 0.637838358, 37.683205232 0.643076783, 37.682694052 0.646359932, 37.684189445 0.650276801, 37.692353066 0.6620825970000001, 37.699696508 0.662654391, 37.710118475 0.666890235, 37.714204097 0.6589588119999999, 37.715924561 0.6577472170000001, 37.725785754 0.654113681, 37.729055016 0.654458224, 37.731473585 0.660681886, 37.736348868 0.6610268459999999, 37.744222565 0.670752386, 37.749273328 0.6741456139999999, 37.752084817 0.674263919, 37.758676748 0.670747079, 37.778532653 0.675111894, 37.785357286 0.674245318, 37.791548665 0.671017714, 37.806525473 0.6749832730000001, 37.813407327 0.674342758, 37.824943207 0.677683359, 37.830676814 0.6769339559999999, 37.833949891 0.6779659179999999, 37.838771768 0.681133026, 37.846302135 0.690117031, 37.843097725 0.69737069, 37.84609614 0.707746638, 37.851898414 0.713446719, 37.863728033 0.721554493, 37.875439393 0.727138592, 37.877220894 0.731345233, 37.875618689 0.733940905, 37.878899397 0.741829474, 37.881424778 0.741658245, 37.884690225 0.738538337, 37.891511042 0.7362876860000001, 37.89408983 0.733637958, 37.897290424 0.725859526, 37.9021123 0.726548196, 37.904748309 0.724938715, 37.904111241 0.720786607, 37.905084008 0.7185977609999999, 37.909787626 0.718770777, 37.911962047 0.716925998, 37.912816556 0.711851531, 37.914704869 0.709491098, 37.916829699 0.710242348, 37.920797066 0.7159963660000001, 37.928254951 0.717780173, 37.930208116 0.7193907859999999, 37.932451205 0.7240589039999999, 37.946073769 0.741330555, 37.956114257 0.742943073, 37.962149233 0.750479708, 37.967367845 0.750888022, 37.974142886 0.754453731, 37.974032258 0.758135361, 37.985125626 0.771037427, 37.991843446 0.776050506, 37.996260955 0.776558112, 38.002643075 0.785714121, 38.006026781 0.786411492, 38.010394699 0.791306386, 38.01023448 0.799601543, 38.012759862 0.801610339, 38.017120149 0.801321937, 38.017627513 0.794293326, 38.024970955 0.795036826, 38.033622863 0.789104722, 38.044060086 0.786447602, 38.052189369 0.776652566, 38.062115414 0.776582416, 38.074681283 0.780900267, 38.081574581 0.781037463, 38.07338426 0.785703438, 38.050384986 0.803139055, 38.039875326 0.996495764, 38.037540687 1.007811657, 38.033249085 1.083245146, 37.950804202 1.192047282, 37.947569295 1.264176954, 38.222179751 1.479037528, 38.342913591 1.575098349, 38.38692091 1.760497877, 38.962501847 2.09369155, 38.961681672 2.096867246, 38.982880358 2.072403819, 38.988076075 2.063754749, 38.987171967 2.051242449, 38.989178535 2.046130725, 38.994713768 2.038123898, 38.994656543 2.032360874, 38.991993827 2.023404037, 38.997658755 2.002722084, 39.001027198 1.998895085, 39.007367352 1.998560372, 39.01607266 1.985622646, 39.023080398 1.982537539, 39.025731664 1.979090427, 39.031537748 1.975308603, 39.035009188 1.966442235, 39.040372755 1.958281524, 39.045495994 1.953052031, 39.05087482 1.941715744, 39.060125643 1.936278009, 39.065336618 1.92263463, 39.073389602 1.916038879, 39.080820777 1.907136035, 39.086504789 1.90462058, 39.09393215 1.897092933))",Isiolo,Isiolo,1067826087,78.7594,4683.0912,208766927248,0.0,2.0,0.0,0.0,2.0,53.33333333333333,48.29814723184342,3.6666666666666665,3.729047747273998,-1.6666666666666665,-0.45454545454545453,-0.44694162682283445,0,0,0,0,,,0.0,0.0,0.0,0.0,,0,0,0,0,,,0.0,0.0,0.0,0.0,,0,0,0,0,,,0.0,0.0,0.0,0.0,,0,0,0,0,53.33333333333333,48.29814723184342,3.6666666666666665,3.729047747273997,-1.6666666666666665,-0.45454545454545453,-0.44694162682283456,0,0,0,0,-0.97,44.222992489890245,66.72007295009362,22.817499999999992,13.706029926298093,-23.78749999999999,-1.0425112304152515,-1.7355499825925766,1.0,0.0,0.0,0.0,-0.5946491857970779,0.0,0.0,0.0,0.0,-1.1084868421052632,1.5280836651691818,-0.5946491857970779
